"RegionID","RegionName","RegionType","StateName","SizeRank","MSA","MSARegionID","2010-11","2010-12","2011-1","2011-2","2011-3","2011-4","2011-5","2011-6","2011-7","2011-8","2011-9","2011-10","2011-11","2011-12","2012-1","2012-2","2012-3","2012-4","2012-5","2012-6","2012-7","2012-8","2012-9","2012-10","2012-11","2012-12","2013-1","2013-2","2013-3","2013-4","2013-5","2013-6","2013-7","2013-8","2013-9","2013-10","2013-11","2013-12","2014-1","2014-2","2014-3","2014-4","2014-5","2014-6","2014-7","2014-8","2014-9","2014-10","2014-11","2014-12","2015-1","2015-2","2015-3","2015-4","2015-5","2015-6","2015-7","2015-8","2015-9","2015-10","2015-11","2015-12","2016-1","2016-2","2016-3","2016-4","2016-5","2016-6","2016-7","2016-8","2016-9","2016-10","2016-11","2016-12","2017-1","2017-2","2017-3","2017-4","2017-5","2017-6","2017-7","2017-8","2017-9","2017-10","2017-11","2017-12","2018-1","2018-2","2018-3","2018-4","2018-5","2018-6","2018-7","2018-8","2018-9","2018-10","2018-11","2018-12","2019-1","2019-2","2019-3","2019-4","2019-5","2019-6","2019-7","2019-8"
274772,"Northeast Dallas","Neighborhood","TX",1,"Dallas-Fort Worth-Arlington",394514,2.58,2.9,2.9,1.61,0.97,1.29,1.94,3.87,5.81,5.16,2.9,1.61,1.94,2.9,5.16,6.45,7.42,8.06,7.42,6.45,6.45,6.77,7.1,7.74,5.16,5.16,4.19,5.48,5.16,4.52,5.16,5.81,5.81,5.81,6.77,7.42,7.74,7.74,7.74,6.45,8.39,9.03,8.39,7.1,5.81,6.45,5.81,5.81,6.77,6.77,7.42,7.42,7.42,5.81,6.45,6.13,5.81,6.13,6.13,6.13,6.13,6.45,6.13,5.81,5.81,5.48,4.84,3.87,3.23,3.55,4.19,3.55,3.87,3.87,5.16,4.84,4.84,4.84,4.52,4.52,4.52,5.81,5.81,5.81,4.52,4.52,4.52,4.84,4.84,4.19,4.19,4.19,4.19,4.19,4.19,5.16,4.52,5.16,4.52,3.87,3.55,4.19,3.55,3.23,2.58,2.26
112345,"Maryvale","Neighborhood","AZ",2,"Phoenix-Mesa-Scottsdale",394976,9.67,9.67,9.67,10,10,10,10,10,10,10,10,10,10,10,10,10,10,9.67,9.67,10,9.33,9,9.33,9.67,9.33,9,8.33,8.67,9.33,9.67,9.33,9.33,9.67,8.67,7.33,7,8.33,9.33,9.67,10,10,9.67,9.33,8.33,8,8.67,9.33,10,10,9.67,10,10,10,10,9.67,10,10,10,10,9.67,9.67,9.67,9.67,9.33,10,10,10,10,9.67,9.67,8,7,7,8.33,9.33,9,7.33,6.67,5.67,6.33,7.33,8.33,8.67,8.33,7,7.67,7.33,7.33,7,7.33,8,7.67,8,8,8.67,9.33,9.33,9,9.33,9.33,9.67,9.33,9,8.67,7.67,8
192689,"Paradise","Neighborhood","NV",3,"Las Vegas-Henderson-Paradise",394775,3.47,4.9,5.51,5.31,4.29,4.29,5.31,7.14,7.55,6.94,7.14,6.12,4.9,4.69,5.51,5.71,6.33,6.94,7.14,6.53,6.12,5.92,5.92,6.73,7.55,6.12,4.69,4.69,5.51,7.35,6.73,6.53,5.31,5.31,5.71,5.51,5.1,5.1,7.35,8.16,7.76,6.53,5.92,5.31,4.9,5.1,5.92,6.33,7.76,8.37,9.39,9.39,9.39,8.78,7.96,6.94,6.94,7.14,6.94,6.73,5.71,7.14,8.57,9.18,9.59,9.18,6.94,6.53,5.92,5.92,7.14,7.14,6.94,6.33,6.53,6.12,6.53,6.73,5.92,6.73,6.73,7.35,6.94,6.53,6.73,7.55,8.16,7.96,7.35,6.12,5.51,5.92,5.92,6.73,7.55,7.35,7.76,7.96,8.57,8.98,9.39,8.98,7.76,6.73,5.92,5.51
270958,"Upper West Side","Neighborhood","NY",4,"New York-Newark-Jersey City",394913,2.65,3.89,4.69,5.93,6.55,7.26,7.7,7.52,7.26,5.4,5.31,6.02,5.58,3.27,1.5,0.53,0.71,1.42,1.68,1.5,1.59,2.12,2.74,3.45,4.25,4.87,6.73,7.52,8.14,7.08,6.64,5.75,5.4,5.04,4.34,4.07,5.31,6.64,7.43,7.88,8.32,8.14,7.96,7.43,6.9,6.28,5.93,5.84,6.28,6.46,6.28,5.4,4.87,5.22,5.49,5.4,4.69,5.22,5.04,5.49,6.02,6.02,5.58,5.04,5.31,5.58,5.58,4.25,3.1,1.95,2.83,3.1,4.07,4.25,5.4,6.02,6.46,5.75,4.96,4.6,4.07,3.72,3.01,3.1,3.54,4.6,5.31,5.84,6.19,6.28,6.28,6.11,6.46,6.11,5.04,3.89,3.36,2.74,2.39,3.01,3.54,4.69,4.87,4.16,2.65,2.57
118208,"South Los Angeles","Neighborhood","CA",5,"Los Angeles-Long Beach-Anaheim",753899,2.67,2.91,4.42,5.58,6.05,5.35,4.19,3.6,2.67,2.09,1.16,1.28,2.67,3.6,3.72,4.07,4.42,4.42,4.07,2.56,1.51,0.93,0.81,0.7,0.81,1.05,1.4,1.28,1.28,0.81,0.58,0.47,0.35,0.35,0.47,0.47,0.47,0.35,0.47,0.47,0.47,0.58,0.35,0.47,0.23,0.47,0.47,0.58,0.93,1.05,1.05,1.05,1.28,1.28,0.93,0.7,0.35,0.81,0.81,0.81,0.7,0.81,1.16,0.93,0.93,0.58,0.81,0.93,1.51,1.63,1.86,1.63,2.33,2.21,2.67,2.79,3.6,3.84,3.26,2.33,1.86,1.86,1.63,1.63,1.16,1.28,1.16,1.63,1.74,1.51,1.16,1.4,1.74,1.86,1.74,1.86,1.51,1.51,1.16,2.56,3.72,3.84,2.21,1.51,1.4,1.4
270957,"Upper East Side","Neighborhood","NY",6,"New York-Newark-Jersey City",394913,3.89,3.1,3.63,4.96,6.64,7.43,7.08,6.46,4.87,4.42,4.16,3.63,4.25,3.45,2.92,1.86,1.5,1.77,1.95,2.12,1.77,1.68,2.39,3.27,3.45,4.25,4.42,3.89,3.72,3.89,4.6,4.78,4.78,4.25,3.27,3.1,3.89,5.58,6.46,6.99,6.64,5.84,5.4,4.69,3.89,4.16,4.87,4.96,5.04,4.42,4.69,4.6,5.58,5.31,3.98,3.27,3.19,3.27,3.1,2.57,3.01,4.51,4.69,5.13,5.22,5.4,4.16,3.45,2.74,2.12,2.48,2.39,3.36,3.45,3.63,3.81,4.07,4.96,6.11,6.64,4.96,3.19,2.39,2.21,2.21,2.12,2.92,3.89,3.81,3.81,5.22,5.13,5.58,4.34,2.83,1.68,1.5,1.24,1.06,1.5,2.57,3.36,2.92,1.86,1.24,0.97
192820,"Sunrise Manor","Neighborhood","NV",7,"Las Vegas-Henderson-Paradise",394775,6.33,6.94,6.53,6.33,6.33,6.33,4.69,4.9,4.9,5.71,6.73,7.35,6.94,6.53,6.94,8.16,7.55,7.96,7.96,8.37,7.35,6.94,6.12,5.31,5.1,5.1,5.51,5.92,6.12,5.92,4.49,1.43,1.43,1.22,2.86,2.86,2.86,2.65,3.06,3.88,5.31,4.69,3.67,2.24,1.84,1.22,1.84,2.65,3.47,3.67,5.71,5.92,7.55,7.55,6.94,6.73,5.31,5.51,5.92,4.9,5.31,6.33,6.53,5.92,4.69,4.08,3.88,5.1,6.12,6.53,6.12,5.31,4.9,4.9,4.29,4.08,4.49,4.49,4.49,3.88,4.49,4.49,4.69,5.1,5.71,6.33,6.73,7.55,7.14,6.33,5.92,7.55,8.16,8.98,9.18,8.98,7.35,6.33,7.35,8.57,9.18,8.78,6.73,5.1,4.69,4.49
192796,"Spring Valley","Neighborhood","NV",8,"Las Vegas-Henderson-Paradise",394775,6.73,6.33,6.33,6.12,6.73,6.53,6.53,6.94,5.92,5.1,3.47,4.9,4.69,6.33,6.12,7.14,7.96,8.16,7.55,4.69,3.67,3.67,4.08,3.67,5.51,6.53,7.14,6.53,5.31,4.9,4.69,6.12,6.33,6.12,6.53,5.1,4.08,3.47,2.86,3.27,3.27,4.29,3.88,3.27,3.47,5.92,6.12,6.53,6.73,6.53,7.14,7.96,7.76,6.94,5.92,5.71,5.51,5.92,6.33,6.53,6.12,5.51,6.73,6.33,5.92,5.1,5.1,4.08,3.47,3.06,2.86,4.29,4.69,5.71,6.33,7.35,7.76,7.76,6.94,6.33,5.71,5.51,5.1,5.31,5.31,5.92,6.33,7.14,7.96,7.76,6.53,5.1,4.9,4.9,5.31,6.53,7.14,7.35,6.94,7.55,7.55,6.33,4.49,4.08,3.67,3.27
268496,"Southeast Los Angeles","Neighborhood","CA",9,"Los Angeles-Long Beach-Anaheim",753899,6.16,5.58,3.14,2.33,1.28,3.02,4.42,5,3.6,2.91,2.09,4.07,4.07,4.53,3.37,3.49,1.98,1.74,2.09,3.26,2.09,1.28,1.28,1.4,1.16,0.7,0.47,0.58,0.47,0.47,0.23,0.23,0.23,0.12,0.23,0.23,0.35,0.58,0.58,0.58,0.58,0.47,0.47,0.58,0.81,0.58,0.81,0.93,1.4,1.4,1.28,0.81,0.7,0.47,0.23,0.35,0.23,0.47,0.35,0.35,0.35,0.58,0.93,1.4,1.16,0.7,0.23,0.47,0.7,1.05,1.98,1.86,1.74,1.05,0.81,0.7,0.93,1.4,1.98,2.09,2.33,1.63,1.4,0.93,0.93,0.81,0.93,1.28,1.28,1.16,0.93,0.93,1.4,1.63,2.33,2.91,2.21,1.98,1.98,3.26,2.79,2.44,1.63,1.63,1.86,2.33
194430,"East New York","Neighborhood","NY",10,"New York-Newark-Jersey City",394913,4.16,2.21,3.81,4.69,6.37,6.11,5.66,3.01,2.57,2.83,3.72,3.72,3.1,2.74,2.65,2.65,3.36,3.45,4.16,4.78,4.6,3.1,2.12,2.21,3.19,3.45,3.01,2.65,3.1,3.98,5.13,5.4,4.69,4.96,5.66,7.96,8.32,7.79,7.08,5.13,4.25,2.48,1.86,1.59,1.68,1.68,2.3,2.74,3.19,2.57,2.57,2.74,2.74,3.81,5.75,6.46,4.51,2.21,0.88,0.88,2.48,5.13,6.73,7.43,7.79,7.52,6.99,6.37,6.46,6.19,5.93,5.22,3.81,3.89,5.66,6.55,6.81,6.55,6.64,5.13,2.57,1.86,0.53,1.06,1.5,3.81,3.19,4.07,4.25,4.16,2.57,1.77,1.95,1.86,2.48,2.83,3.27,3.01,3.63,4.25,4.34,3.98,3.98,4.96,4.51,3.72
112547,"Paradise Valley","Neighborhood","AZ",11,"Phoenix-Mesa-Scottsdale",394976,6,5,4.33,4.33,4.33,4.33,3.67,4.33,4.67,5.67,6.67,7.33,7,7,6.67,6.67,6.67,7,6.33,6.67,7.33,7.67,7.33,8,6.33,7,5.67,6,6.33,7.67,7.67,7.33,7,7,6.33,6,6,6.67,6.67,7.67,7,6.33,6.67,6.33,6,4.33,4.67,4.67,4.33,4.67,6,5.67,5.67,5.33,5,5,5,5.67,6,5.67,5.67,4.67,5,5.33,6.33,5.67,4.67,4.33,4.67,5,5,5.67,5.33,5.33,5.33,4.67,5.67,6,6,5.67,5.33,4,4,3.67,4,4,4.33,5,6,6,6,5.67,5.67,5.33,4.67,4.67,4.67,5,5,5.33,5.67,5.33,5,4.33,4,4.33
198687,"Washington Heights","Neighborhood","NY",12,"New York-Newark-Jersey City",394913,1.77,1.68,1.77,2.04,2.74,3.45,3.72,2.92,2.3,2.3,2.65,2.92,3.27,3.63,4.07,4.16,4.07,3.36,3.19,2.39,1.86,2.3,3.45,3.89,4.07,3.63,3.1,2.48,2.65,2.57,2.12,2.21,1.86,0.53,0.53,1.15,2.57,4.87,5.49,6.02,6.46,7.35,7.88,7.96,7.26,5.49,4.42,3.72,4.87,5.13,3.89,2.92,2.92,4.07,4.96,6.37,5.22,5.84,5.13,5.75,5.93,7.7,8.05,8.14,7.43,6.64,5.04,4.34,3.45,2.57,3.01,2.65,2.92,1.95,3.01,4.87,7.26,6.99,5.84,3.72,2.83,2.74,2.21,1.42,0.71,1.06,2.04,2.21,2.65,2.83,4.6,5.49,6.19,7.26,7.52,6.55,5.04,4.51,3.98,4.07,4.51,4.42,4.6,3.54,2.83,1.77
111818,"Deer Valley","Neighborhood","AZ",13,"Phoenix-Mesa-Scottsdale",394976,3.33,3.67,4.67,6,6.67,6,6.67,6,6,6,7,8,8,8.33,8.33,8,8,8,8,8.33,8.67,8.67,8.67,8.67,7.33,7.33,7.67,8,8,8.33,8,8.33,8.33,8,8.33,9,9.33,8,8,7.33,7.67,9,9.67,9,8.67,8.33,8.33,8.67,8.67,9,9.33,8.67,8.33,8.33,9.33,9,8.67,8.33,8,8.67,8.67,8.67,8.67,8.33,8.67,8.67,8,8.67,8.67,8.67,9.33,9.33,9.67,9.33,8.67,8.33,8.33,8.33,8.67,8,7.67,6.67,6.33,6.67,6,5.67,7,7.67,7.67,6.67,6.33,6.33,6.33,6,6,5.67,6.33,6,6,6,6.67,7,6.67,7,7,6.67
267955,"North Mountain","Neighborhood","AZ",14,"Phoenix-Mesa-Scottsdale",394976,6.67,6.33,7,7,8.33,7,8,7.33,7.67,7.67,7.33,7,7.33,7.67,7,7,7.33,7.33,7.33,7,6.67,6.67,6.33,4.67,4.67,6.33,6,5.33,5.33,4.67,4.67,4.33,5.33,5.67,6,6.33,6.67,6.33,5.67,6,6.67,6.67,6.33,5.33,4.33,5.67,6,6.67,7,6.67,6.33,7,7.67,8,8.33,8.33,8,7,7,7,7.67,7,6.67,5.67,5.67,6,6.67,7.33,8.33,8.33,8.67,8.33,8.33,7.33,7.33,7.33,7,8,7.67,7.67,7,6.33,7,7,6.33,5.33,6.33,6,6.33,5.33,5.33,5,5.33,5.67,5.33,5,5,5.33,5.33,5.67,6.33,5.67,5.67,5.33,4.67,4.67
272816,"Astoria","Neighborhood","NY",15,"New York-Newark-Jersey City",394913,9.65,9.47,8.85,4.87,1.33,0.27,0.62,1.86,4.51,6.9,7.43,7.7,7.52,7.43,7.7,7.79,7.7,7.7,7.61,8.41,8.67,8.41,7.79,7.26,7.26,7.43,7.88,7.96,8.05,7.96,8.14,8.14,8.05,7.43,6.46,5.13,5.75,5.93,5.84,6.73,7.79,8.58,8.23,5.58,3.36,1.95,3.89,5.22,5.58,4.78,5.04,5.66,6.28,4.96,3.81,4.78,6.11,7.43,7.43,8.14,8.85,9.29,9.38,9.2,8.67,7.96,7.61,7.26,7.26,7.79,8.5,8.58,6.73,2.92,1.59,1.5,2.3,3.36,4.16,6.37,7.08,6.37,3.54,2.12,1.15,2.3,4.16,5.66,5.22,4.07,3.19,3.72,3.89,4.42,3.01,1.15,0.53,0.44,1.42,2.83,3.89,3.89,3.19,2.83,2.92,4.16
273698,"Far North","Neighborhood","TX",16,"Dallas-Fort Worth-Arlington",394514,5.81,6.13,6.13,5.81,6.45,7.1,7.42,7.1,6.45,5.81,4.84,5.16,5.81,6.77,7.1,7.1,6.45,7.1,7.1,8.06,8.71,8.39,8.06,8.39,8.71,8.39,8.06,6.13,8.39,8.71,8.39,7.1,6.77,7.42,8.39,7.74,6.45,6.45,7.1,8.39,8.71,8.71,8.71,9.35,8.39,8.06,8.06,8.39,8.39,8.39,8.06,8.06,6.77,5.48,5.81,6.45,6.45,6.45,7.1,7.42,9.03,8.06,7.1,6.13,6.77,6.77,6.45,6.77,6.77,6.77,5.48,6.13,6.77,7.1,6.77,6.77,6.13,5.16,5.16,4.84,4.19,4.52,5.48,5.16,5.16,5.16,4.84,4.19,6.13,6.13,5.48,3.87,3.87,3.87,5.16,3.87,2.9,2.9,3.23,4.52,4.52,3.87,2.9,2.9,2.9,2.9
272902,"Bedford Stuyvesant","Neighborhood","NY",17,"New York-Newark-Jersey City",394913,8.23,8.5,9.2,8.94,8.76,8.32,7.79,7.61,6.99,4.96,3.1,1.77,1.5,1.42,1.24,1.68,2.3,2.65,2.57,3.36,4.25,4.69,3.89,3.19,2.39,2.65,3.19,3.36,3.54,3.45,4.07,4.6,4.6,5.49,6.64,7.52,7.7,7.96,8.32,8.76,9.73,9.82,9.91,9.56,8.76,8.23,8.14,8.5,5.75,3.54,1.95,3.1,5.49,6.81,6.55,4.96,6.73,8.14,8.58,7.35,6.46,8.14,9.47,9.56,8.32,5.04,5.75,5.75,6.9,6.11,5.31,4.87,4.16,4.07,4.6,3.72,2.65,1.42,1.24,1.06,1.77,3.1,4.78,2.57,2.3,1.33,1.15,0.44,0.27,0.88,1.59,2.48,2.74,3.01,4.16,5.22,3.54,1.86,1.33,1.59,2.21,2.04,1.68,1.15,1.06,1.42
199001,"Williamsburg","Neighborhood","NY",18,"New York-Newark-Jersey City",394913,6.55,5.4,1.86,1.95,3.36,6.37,8.5,9.47,9.82,9.56,9.29,8.76,8.32,7.17,7.08,7.52,7.61,7.43,7.43,8.14,8.32,8.14,7.52,7.17,7.08,6.99,7.52,7.61,7.52,7.61,7.61,7.79,7.52,8.67,9.12,9.2,9.12,9.2,9.38,9.38,9.12,9.2,9.38,9.82,9.91,9.91,9.91,9.82,9.73,9.73,9.73,9.65,9.38,8.76,8.76,7.79,8.32,8.67,9.65,9.73,9.65,9.38,9.56,8.76,7.08,4.96,5.31,6.73,6.55,6.46,4.87,5.49,5.58,5.04,4.07,2.74,4.51,2.74,2.04,1.24,1.95,3.81,5.75,5.84,4.96,3.98,2.3,2.12,3.63,5.4,7.08,6.81,6.81,7.08,7.26,7.79,7.35,8.14,9.12,7.61,4.16,1.24,1.06,1.68,5.22,6.81
32059,"Hollywood","Neighborhood","CA",19,"Los Angeles-Long Beach-Anaheim",753899,0.81,0.81,0.93,3.02,3.6,2.21,1.51,0.93,0.7,0.58,0.23,0.12,0.47,0.81,3.14,3.72,3.26,3.6,4.65,3.95,2.33,2.21,3.37,3.84,3.26,1.51,1.05,1.74,4.65,5.58,5,3.37,2.44,2.56,2.33,2.79,2.56,1.98,1.51,1.51,1.74,1.63,1.4,1.28,1.05,0.93,1.63,3.37,3.72,4.07,4.3,3.14,2.67,3.14,5.93,6.86,6.4,4.07,2.44,1.63,1.51,2.09,3.14,3.72,3.02,2.09,1.4,1.16,1.05,0.93,1.63,2.33,2.67,2.91,3.72,5.58,3.49,1.98,1.05,1.05,1.4,1.4,1.28,1.28,1.63,1.16,0.7,0.7,0.93,1.05,0.81,0.58,0.81,0.81,0.81,0.93,1.16,1.4,1.74,2.33,2.67,1.98,1.51,1.28,1.51,1.16
267908,"Camelback East","Neighborhood","AZ",20,"Phoenix-Mesa-Scottsdale",394976,5.33,4,4,5,7.67,8.67,7,5.67,4.33,4.33,4.33,5.33,6,6.33,5.67,5,4.33,3,3.33,3.33,4.67,5,2.67,1.67,2,2.67,2.33,3,2.67,3.67,5,6.33,5,4,3,4,3.33,4,4,4.67,5.33,5.33,4.67,4.33,5,4,4.33,4,4.67,6.33,7.33,6.33,6,5.67,4.67,3.67,3.33,3.33,4.33,4.33,3.67,3.67,3.67,4,4.33,4,4,3.33,3.33,2.67,2.33,2.67,4,3.33,4.33,4.33,3.33,3,2.67,2.67,3,3.67,5.67,5.67,4.33,3.33,2.67,2.33,2.33,2,1.67,1.67,2,1.33,1.33,1,1,1,0.67,1.33,1.67,1.67,1.67,1,1,1.33
194737,"Flatbush","Neighborhood","NY",21,"New York-Newark-Jersey City",394913,3.27,6.73,7.88,7.7,8.32,8.58,9.03,9.38,9.29,8.14,5.13,1.5,0.88,0.53,0.62,0.97,1.33,1.59,1.5,1.95,2.21,1.77,1.15,1.06,0.97,1.15,1.24,1.33,1.5,1.68,2.04,2.92,3.1,3.63,3.81,3.27,3.1,3.01,5.31,4.78,4.34,2.74,3.98,6.37,7.96,8.67,8.32,7.35,6.19,5.84,6.64,7.88,8.5,8.05,7.17,5.84,5.75,5.49,5.75,2.74,2.74,1.95,5.66,6.19,6.81,3.45,2.21,1.77,1.86,1.77,3.72,5.04,5.49,5.75,6.28,6.28,5.22,5.13,3.63,2.65,1.15,1.33,2.3,5.58,3.63,1.77,0.8,0.8,0.62,1.42,3.1,4.87,5.13,4.96,4.78,4.78,5.22,4.87,4.34,2.92,2.48,1.77,2.12,3.1,4.96,6.02
275473,"Southeast Dallas","Neighborhood","TX",22,"Dallas-Fort Worth-Arlington",394514,4.52,3.55,5.48,7.1,6.77,6.13,6.77,7.74,7.1,3.55,4.19,6.77,9.35,9.03,7.42,4.19,4.19,6.45,8.71,10,10,9.03,7.74,7.1,8.06,8.71,9.03,9.68,10,9.68,9.68,7.74,8.71,9.68,9.03,6.13,4.84,2.9,2.58,2.9,2.58,3.23,6.45,8.06,7.74,7.1,4.84,4.19,4.19,4.52,4.19,3.23,1.61,1.94,1.61,1.29,1.61,1.94,1.94,1.29,1.61,2.58,4.84,3.55,3.23,3.23,3.87,3.23,5.16,6.45,6.13,6.45,6.45,6.13,4.52,4.19,3.87,2.9,3.55,5.16,5.81,5.48,3.55,3.23,2.9,2.26,1.29,0.97,2.26,3.23,6.45,6.77,7.42,8.06,8.39,8.71,8.71,8.39,7.74,8.39,8.71,9.03,9.03,8.71,8.71,8.06
272734,"Alhambra","Neighborhood","AZ",23,"Phoenix-Mesa-Scottsdale",394976,7.67,8,8.67,9.33,9.33,9.33,9,8.33,9,9.67,9.67,9.33,8.67,9,9.33,9,8.67,8.67,9,9,8.33,8.33,7.67,6,4.33,5,6.67,7,7,4.33,3.33,3,4.67,5.33,5.67,5.67,6.33,7,6.33,8.33,8.33,8.33,8.67,7,6.33,6,6.67,7,7.33,7.33,8,6.67,7,7.33,7.67,8.67,9,8.67,8.33,8.33,7,6.33,5.67,4.67,4.67,5.33,5.67,6,5.33,5.67,6,6.67,7.33,6.67,6,6,6.33,5,5.33,5.33,4.67,4.33,5,4.67,4.67,5,4.67,5.33,5.67,5,4.33,4.33,4.67,4.33,4,4,4,4.33,4.67,4.67,5.33,4.67,4.67,4.67,5,5
403222,"Crown Heights","Neighborhood","NY",24,"New York-Newark-Jersey City",394913,5.49,6.11,5.75,5.4,4.07,2.21,2.39,2.74,3.89,4.16,4.42,3.45,3.01,3.1,3.54,3.89,4.25,4.25,4.34,4.6,5.49,5.49,4.78,3.98,4.16,4.42,4.25,4.51,4.6,4.16,4.69,5.13,5.04,4.34,2.92,1.68,1.68,1.42,1.59,1.77,1.68,1.95,5.58,7.26,8.23,6.46,5.4,5.13,6.11,6.55,6.46,7.79,8.58,9.12,9.29,9.29,9.29,9.29,9.12,9.03,6.28,3.45,4.78,8.67,9.91,9.29,8.94,7.88,8.5,8.32,6.02,2.74,3.98,7.79,9.2,8.23,6.55,2.65,3.89,4.42,5.93,7.43,6.37,4.25,1.24,1.24,2.65,4.6,4.87,4.69,6.37,7.08,7.52,7.52,8.05,7.88,7.26,7.79,7.88,8.5,8.23,7.08,4.96,4.34,4.78,5.49
25294,"Jamaica","Neighborhood","NY",25,"New York-Newark-Jersey City",394913,9.91,9.91,9.91,9.82,9.29,9.2,9.29,9.2,9.12,8.58,8.05,6.46,4.34,2.92,3.1,3.45,3.72,3.63,4.07,4.51,5.13,5.4,4.69,3.81,3.81,4.16,4.16,4.34,4.51,4.25,4.78,4.96,4.96,3.54,1.06,0.27,0.35,1.24,5.13,5.04,5.84,6.9,7.26,6.99,6.02,5.66,4.25,3.81,3.27,1.59,0.62,1.42,2.48,8.41,9.03,9.2,7.7,6.46,7.88,9.29,9.47,9.56,8.67,6.64,4.42,5.13,6.55,7.96,7.96,7.08,5.84,6.46,8.32,7.96,7.26,6.9,8.05,8.5,7.79,5.93,3.36,2.92,3.27,5.13,5.93,6.73,6.11,5.58,4.69,6.11,5.31,5.22,5.75,6.55,5.58,4.25,4.25,5.22,6.19,7.35,7.08,6.37,6.55,6.73,6.9,5.66
195267,"Harlem","Neighborhood","NY",26,"New York-Newark-Jersey City",394913,3.98,4.25,4.6,5.31,5.84,6.55,7.26,6.9,5.84,5.04,5.49,6.55,6.99,7.26,6.99,6.46,6.19,6.19,5.93,5.13,4.51,4.78,5.13,6.02,7.17,7.7,7.79,7.26,6.9,6.28,5.31,4.42,4.34,4.07,3.54,5.75,8.05,8.76,8.14,7.61,7.43,8.41,8.85,8.32,6.73,5.58,6.46,5.4,4.25,2.48,4.6,6.9,8.94,8.67,6.46,4.87,3.81,3.01,2.57,3.1,4.51,4.16,4.87,7.17,8.41,8.85,8.5,8.41,8.23,6.64,2.92,0.88,1.06,2.74,6.46,5.4,4.69,2.21,3.1,3.27,4.25,4.42,6.19,6.28,5.66,3.89,5.4,6.11,7.08,6.19,5.49,4.51,4.6,4.25,3.98,3.27,2.57,2.12,0.62,0.44,0.44,0.62,1.42,2.12,2.48,3.01
275237,"Roosevelt","Neighborhood","CA",27,"Fresno",394619,10,8.57,7.14,8.57,8.57,8.57,8.57,8.57,5.71,4.29,4.29,7.14,7.14,7.14,8.57,8.57,8.57,7.14,7.14,10,10,10,10,4.29,1.43,2.86,2.86,2.86,2.86,2.86,1.43,1.43,1.43,1.43,2.86,2.86,4.29,5.71,7.14,7.14,7.14,7.14,7.14,5.71,2.86,1.43,2.86,5.71,10,10,8.57,8.57,7.14,5.71,2.86,1.43,1.43,2.86,2.86,2.86,1.43,1.43,5.71,8.57,8.57,8.57,8.57,8.57,10,10,10,10,10,7.14,7.14,5.71,4.29,5.71,7.14,8.57,7.14,7.14,8.57,7.14,7.14,7.14,8.57,5.71,1.43,2.86,7.14,7.14,7.14,7.14,8.57,8.57,7.14,7.14,5.71,2.86,2.86,4.29,5.71,4.29,4.29,2.86
273566,"East Side","Neighborhood","TX",28,"El Paso",394561,7.5,7.5,8.75,8.75,8.75,6.25,7.5,5,3.75,3.75,5,8.75,8.75,8.75,10,10,8.75,8.75,10,8.75,6.25,6.25,5,6.25,6.25,7.5,6.25,5,7.5,7.5,6.25,3.75,3.75,5,6.25,5,5,3.75,5,7.5,7.5,7.5,7.5,5,3.75,5,5,5,7.5,8.75,8.75,7.5,7.5,8.75,10,5,5,2.5,3.75,2.5,3.75,2.5,2.5,2.5,6.25,6.25,5,6.25,6.25,5,5,5,6.25,6.25,3.75,5,6.25,7.5,6.25,3.75,3.75,3.75,2.5,2.5,2.5,2.5,2.5,6.25,5,6.25,7.5,8.75,5,5,5,5,3.75,3.75,5,6.25,5,3.75,3.75,5,5,2.5
35521,"Enterprise","Neighborhood","NV",29,"Las Vegas-Henderson-Paradise",394775,4.69,3.27,4.9,4.9,5.51,4.49,4.29,4.08,3.88,3.27,4.29,6.33,6.53,5.71,5.31,6.53,6.12,5.51,3.88,2.86,2.45,1.63,1.63,1.63,2.04,2.65,2.86,3.06,2.65,3.06,3.47,5.92,5.92,5.92,5.92,5.71,6.12,5.71,6.53,7.35,7.55,6.73,6.73,5.92,4.49,4.29,4.49,4.69,5.1,5.1,6.12,6.73,7.14,7.14,6.33,5.51,4.9,5.31,5.51,5.31,5.92,7.55,7.55,7.55,6.94,5.71,4.69,3.47,3.27,3.67,4.9,5.51,5.1,5.51,5.71,5.92,6.12,4.9,4.9,4.69,4.69,4.29,4.29,4.49,4.69,5.51,6.53,6.94,7.76,7.55,6.12,4.69,4.49,4.49,5.92,5.92,5.92,5.1,5.92,6.73,6.53,5.1,4.29,3.67,3.27,2.65
343222,"Williamsbridge","Neighborhood","NY",30,"New York-Newark-Jersey City",394913,3.72,3.72,4.51,5.75,4.16,3.72,4.34,6.28,7.52,6.37,6.73,8.05,8.67,8.76,8.94,8.85,8.76,8.85,9.03,9.47,9.65,9.29,8.94,8.5,8.5,8.67,8.76,8.85,8.94,8.85,8.85,8.85,8.85,8.58,7.61,6.37,4.6,3.89,3.54,3.98,3.72,4.16,3.45,3.19,3.01,4.87,6.99,7.17,7.35,5.04,2.3,0.44,0.53,0.8,2.57,4.42,7.52,7.08,5.31,4.6,3.63,8.58,7.26,6.81,3.01,4.25,5.93,7.7,7.88,7.35,6.73,6.64,7.52,6.73,6.81,6.46,6.73,5.58,2.83,2.12,1.5,1.24,1.5,1.68,2.65,1.68,2.12,2.57,3.98,4.87,4.87,4.07,3.54,3.36,3.45,1.86,2.39,2.92,5.04,5.13,6.37,6.73,5.4,3.81,3.1,3.27
274742,"North Scottsdale","Neighborhood","AZ",32,"Phoenix-Mesa-Scottsdale",394976,3,2.33,1.67,2.33,2.67,4,3.33,4,3.67,3.33,2.33,2.67,3.33,3.67,4,3.33,4.67,4.33,4.33,3,2.67,4.33,4.67,4.33,2.33,1.67,1.67,1.33,1.67,1.67,1,1.33,1.33,1.33,2,2.33,4,5,5,5,3.67,2.33,2.33,1.67,1.67,1.33,1.67,1.67,1.67,1,1,3,3.33,3.33,3.67,2.67,2.67,2.67,1.67,1.67,1.67,1.67,2,2.67,2.67,3,3,2.33,1.67,1,1.33,1,1,1,1,1.33,1,0.67,0.67,1.33,2,2.33,2,2,1.67,1.67,1.67,1.33,1.33,1.67,2,2.33,2.33,2,3.33,3,2.67,2,3,2.67,3,3,2.33,1.33,1.33,1
267971,"South Mountain","Neighborhood","AZ",33,"Phoenix-Mesa-Scottsdale",394976,8,7.33,6.67,6.67,8,5.67,4.33,5,5,6.67,6.33,6.33,6.33,6.67,7.33,7.33,7.67,7.67,8.33,8.67,8,7.33,7,7.33,7,7.67,7.33,7.33,8.33,8.67,9,8,6.67,6.33,6.67,7.67,9.67,9.67,9.33,9,8.67,7.33,7.33,6.67,7.67,8,8,8,8,8.67,8.67,8,8.67,8.67,8.67,7.67,7.67,8,7.67,8,8,8.33,9,10,9.33,9,9.33,8.33,8,7.33,7.67,7.67,7.67,7,6.67,7,6.67,7.67,7.33,7.33,6,5.67,6.67,7.67,8,8.33,7.67,6.67,6.67,6.33,6.67,7,7.67,8.33,9.33,9.67,9,8.33,7.67,8,8.33,8.33,8,7.67,8.33,7.33
273565,"East San Jose","Neighborhood","CA",34,"San Jose-Sunnyvale-Santa Clara",395059,7.27,4.55,3.64,2.73,6.36,6.36,4.55,2.73,3.64,5.45,7.27,7.27,8.18,9.09,8.18,8.18,8.18,7.27,6.36,3.64,0.91,0.91,0.91,1.82,1.82,1.82,0.91,0.91,0.91,0.91,1.82,0.91,0.91,0.91,0.91,0.91,0.91,0.91,0.91,0.91,2.73,0.91,0.91,0.91,0.91,0.91,0.91,0.91,0.91,0.91,0.91,0.91,0.91,0.91,0.91,0.91,0.91,0.91,0.91,0.91,0.91,0.91,1.82,1.82,0.91,0.91,0.91,1.82,2.73,7.27,8.18,7.27,6.36,4.55,2.73,2.73,0.91,0.91,0.91,0.91,0.91,0.91,0.91,0.91,0.91,0.91,0.91,0.91,0.91,0.91,3.64,4.55,4.55,3.64,1.82,2.73,3.64,3.64,1.82,1.82,1.82,3.64,6.36,10,10,9.09
193587,"Bushwick","Neighborhood","NY",35,"New York-Newark-Jersey City",394913,6.02,6.02,5.93,6.64,7.08,6.99,6.99,4.87,3.1,1.77,2.04,1.68,1.77,1.95,2.21,2.74,3.19,3.1,3.01,3.54,3.89,3.72,3.63,2.83,2.04,2.3,2.48,2.57,2.57,2.92,3.45,4.25,4.42,3.27,1.59,1.33,0.8,0.8,0.53,0.62,0.71,0.62,4.87,8.67,9.47,9.03,6.28,4.42,3.01,2.12,2.92,3.01,2.83,4.42,6.9,7.7,4.87,3.1,1.68,2.83,5.58,8.41,8.94,9.47,9.65,9.91,9.82,9.82,9.47,9.29,8.41,6.37,1.95,0.35,0.18,0.27,0.35,1.06,5.04,1.42,0.62,0.18,0.35,0.53,0.18,0.09,0.09,0.71,2.57,3.89,1.95,0.8,0.8,1.15,1.77,2.21,2.48,2.48,3.54,2.57,2.04,1.5,1.33,0.35,0.09,0.09
194379,"East Flatbush","Neighborhood","NY",36,"New York-Newark-Jersey City",394913,3.81,3.63,4.25,3.81,4.6,4.25,4.25,3.1,1.77,1.59,0.88,0.71,0.62,0.71,0.71,0.8,1.24,1.5,1.24,1.06,1.06,0.88,0.8,1.15,1.24,1.59,1.86,1.95,1.86,2.12,1.77,1.77,1.5,0.71,0.62,0.53,0.53,0.53,0.44,0.53,0.88,1.24,1.59,2.12,3.1,3.63,4.69,4.51,5.31,6.11,6.55,6.73,8.23,8.5,8.32,7.52,5.49,5.93,7.26,8.85,8.94,8.23,7.96,9.03,8.58,8.05,6.81,6.9,6.28,5.84,4.78,4.69,4.6,5.31,5.22,4.96,4.25,2.92,2.21,2.21,2.04,1.77,0.71,0.35,0.35,0.35,0.53,1.06,1.5,1.68,1.86,2.12,1.86,1.68,1.24,1.95,3.81,4.34,4.78,4.16,4.69,5.31,5.84,6.02,5.84,4.96
275456,"South Side","Neighborhood","TX",37,"Corpus Christi",394502,8.57,8.57,5.71,4.29,4.29,4.29,4.29,5.71,7.14,5.71,4.29,1.43,1.43,2.86,2.86,7.14,5.71,4.29,2.86,2.86,2.86,4.29,4.29,5.71,8.57,8.57,8.57,5.71,7.14,7.14,8.57,10,10,10,10,10,8.57,8.57,8.57,7.14,5.71,5.71,7.14,7.14,8.57,5.71,7.14,5.71,5.71,8.57,8.57,8.57,8.57,8.57,7.14,7.14,10,8.57,7.14,5.71,4.29,4.29,4.29,2.86,2.86,5.71,5.71,5.71,7.14,7.14,8.57,7.14,7.14,5.71,2.86,2.86,5.71,7.14,8.57,8.57,10,10,10,10,10,4.29,4.29,4.29,4.29,4.29,2.86,4.29,4.29,2.86,2.86,5.71,5.71,2.86,2.86,2.86,2.86,4.29,4.29,5.71,10,8.57
28380,"Alief","Neighborhood","TX",38,"Houston-The Woodlands-Sugar Land",394692,0.48,0.48,0.71,1.43,0.71,0.24,0.24,0.24,0.24,1.67,4.29,4.29,4.76,5,5.71,5.48,5.95,6.43,3.81,1.43,0.71,1.19,2.38,4.52,7.38,7.86,7.38,3.33,0.95,0.95,1.19,3.33,1.67,1.19,0.95,1.67,2.38,2.62,3.1,4.05,6.67,6.19,3.81,4.76,5.95,5.48,5,3.81,2.86,2.14,3.1,4.05,4.52,5.71,6.19,6.9,7.14,8.81,9.76,9.76,9.76,9.52,9.52,9.52,8.33,8.1,7.86,8.57,8.33,8.57,8.33,9.05,9.76,10,9.76,9.52,9.05,9.05,9.05,9.29,9.29,9.52,9.52,9.52,8.57,8.81,9.29,9.52,9.52,9.76,9.76,9.52,9.52,9.52,9.29,8.81,8.33,7.86,8.57,8.81,9.29,9.52,10,9.76,9.52,9.52
273555,"East Memphis-Colonial-Yorkshire","Neighborhood","TN",40,"Memphis",394849,3.64,3.64,2.73,1.82,2.73,3.64,3.64,3.64,1.82,1.82,1.82,1.82,3.64,3.64,3.64,4.55,4.55,4.55,2.73,3.64,3.64,3.64,2.73,2.73,3.64,3.64,4.55,4.55,2.73,2.73,2.73,2.73,2.73,3.64,3.64,3.64,3.64,2.73,2.73,2.73,2.73,3.64,4.55,6.36,5.45,5.45,6.36,4.55,6.36,6.36,6.36,4.55,4.55,4.55,1.82,1.82,1.82,2.73,4.55,6.36,4.55,4.55,4.55,4.55,5.45,7.27,7.27,5.45,6.36,6.36,7.27,6.36,2.73,1.82,2.73,3.64,4.55,4.55,2.73,2.73,2.73,6.36,5.45,5.45,5.45,6.36,6.36,6.36,7.27,8.18,8.18,7.27,6.36,5.45,6.36,5.45,5.45,3.64,3.64,4.55,4.55,5.45,6.36,5.45,4.55,4.55
273088,"Bullard","Neighborhood","CA",42,"Fresno",394619,1.43,4.29,5.71,5.71,5.71,2.86,1.43,1.43,1.43,2.86,2.86,4.29,4.29,2.86,2.86,4.29,4.29,5.71,5.71,7.14,7.14,7.14,4.29,5.71,7.14,7.14,7.14,5.71,5.71,5.71,5.71,2.86,5.71,5.71,8.57,7.14,7.14,8.57,8.57,8.57,8.57,8.57,8.57,7.14,5.71,7.14,7.14,4.29,1.43,1.43,1.43,4.29,5.71,7.14,5.71,2.86,2.86,4.29,4.29,5.71,5.71,4.29,2.86,5.71,7.14,4.29,1.43,1.43,2.86,2.86,2.86,2.86,4.29,5.71,5.71,8.57,7.14,7.14,4.29,2.86,2.86,2.86,2.86,5.71,5.71,4.29,2.86,2.86,4.29,7.14,5.71,4.29,5.71,5.71,5.71,2.86,2.86,2.86,4.29,4.29,4.29,7.14,8.57,8.57,5.71,7.14
275501,"Southwest Dallas","Neighborhood","TX",43,"Dallas-Fort Worth-Arlington",394514,3.55,4.84,6.77,7.42,7.74,6.77,4.52,4.52,4.52,6.13,6.77,6.13,3.55,2.58,1.94,1.61,1.94,2.9,3.55,4.84,4.52,5.16,6.45,6.13,6.77,7.42,8.39,7.1,8.06,4.84,5.48,4.84,4.19,4.19,3.87,2.9,4.19,4.52,5.48,6.13,5.16,5.16,3.87,2.9,2.58,2.9,2.26,2.26,2.9,3.55,2.9,1.29,2.26,2.58,3.23,4.19,4.52,3.87,3.55,2.9,2.9,3.55,3.55,4.19,4.84,4.84,5.16,4.52,3.87,4.19,4.84,5.81,5.48,3.55,3.87,5.81,5.81,6.45,6.45,6.13,6.45,6.45,6.13,6.77,6.77,7.1,7.1,7.1,7.1,5.48,5.16,4.84,5.48,5.16,4.84,4.84,4.84,6.13,6.13,7.42,6.77,6.45,5.16,4.52,3.55,3.55
193285,"Bensonhurst","Neighborhood","NY",44,"New York-Newark-Jersey City",394913,1.42,1.77,1.24,1.24,0.71,1.06,1.06,0.44,0.53,0.44,0.71,1.42,2.21,2.48,2.83,3.19,3.89,4.6,5.58,5.4,4.69,3.45,3.1,3.01,3.27,3.27,3.36,3.63,4.42,5.04,5.84,5.49,5.75,4.87,3.89,2.48,1.95,0.97,1.95,1.5,3.1,4.34,6.37,6.46,5.75,4.07,1.95,2.04,1.06,5.93,7.96,9.29,8.41,7.96,7.52,7.17,7.26,7.7,7.7,7.7,6.11,4.07,3.45,2.39,3.63,4.6,4.34,4.6,3.54,2.65,1.5,1.68,2.12,1.68,1.86,2.48,2.04,0.44,0.09,0.09,0.18,0.27,0.18,0.8,1.86,2.92,1.86,1.24,0.8,1.5,1.5,0.88,1.06,0.88,1.5,1.5,1.86,1.77,2.04,2.48,2.83,2.65,1.5,1.33,0.97,0.8
276246,"Central City","Neighborhood","TX",45,"Corpus Christi",394502,10,10,10,10,10,8.57,8.57,8.57,4.29,4.29,1.43,2.86,4.29,5.71,4.29,4.29,2.86,2.86,4.29,5.71,8.57,10,8.57,2.86,2.86,2.86,2.86,4.29,4.29,8.57,10,7.14,2.86,2.86,2.86,2.86,4.29,2.86,2.86,2.86,4.29,7.14,8.57,10,2.86,2.86,2.86,2.86,4.29,5.71,7.14,7.14,7.14,5.71,5.71,4.29,4.29,10,10,10,8.57,8.57,8.57,5.71,4.29,4.29,4.29,4.29,2.86,1.43,1.43,4.29,8.57,4.29,4.29,5.71,10,10,10,10,8.57,5.71,4.29,4.29,5.71,7.14,5.71,7.14,7.14,8.57,10,10,10,8.57,4.29,4.29,7.14,7.14,5.71,5.71,7.14,7.14,7.14,7.14,8.57,10
276652,"West San Jose","Neighborhood","CA",46,"San Jose-Sunnyvale-Santa Clara",395059,10,10,10,10,10,10,10,10,10,10,10,10,10,10,10,10,10,10,10,10,10,10,10,10,10,10,10,10,10,10,10,10,10,9.09,9.09,9.09,9.09,10,10,10,10,10,10,10,10,10,10,10,10,10,10,10,10,10,10,10,10,10,9.09,10,10,10,10,7.27,7.27,6.36,4.55,4.55,5.45,10,10,10,10,8.18,7.27,10,10,10,10,10,10,10,10,10,10,10,10,9.09,9.09,9.09,10,9.09,7.27,6.36,7.27,8.18,8.18,9.09,9.09,9.09,9.09,8.18,7.27,6.36,7.27,7.27
403223,"Elmhurst","Neighborhood","NY",47,"New York-Newark-Jersey City",394913,7.26,7.43,6.99,7.52,3.81,2.39,1.59,4.6,4.34,5.49,5.75,7.43,6.81,6.73,6.9,7.35,7.43,7.35,7.26,8.23,8.41,7.96,7.26,6.9,6.99,7.08,7.43,7.35,7.43,7.7,7.43,7.88,7.79,7.17,6.02,4.25,2.74,1.5,1.06,1.24,1.42,1.77,1.95,2.48,2.65,1.59,1.24,1.68,2.65,1.86,0.44,0.18,0.35,0.97,2.3,2.74,1.77,0.53,0.27,0.09,1.59,2.39,3.19,0.71,1.33,3.36,8.58,8.14,8.14,6.99,7.26,7.79,7.88,7.08,6.02,5.22,3.89,3.1,0.8,0.71,0.27,0.35,1.15,3.81,4.42,4.16,3.36,4.34,4.34,3.27,2.04,2.04,3.01,4.51,6.02,5.4,6.11,5.84,6.11,4.96,5.04,4.25,4.51,4.07,3.98,3.81
273527,"East","Neighborhood","TX",48,"Dallas-Fort Worth-Arlington",394514,5.48,5.48,3.87,1.94,3.55,4.52,5.48,3.55,3.23,2.58,6.13,8.39,8.39,8.06,8.39,8.39,8.06,7.74,6.77,7.74,8.39,9.35,8.39,8.06,4.84,4.84,4.52,6.45,6.13,9.35,9.03,9.35,8.39,6.13,5.81,4.84,5.48,6.13,7.42,7.42,7.74,7.1,8.06,8.39,9.68,9.03,8.39,7.42,7.1,7.1,5.48,5.48,5.16,6.77,8.06,8.39,8.39,9.03,8.71,9.03,6.77,6.77,5.81,6.45,8.06,9.03,8.71,8.71,8.39,8.39,8.71,8.71,9.03,9.03,9.03,9.03,9.35,9.68,9.68,9.68,10,9.68,9.35,9.35,9.68,9.35,8.71,8.71,8.71,10,10,10,10,10,10,9.35,9.35,9.35,9.35,10,9.68,9.68,9.68,9.68,10,9.68
275454,"South Scottsdale","Neighborhood","AZ",49,"Phoenix-Mesa-Scottsdale",394976,1,0.67,0.33,0.33,0.67,2,2.67,3,4,4,5,4.67,4.67,5,5.33,6,5.33,5,3.67,2,2.33,2.33,4,5.67,5,3.67,3,3.67,3.67,4,6,5,3.33,3,2.33,4.33,4.67,5.33,6,6.33,5.67,4.33,3,2.67,2.67,3,3,3.33,3.33,4.33,4,5,5,5,4.33,4.67,4.33,5,5.33,4.67,4,4,4.67,6.33,6,4.33,3.67,4,4.33,4.67,4.67,4,3.67,5,4.67,4,4,3.67,4,4.33,3.67,4.67,4.33,4,3.67,2.67,3.33,3.67,3.33,3.67,3.33,3.33,2.67,3.33,2.67,2,3,3.33,3.67,3.67,4.33,4.33,4.33,3.67,3.33,3.67
276215,"Blossom Valley","Neighborhood","CA",50,"San Jose-Sunnyvale-Santa Clara",395059,8.18,9.09,9.09,9.09,9.09,8.18,6.36,4.55,4.55,3.64,4.55,5.45,5.45,6.36,6.36,3.64,2.73,4.55,3.64,5.45,7.27,8.18,8.18,8.18,6.36,7.27,6.36,4.55,4.55,6.36,6.36,7.27,6.36,5.45,3.64,4.55,4.55,5.45,6.36,7.27,7.27,7.27,7.27,7.27,7.27,6.36,7.27,6.36,6.36,7.27,7.27,7.27,7.27,7.27,6.36,8.18,8.18,8.18,7.27,7.27,7.27,5.45,6.36,6.36,6.36,4.55,3.64,3.64,9.09,8.18,9.09,8.18,8.18,7.27,8.18,8.18,8.18,8.18,9.09,9.09,8.18,8.18,8.18,7.27,8.18,9.09,9.09,8.18,6.36,4.55,2.73,3.64,3.64,5.45,3.64,4.55,4.55,1.82,2.73,5.45,6.36,7.27,5.45,4.55,4.55,6.36
276476,"North Long Beach","Neighborhood","CA",51,"Los Angeles-Long Beach-Anaheim",753899,8.37,5.7,4.19,5.23,6.16,6.63,4.88,3.84,2.21,3.02,4.42,5.12,5.7,7.79,8.95,8.6,8.95,8.84,8.49,6.98,4.3,2.91,2.33,3.14,2.67,2.44,1.98,2.33,2.33,1.98,1.74,2.33,3.02,2.67,1.4,0.81,0.93,1.4,2.91,3.02,3.6,1.98,1.74,1.05,1.98,2.67,4.42,5.58,5.7,6.98,7.33,8.37,7.79,6.28,4.42,4.19,4.07,5.12,5,4.88,4.19,3.72,4.88,6.63,7.91,8.49,7.91,7.33,6.98,6.16,5.93,5.58,6.05,6.16,5.35,3.72,3.02,2.67,2.56,2.79,3.14,5,5.7,6.98,6.28,5.7,5.23,5,4.53,4.65,5.81,6.28,8.02,6.98,7.44,6.51,7.44,7.33,7.91,8.26,8.72,9.77,9.53,8.84,7.67,7.09
269592,"Logan Square","Neighborhood","IL",52,"Chicago-Naperville-Elgin",394463,7.36,6.39,5,4.58,6.81,7.64,7.78,6.11,4.72,3.89,4.72,5.28,6.25,7.5,7.5,7.08,5.83,4.86,5.69,8.06,8.89,8.47,7.78,7.08,5.97,5,4.86,5.69,6.39,6.25,5.69,5.97,6.81,7.78,8.19,8.47,8.89,8.89,8.75,8.75,8.47,8.75,8.33,9.31,9.44,9.72,9.72,9.31,9.86,9.58,9.44,9.72,9.58,9.86,9.86,9.44,9.44,9.17,8.89,9.03,9.03,9.31,9.44,9.44,9.17,8.33,7.78,7.78,7.78,8.19,8.06,8.33,7.36,7.08,6.81,7.08,7.5,6.94,6.94,7.22,8.61,8.75,9.03,9.03,9.17,9.44,9.44,9.17,8.61,9.03,9.44,9.44,9.03,8.61,7.92,7.5,7.36,7.08,8.19,8.47,8.75,8.47,8.61,7.64,8.06,8.89
403131,"Sheepshead Bay","Neighborhood","NY",53,"New York-Newark-Jersey City",394913,2.3,2.3,2.65,3.1,3.98,5.13,5.04,5.13,4.69,4.34,3.98,4.34,5.31,5.31,5.04,5.31,4.96,4.69,3.98,3.89,3.81,3.98,4.34,4.6,5.22,5.66,5.4,5.49,4.96,4.69,4.42,3.81,3.81,2.65,2.65,2.57,2.39,2.04,2.04,1.95,2.48,2.65,2.83,2.83,2.21,1.5,1.33,1.06,0.88,1.15,1.5,2.65,2.21,2.65,2.74,2.57,2.21,1.42,0.8,0.44,0.88,1.15,1.24,1.42,2.21,2.04,2.12,2.04,1.5,0.8,0.62,0.53,0.62,0.97,1.68,1.15,1.59,1.15,2.3,1.68,1.42,1.06,0.44,0.44,0.44,0.53,0.71,0.97,1.15,1.33,0.88,1.06,0.88,0.71,0.44,0.53,0.97,1.5,2.21,2.21,2.92,3.27,3.45,3.63,3.19,2.74
118987,"Willow Glen","Neighborhood","CA",54,"San Jose-Sunnyvale-Santa Clara",395059,2.73,3.64,6.36,5.45,5.45,4.55,3.64,3.64,2.73,2.73,3.64,1.82,1.82,1.82,1.82,1.82,1.82,2.73,5.45,6.36,5.45,5.45,5.45,5.45,5.45,5.45,5.45,5.45,5.45,4.55,3.64,3.64,4.55,6.36,6.36,3.64,2.73,3.64,5.45,6.36,6.36,6.36,6.36,6.36,6.36,7.27,5.45,5.45,5.45,4.55,4.55,5.45,5.45,5.45,4.55,4.55,4.55,3.64,2.73,2.73,2.73,3.64,3.64,4.55,4.55,2.73,2.73,2.73,1.82,2.73,5.45,3.64,2.73,1.82,1.82,1.82,2.73,2.73,2.73,4.55,4.55,4.55,3.64,2.73,2.73,3.64,4.55,5.45,3.64,2.73,1.82,0.91,0.91,1.82,5.45,6.36,5.45,5.45,3.64,3.64,3.64,2.73,3.64,2.73,2.73,4.55
275467,"Southeast","Neighborhood","TX",55,"Dallas-Fort Worth-Arlington",394514,4.19,4.19,4.19,5.48,5.16,5.16,4.84,5.48,6.13,4.19,3.55,4.52,5.16,6.13,6.13,7.42,8.71,8.71,7.74,7.42,7.42,8.06,8.71,8.71,9.35,9.03,8.71,8.06,5.81,5.81,6.77,9.03,9.03,8.06,8.06,8.06,8.06,8.71,9.03,8.71,9.68,9.35,9.68,8.71,9.03,9.35,9.35,9.35,9.68,9.68,9.35,9.35,9.35,9.35,9.35,9.03,9.35,9.35,9.35,9.35,9.35,9.35,9.35,9.35,9.35,8.39,8.39,8.39,9.03,9.03,9.35,9.35,10,10,10,9.68,9.03,9.03,8.71,9.35,9.35,10,10,9.68,9.35,9.68,10,10,10,9.68,9.68,9.68,9.68,9.35,9.68,10,10,9.68,9.68,9.35,9.35,9.35,9.35,9.35,9.68,10
193640,"Canarsie","Neighborhood","NY",56,"New York-Newark-Jersey City",394913,1.86,0.62,0.53,0.35,1.06,1.59,1.68,1.5,1.68,2.57,4.25,5.93,6.02,5.84,5.66,5.75,5.93,5.84,6.11,6.73,7.43,6.99,6.11,5.49,5.49,5.75,6.37,6.55,5.75,5.49,5.66,5.93,6.55,5.84,4.25,3.19,2.83,2.92,2.92,3.1,2.83,3.54,3.1,2.21,1.24,0.97,0.88,0.71,0.44,1.5,4.07,6.46,6.46,1.68,0.8,0.27,1.42,2.39,4.87,7.17,5.84,3.89,3.72,6.55,6.9,6.99,3.81,2.3,2.48,4.34,7.79,7.52,7.17,5.93,7.88,7.96,8.41,6.02,2.92,1.5,1.59,1.59,1.59,1.86,2.83,3.54,3.01,4.25,4.51,4.42,3.27,3.27,3.27,3.89,4.34,3.1,3.01,2.39,3.1,3.19,3.72,4.96,5.93,6.37,6.37,5.93
276659,"White Haven-Coro Lake","Neighborhood","TN",57,"Memphis",394849,6.36,5.45,6.36,8.18,9.09,10,9.09,9.09,9.09,7.27,5.45,5.45,5.45,6.36,8.18,9.09,9.09,8.18,7.27,7.27,6.36,7.27,7.27,8.18,10,10,8.18,8.18,8.18,9.09,9.09,8.18,8.18,8.18,7.27,6.36,6.36,5.45,5.45,4.55,3.64,4.55,3.64,4.55,4.55,6.36,8.18,9.09,9.09,9.09,9.09,8.18,5.45,3.64,5.45,5.45,3.64,0.91,3.64,3.64,5.45,5.45,3.64,1.82,1.82,1.82,1.82,2.73,2.73,2.73,0.91,0.91,0.91,0.91,0.91,1.82,2.73,5.45,5.45,4.55,3.64,0.91,0.91,0.91,1.82,1.82,1.82,1.82,1.82,1.82,1.82,1.82,1.82,1.82,1.82,1.82,2.73,4.55,5.45,5.45,6.36,6.36,5.45,3.64,3.64,3.64
273480,"Downtown","Neighborhood","CA",58,"San Jose-Sunnyvale-Santa Clara",395059,4.55,5.45,4.55,4.55,2.73,2.73,1.82,1.82,0.91,0.91,0.91,3.64,6.36,7.27,7.27,7.27,7.27,6.36,4.55,1.82,1.82,2.73,2.73,0.91,0.91,0.91,1.82,1.82,2.73,1.82,0.91,1.82,2.73,2.73,5.45,6.36,5.45,2.73,2.73,2.73,3.64,5.45,5.45,4.55,4.55,4.55,6.36,3.64,2.73,1.82,2.73,1.82,2.73,1.82,2.73,3.64,3.64,4.55,4.55,5.45,6.36,6.36,5.45,5.45,5.45,7.27,5.45,7.27,3.64,5.45,3.64,2.73,3.64,3.64,5.45,4.55,3.64,3.64,3.64,2.73,3.64,3.64,4.55,3.64,5.45,6.36,8.18,10,10,10,8.18,7.27,9.09,10,10,9.09,9.09,8.18,7.27,4.55,5.45,6.36,9.09,7.27,6.36,2.73
274514,"Mid City","Neighborhood","CA",59,"Los Angeles-Long Beach-Anaheim",753899,2.21,4.42,7.09,7.09,4.88,4.07,5.35,3.72,2.79,1.86,3.14,2.56,3.95,5,7.79,8.84,9.77,9.88,9.53,7.44,4.65,4.07,5.47,7.79,9.07,8.49,8.26,7.09,6.98,5.81,6.05,6.05,6.05,6.4,4.65,4.3,4.65,3.6,3.6,5.35,5.93,5.81,4.88,5.47,7.56,7.56,5.93,4.42,4.19,3.49,3.02,2.09,2.21,2.56,2.67,3.95,4.42,4.53,4.65,3.26,2.91,1.63,1.74,2.33,4.07,4.88,3.72,1.74,1.28,1.16,1.28,1.74,1.51,2.09,3.14,5.35,3.72,2.91,1.74,1.86,1.74,1.51,1.16,1.05,1.05,0.93,1.05,1.74,1.98,1.4,1.05,1.16,1.63,2.33,3.37,5.93,6.86,6.74,3.26,3.14,2.44,2.33,1.98,2.09,3.26,3.02
271511,"Northwest","Neighborhood","TX",60,"El Paso",394561,8.75,8.75,10,10,10,8.75,6.25,3.75,5,5,3.75,3.75,3.75,5,6.25,5,5,5,2.5,5,3.75,2.5,2.5,1.25,1.25,3.75,7.5,7.5,6.25,6.25,5,5,6.25,6.25,7.5,7.5,6.25,5,2.5,3.75,3.75,3.75,2.5,1.25,1.25,2.5,3.75,7.5,6.25,7.5,6.25,6.25,6.25,10,7.5,7.5,3.75,5,5,3.75,2.5,1.25,1.25,1.25,1.25,2.5,2.5,2.5,1.25,1.25,1.25,2.5,5,5,5,6.25,5,3.75,2.5,2.5,2.5,2.5,1.25,1.25,1.25,1.25,1.25,1.25,2.5,2.5,2.5,2.5,2.5,2.5,2.5,2.5,1.25,1.25,1.25,2.5,2.5,2.5,2.5,3.75,3.75,1.25
41466,"Van Nuys","Neighborhood","CA",61,"Los Angeles-Long Beach-Anaheim",753899,7.21,5.47,4.53,4.07,3.95,2.67,3.02,4.65,6.86,8.37,8.14,5.35,3.26,1.63,1.51,1.51,3.72,5.93,6.63,4.77,3.6,3.26,4.07,5.35,7.79,8.95,8.95,8.49,7.91,6.98,6.51,7.44,7.09,4.77,3.37,3.72,5.81,4.88,5.47,7.09,8.26,7.79,4.53,1.86,1.51,2.56,3.72,3.72,1.51,1.74,2.56,3.84,3.72,4.65,5.58,5.81,6.05,5.58,4.19,3.95,3.72,4.77,4.07,3.6,3.6,2.79,2.56,1.98,1.98,3.72,4.3,3.95,4.3,4.42,5.58,6.74,6.86,6.74,6.16,4.65,3.02,2.21,3.26,6.16,7.33,7.09,7.33,7.44,6.51,4.07,2.79,2.91,3.14,3.26,2.79,2.56,3.02,4.77,4.65,5.47,6.16,7.44,8.02,7.56,7.44,6.98
275090,"Preston Hollow","Neighborhood","TX",62,"Dallas-Fort Worth-Arlington",394514,1.94,1.94,2.26,3.87,1.29,0.32,0.32,0.32,2.9,6.45,5.16,3.23,3.87,4.19,3.55,2.26,3.55,5.16,8.06,8.39,7.1,6.45,4.84,3.55,2.9,3.23,3.23,3.87,4.84,6.45,5.81,4.52,2.9,2.26,2.26,1.94,2.58,3.87,5.81,5.81,5.48,4.84,4.52,3.23,3.23,3.23,3.87,4.52,3.23,2.58,1.61,2.26,3.55,3.87,4.84,4.84,3.55,3.23,3.87,4.19,5.48,4.84,3.87,2.26,2.9,2.9,3.23,2.58,1.61,0.65,0.65,0.65,0.65,0.97,1.94,2.26,2.58,2.26,2.26,1.61,1.29,0.97,1.29,1.61,1.94,1.94,2.26,1.94,1.94,1.61,1.29,1.29,1.61,1.94,2.26,2.26,1.94,2.58,3.87,4.19,5.16,3.55,2.26,1.61,2.26,2.58
273652,"Estrella","Neighborhood","AZ",64,"Phoenix-Mesa-Scottsdale",394976,7.33,7.67,6,5.67,4.67,5,5,7.67,8,9,9.33,9,9,8.67,8.67,8.67,9,9.33,8.67,7.67,4,3.67,3.33,5.33,6,5.67,5,5.67,5.67,5.67,5.67,4,4.33,3.67,3.67,2.67,4.33,5.67,7,7,7.33,8,8,8,9,9.33,8.67,7.33,6.33,5.33,5.67,5.33,6.33,6.67,7.33,9.33,9.67,9.67,9,9,9,9,9.33,9.67,9.67,9.33,8.33,9,9,9,9,9,9.33,9,9,8.67,8.67,7.33,7,6.67,8,9,9.33,8.67,8.33,7,6.67,7,7.33,7.67,7.67,7.33,6.67,6.33,5.67,6.67,7.33,7.67,8.33,9.67,10,9.67,9.33,8,8,9
41131,"Sun Valley","Neighborhood","CA",65,"Los Angeles-Long Beach-Anaheim",753899,5,3.14,2.56,2.21,3.26,5.58,7.91,9.3,9.65,8.49,6.28,3.14,4.77,4.77,6.98,7.44,8.49,8.6,8.6,8.84,7.91,6.4,4.65,3.26,4.3,4.65,5.58,4.07,2.79,1.16,0.81,0.7,0.93,1.28,3.14,6.63,6.51,6.98,6.4,7.44,5.23,4.42,4.19,5,4.77,5.7,5.7,6.05,6.28,7.09,8.02,6.86,5,5.23,6.28,4.3,1.86,1.05,2.21,4.53,6.86,6.16,5.35,4.53,4.65,4.53,4.07,4.19,4.88,6.98,7.79,7.33,6.28,5.23,4.65,3.37,3.37,5,6.86,8.72,9.77,9.88,10,9.65,7.67,6.74,5.12,6.05,4.88,7.09,6.16,6.05,5.35,6.16,6.86,3.84,2.67,1.86,4.19,4.53,5.35,6.28,9.42,9.53,9.53,8.72
33183,"Northridge","Neighborhood","CA",66,"Los Angeles-Long Beach-Anaheim",753899,5.93,6.28,6.74,6.63,7.44,6.16,6.4,5.23,4.88,3.72,3.72,3.49,3.84,3.95,4.42,5.23,5.23,5.35,6.16,7.56,7.33,7.56,6.98,7.09,6.98,7.21,7.44,7.33,7.79,7.79,7.56,6.86,6.51,5.93,5.93,5.58,6.16,6.63,7.09,6.74,5.47,4.19,3.72,3.14,3.37,3.6,4.19,4.3,3.14,2.79,2.33,2.44,2.56,2.21,2.21,2.44,2.56,3.02,3.26,3.14,3.49,4.19,4.53,5.81,6.05,6.16,5.58,4.88,5.35,6.28,6.86,7.56,7.33,7.67,7.79,7.44,7.79,7.91,7.09,5.47,5,4.3,4.07,3.95,3.37,3.26,3.02,3.37,3.14,2.56,2.33,2.79,2.79,3.14,3.95,4.3,4.65,5.47,6.05,5.93,6.05,5.93,5.93,6.05,5.47,5
18131,"Flushing","Neighborhood","NY",67,"New York-Newark-Jersey City",394913,9.2,9.03,6.64,4.16,2.3,1.68,1.24,0.71,0.44,0.18,0.44,2.12,7.35,8.67,8.58,8.58,8.5,8.67,8.85,8.94,7.08,4.87,3.19,4.07,4.78,5.22,4.78,4.96,5.13,5.31,2.83,1.95,1.59,2.12,2.21,1.95,1.77,3.81,1.77,0.71,0.53,1.06,2.21,3.27,4.42,6.19,7.43,8.14,5.93,3.19,3.27,5.93,6.99,7.61,6.11,2.39,0.44,0.35,1.15,4.87,6.19,6.11,5.31,4.6,3.36,2.39,1.59,1.5,0.8,0.88,1.15,2.21,3.1,4.16,4.69,6.11,6.19,6.9,6.02,4.69,2.65,2.3,2.12,2.92,4.69,5.49,5.84,5.04,4.42,3.54,4.51,5.4,6.55,7.35,7.17,6.37,5.13,3.81,2.12,1.06,0.71,0.53,0.71,0.97,1.68,2.04
15046,"Alafaya","Neighborhood","FL",68,"Orlando-Kissimmee-Sanford",394943,4,4,3,3,2,1,2,2,2,3,3,4,3,3,3,4,4,3,4,5,7,6,6,6,4,3,3,4,7,10,9,9,6,5,4,6,5,4,3,3,5,4,8,7,8,7,6,6,6,7,6,7,7,8,7,7,7,7,9,9,10,9,8,8,8,9,9,10,10,7,8,9,9,7,6,7,6,7,8,7,7,7,7,7,8,7,6,6,6,7,7,6,6,5,5,5,6,5,3,5,6,7,6,6,6,6
27182,"South Ozone Park","Neighborhood","NY",69,"New York-Newark-Jersey City",394913,9.82,9.65,9.38,8.05,7.7,7.79,7.96,8.41,8.5,8.85,8.14,7.52,6.9,6.64,6.81,7.17,7.26,6.81,6.64,7.96,8.58,8.32,7.43,6.81,6.9,6.81,6.99,6.81,7.26,7.79,7.96,8.23,7.43,6.99,7.08,7.26,8.5,8.32,8.05,6.81,5.13,4.78,5.13,5.4,5.49,4.78,3.1,2.48,1.86,2.04,3.36,3.36,3.36,3.54,4.78,8.41,9.56,9.91,9.47,4.96,0.18,0.53,2.92,5.93,5.84,6.81,8.41,9.12,8.76,9.12,9.2,9.03,9.12,8.58,8.41,8.58,8.58,7.96,6.73,4.25,3.98,3.98,5.22,6.73,7.35,7.43,6.9,6.64,5.31,5.31,4.78,4.16,4.42,5.22,4.6,3.54,3.72,5.31,5.58,6.19,6.11,6.9,7.61,6.81,6.19,3.89
267900,"Ahwatukee Foothills","Neighborhood","AZ",70,"Phoenix-Mesa-Scottsdale",394976,4.33,4.33,5,5.33,5,4.67,4,3.67,3.33,2.67,3.33,3.33,4,5.33,6,6.33,6.33,6.67,6,6,7,8,8,7,3.67,3,3.67,4.67,5,5,6.33,5.33,5.67,4.67,4.67,5,5,4.67,5.33,5.67,6,5.67,4.33,4.67,4.67,5.33,5,5.33,5.33,5,3.33,3.67,4,3,3.33,4,3.67,4,3.67,4,3.33,3.33,3.33,2.33,2.33,2.33,2.67,3,3,3.33,2.67,2.33,2.33,2.33,2.67,3.67,4.33,4.33,4.33,3.33,2.67,3,3,2.33,2,1.33,2,3.33,4.33,4.67,4.67,4,4.33,4.67,5,5.33,6,6.33,6.33,6.67,7.67,7.33,6.33,6.67,6.67,6
34213,"Sylmar","Neighborhood","CA",71,"Los Angeles-Long Beach-Anaheim",753899,3.6,2.79,2.79,3.72,5,5.7,5.81,5.81,5.12,6.05,7.67,7.79,7.44,6.63,6.16,5.12,4.07,3.14,3.72,3.37,2.79,2.09,1.98,1.98,2.09,3.6,4.19,4.77,5.47,5.47,5.23,2.91,1.51,0.93,1.05,1.05,1.05,1.74,2.21,4.3,4.77,5.12,5.12,3.84,3.26,2.33,2.56,3.14,3.84,4.53,4.53,4.65,3.84,4.53,3.84,3.6,2.91,2.91,2.91,3.49,3.95,4.3,4.3,5.12,4.77,3.02,2.21,2.21,2.79,3.37,3.26,3.26,4.07,3.95,4.77,5.7,5.81,3.72,2.09,2.56,3.84,5.7,4.53,4.42,3.95,3.95,4.3,4.53,4.77,5.7,5.58,4.88,4.88,5.81,5.12,5,3.95,5,5.35,5.12,4.88,4.65,5.12,5.47,4.88,5.58
47651,"Sharpstown","Neighborhood","TX",72,"Houston-The Woodlands-Sugar Land",394692,8.57,8.33,7.86,7.38,7.38,7.14,5.71,5.95,6.43,6.43,6.19,6.67,7.14,6.9,6.67,6.19,5.48,2.62,1.9,2.38,2.86,3.57,3.1,3.81,4.76,4.05,3.1,1.9,1.67,1.19,0.71,0.71,0.71,0.95,1.43,3.1,6.19,6.43,7.86,7.62,7.62,8.57,8.1,6.67,4.29,4.29,6.67,9.05,9.76,10,10,10,7.62,8.33,9.05,10,10,9.76,8.33,7.38,7.86,8.1,8.1,7.62,5.95,5.71,5.71,6.9,7.62,8.1,7.86,8.33,8.33,8.1,5.48,3.57,4.76,7.62,7.86,8.57,7.62,7.86,7.62,7.62,7.38,5.48,3.57,4.05,6.43,8.1,8.57,8.1,8.1,7.62,5.24,4.52,4.52,5.71,6.19,6.19,3.57,3.57,4.05,5.24,7.62,8.57
275950,"West","Neighborhood","TX",73,"Dallas-Fort Worth-Arlington",394514,3.23,3.23,3.55,4.84,5.48,5.48,6.13,5.81,5.48,4.84,3.87,2.58,2.58,2.26,2.9,3.23,2.58,2.26,1.94,3.23,3.87,4.84,6.13,5.81,6.45,7.1,7.42,7.42,7.74,6.13,4.84,4.19,4.84,5.48,5.16,4.52,3.87,2.58,3.23,3.23,3.55,3.55,4.84,4.84,5.16,4.52,5.16,5.16,6.45,7.42,7.1,6.77,6.13,6.13,6.77,7.74,7.1,6.77,6.77,7.1,7.42,7.74,7.74,7.74,7.74,7.74,8.06,8.06,8.06,7.74,7.42,8.06,8.71,8.39,8.39,8.06,7.74,7.1,6.77,6.45,7.1,8.06,8.06,8.06,8.39,8.71,9.03,9.03,9.35,9.03,8.39,8.06,8.06,8.39,8.06,8.06,8.39,8.71,8.06,8.71,8.39,8.39,8.39,8.39,8.39,7.74
46795,"North Hollywood","Neighborhood","CA",74,"Los Angeles-Long Beach-Anaheim",753899,8.02,7.33,7.91,7.33,6.51,3.84,2.21,1.74,2.56,4.42,6.4,7.44,5.93,5.35,5.35,5,5.7,6.51,7.44,6.05,5.47,3.84,4.42,3.37,3.37,2.33,3.37,5.35,6.86,6.86,5.58,4.42,4.3,3.49,2.44,2.44,2.21,5.81,7.91,8.6,8.49,8.6,7.67,7.56,7.91,7.21,6.51,6.51,6.16,7.56,7.67,7.79,5.7,4.07,3.26,5.58,7.67,8.26,7.91,8.49,9.07,8.84,8.14,6.74,6.74,7.21,7.44,7.21,7.33,6.86,7.09,7.67,8.49,8.84,9.53,9.42,9.42,8.95,7.44,5.23,4.65,6.4,8.6,9.53,9.3,7.56,6.05,5.81,6.98,7.91,8.26,7.56,6.28,7.21,6.05,6.63,5.35,6.51,7.67,8.14,8.37,7.79,7.91,7.67,8.14,6.74
54300,"San Pedro","Neighborhood","CA",75,"Los Angeles-Long Beach-Anaheim",753899,1.05,1.74,4.3,5.7,2.67,1.51,0.35,0.35,0.81,3.84,5.35,4.88,4.3,1.28,0.35,0.23,0.23,0.35,1.4,3.14,5.58,8.14,8.26,8.95,8.26,5.81,2.56,1.51,2.09,2.44,4.53,4.3,7.56,8.14,7.21,5,3.14,3.95,6.86,7.21,4.53,2.44,1.86,2.21,2.67,2.44,1.4,1.28,2.33,3.6,4.07,1.74,1.16,1.16,1.98,3.37,3.95,3.49,2.79,2.67,2.44,3.14,2.91,2.21,1.74,1.74,2.44,3.26,5,5.58,5.12,4.88,4.53,4.65,4.3,2.67,3.26,3.95,6.05,6.4,6.63,6.28,5.23,5,5.58,6.98,7.44,7.33,5.58,4.53,4.88,5.58,6.63,6.63,7.09,7.56,7.21,7.91,7.56,7.91,7.09,8.49,8.49,8.6,7.56,6.51
274756,"North Valley","Neighborhood","CA",76,"San Jose-Sunnyvale-Santa Clara",395059,5.45,6.36,5.45,6.36,4.55,5.45,2.73,5.45,9.09,9.09,9.09,9.09,9.09,8.18,9.09,9.09,9.09,9.09,9.09,8.18,8.18,7.27,7.27,7.27,7.27,8.18,8.18,8.18,8.18,8.18,8.18,8.18,8.18,10,10,10,10,9.09,8.18,5.45,4.55,3.64,4.55,5.45,5.45,3.64,3.64,4.55,3.64,3.64,1.82,3.64,4.55,4.55,5.45,5.45,5.45,7.27,8.18,8.18,9.09,9.09,9.09,10,10,10,10,8.18,7.27,6.36,6.36,9.09,9.09,10,9.09,7.27,5.45,5.45,6.36,6.36,7.27,7.27,6.36,5.45,3.64,4.55,6.36,7.27,8.18,6.36,9.09,10,10,8.18,6.36,3.64,1.82,2.73,6.36,8.18,7.27,5.45,1.82,1.82,1.82,1.82
115003,"Evergreen","Neighborhood","CA",77,"San Jose-Sunnyvale-Santa Clara",395059,9.09,8.18,8.18,7.27,7.27,7.27,8.18,7.27,6.36,8.18,6.36,6.36,2.73,3.64,4.55,4.55,4.55,3.64,1.82,0.91,2.73,1.82,1.82,2.73,4.55,4.55,2.73,2.73,1.82,2.73,2.73,2.73,1.82,1.82,1.82,2.73,3.64,4.55,3.64,4.55,5.45,4.55,3.64,2.73,2.73,1.82,1.82,2.73,4.55,5.45,6.36,4.55,3.64,3.64,3.64,1.82,1.82,1.82,1.82,1.82,1.82,1.82,0.91,0.91,1.82,1.82,1.82,0.91,0.91,0.91,0.91,0.91,0.91,0.91,0.91,0.91,1.82,1.82,1.82,1.82,1.82,1.82,1.82,1.82,1.82,1.82,1.82,1.82,2.73,1.82,0.91,1.82,2.73,2.73,4.55,5.45,7.27,7.27,8.18,6.36,4.55,4.55,4.55,5.45,5.45,5.45
48570,"Woodland Hills","Neighborhood","CA",78,"Los Angeles-Long Beach-Anaheim",753899,8.49,7.91,7.56,5.81,5.93,6.28,7.09,6.98,5.81,5.23,3.6,3.72,2.91,3.26,3.95,5.81,5.58,3.95,3.14,2.67,3.26,4.42,4.77,3.49,4.19,4.07,4.77,5.7,4.88,4.3,3.26,3.02,3.14,2.91,2.09,2.56,3.02,4.42,4.19,4.07,3.84,3.72,3.6,2.56,1.86,1.51,1.98,2.09,1.98,2.21,2.91,4.07,4.19,3.72,3.37,3.26,3.14,3.37,3.84,4.3,4.07,4.53,5,6.05,6.98,5.81,4.88,3.49,3.14,2.91,3.95,5.12,5.47,5.35,5,4.07,4.19,4.65,5.23,4.53,3.95,2.91,2.67,2.33,2.44,2.09,2.44,3.49,3.26,3.49,2.67,3.02,2.44,2.79,2.44,2.33,1.98,2.44,2.33,3.37,3.84,3.37,2.56,1.74,1.98,1.98
403553,"Eldridge - West Oaks","Neighborhood","TX",79,"Houston-The Woodlands-Sugar Land",394692,3.57,2.62,2.14,3.57,6.43,6.19,6.67,3.1,5.95,6.9,7.86,7.38,6.43,5.24,5,4.52,3.1,5.48,6.67,7.86,7.14,5,2.14,1.19,0.95,1.67,1.67,6.19,7.14,8.57,8.57,8.81,8.81,8.1,7.86,7.14,6.67,7.62,8.1,7.38,5.71,3.81,6.19,8.81,9.05,9.29,10,10,9.05,8.81,8.57,8.1,9.29,10,10,9.52,9.05,7.86,7.38,6.9,5.24,5.24,4.29,6.67,7.62,8.81,8.81,7.86,7.86,7.14,6.9,6.67,6.9,6.67,6.43,5,3.1,4.29,5.48,7.62,7.14,7.14,6.9,7.38,6.9,5.24,5.71,6.19,7.14,6.67,6.19,5.24,5.24,6.9,7.62,6.9,6.19,5.48,5.71,4.52,4.29,2.86,3.1,3.57,4.29,5
27080,"Sherman Oaks","Neighborhood","CA",80,"Los Angeles-Long Beach-Anaheim",753899,4.77,3.37,1.98,2.91,4.3,5.81,6.63,7.33,6.74,7.44,8.02,8.6,7.21,8.6,8.84,8.49,6.16,3.26,2.44,2.79,3.95,6.05,5.7,4.77,5.47,6.16,6.98,6.74,6.74,6.51,6.16,6.4,6.86,5.58,4.88,3.6,5.47,6.16,7.56,7.67,7.79,7.67,7.09,6.16,4.65,5.58,6.05,6.63,6.63,6.51,6.63,6.98,8.02,8.14,7.56,6.05,5.23,5.7,6.4,7.21,7.21,6.28,5.93,4.88,5.12,5.12,4.42,4.07,3.26,1.86,2.33,2.79,4.65,4.77,5.12,5.47,4.42,3.49,3.14,3.72,3.49,3.49,3.72,3.72,3.6,3.37,3.6,4.88,6.63,7.56,7.09,5.23,3.72,3.95,3.26,3.02,2.44,2.67,2.56,1.98,2.09,2.21,2.33,3.14,4.07,4.65
40215,"Pacoima","Neighborhood","CA",81,"Los Angeles-Long Beach-Anaheim",753899,5.12,6.74,6.86,8.37,9.42,9.77,8.95,7.79,7.44,7.79,8.6,6.98,4.42,2.21,2.21,3.6,3.14,2.56,3.02,5.12,7.09,7.21,6.16,5.12,4.88,5.47,5.7,3.84,3.26,3.72,5.81,8.02,5.7,2.21,1.28,2.67,8.26,9.07,7.44,5.81,7.09,8.72,9.3,8.26,6.98,5.93,6.86,7.56,7.44,6.28,5.12,3.37,2.44,2.44,2.44,2.91,2.67,4.42,6.05,5.58,4.42,3.49,5.58,7.67,8.72,7.91,7.09,6.05,7.44,7.56,7.21,5,3.37,1.74,3.26,4.65,5.35,5.12,5.58,7.79,8.6,9.65,9.19,7.67,4.77,3.72,2.79,3.6,3.95,6.74,8.14,8.84,8.84,8.72,9.3,9.42,7.67,3.26,1.63,1.74,1.4,1.16,1.28,1.98,3.95,7.56
196538,"Murray Hill","Neighborhood","NY",82,"New York-Newark-Jersey City",394913,9.29,7.96,6.55,5.84,6.11,6.19,5.49,5.31,4.96,6.46,4.78,2.83,1.95,2.21,3.45,4.34,5.22,5.66,6.37,6.19,4.87,3.54,3.27,2.92,2.83,3.72,4.34,5.31,5.84,6.55,6.81,6.64,5.66,4.78,3.63,3.98,6.02,6.9,6.99,5.66,4.96,4.96,5.66,4.78,4.51,2.57,2.04,1.24,1.15,1.68,3.72,3.89,4.16,6.02,6.64,6.73,6.02,6.11,6.64,6.46,5.13,4.6,5.84,6.73,4.51,1.59,1.5,2.48,2.65,1.86,1.59,3.63,5.75,6.64,5.49,4.34,4.34,4.42,4.07,3.45,3.63,3.27,2.65,2.3,1.95,3.27,4.42,5.75,6.37,6.55,3.81,0.53,0.44,0.35,0.53,0.97,1.24,0.88,0.71,1.15,2.39,3.01,3.63,3.98,3.54,2.39
270318,"North Raleigh","Neighborhood","NC",83,"Raleigh",395012,6.36,6.36,6.36,4.55,5.45,4.55,6.36,6.36,6.36,5.45,6.36,8.18,7.27,9.09,8.18,8.18,7.27,8.18,7.27,6.36,5.45,5.45,7.27,7.27,7.27,6.36,8.18,9.09,8.18,8.18,6.36,5.45,3.64,3.64,3.64,4.55,4.55,5.45,3.64,4.55,7.27,9.09,9.09,8.18,7.27,7.27,8.18,6.36,6.36,4.55,4.55,4.55,6.36,6.36,5.45,5.45,4.55,4.55,5.45,5.45,5.45,6.36,6.36,5.45,5.45,5.45,5.45,4.55,4.55,4.55,4.55,4.55,4.55,4.55,4.55,4.55,4.55,4.55,4.55,4.55,4.55,4.55,4.55,4.55,4.55,4.55,4.55,4.55,4.55,4.55,4.55,4.55,4.55,4.55,4.55,4.55,4.55,4.55,4.55,4.55,4.55,3.64,4.55,4.55,5.45,5.45
343228,"Southwest","Neighborhood","CA",84,"San Diego-Carlsbad",395056,7.93,7.24,5.86,5.52,4.48,6.55,7.24,7.93,5.52,6.21,6.21,6.55,7.24,6.9,6.9,6.21,6.21,6.21,5.52,5.52,4.48,3.1,3.1,2.76,4.48,4.48,4.48,5.17,5.86,4.83,3.1,3.1,6.21,9.31,9.31,6.21,3.79,3.45,5.17,7.24,7.93,4.83,4.48,2.76,4.14,4.48,3.79,5.17,6.55,8.28,9.31,8.97,7.59,5.52,5.52,4.48,5.52,4.48,6.21,7.24,7.93,6.21,6.55,7.93,7.93,7.59,7.59,6.21,4.83,3.1,3.1,2.76,3.45,5.17,6.55,6.9,4.48,3.45,2.76,3.1,3.1,4.48,5.17,6.55,6.21,5.86,5.17,5.17,5.52,5.86,6.9,4.83,4.14,4.48,6.9,6.55,5.52,5.17,5.86,6.21,5.86,6.9,8.97,9.31,9.66,8.97
37739,"Canyon Country","Neighborhood","CA",85,"Los Angeles-Long Beach-Anaheim",753899,3.49,2.67,2.67,1.63,2.33,2.79,2.44,2.44,1.86,2.67,1.86,2.79,3.37,4.19,4.65,4.88,3.84,2.21,2.21,2.91,3.84,3.37,3.6,2.56,1.98,2.21,3.49,6.16,7.09,7.21,6.98,5.7,4.88,3.95,3.95,5.47,6.98,8.37,8.26,7.91,7.33,7.44,6.05,5.93,5.58,6.4,5.81,5.47,4.53,4.65,4.88,5.47,5.12,5.58,4.88,3.72,4.19,5.35,5.81,5,5.47,6.05,6.63,6.4,6.4,6.63,6.05,5.93,5.93,5.81,6.28,6.74,7.44,8.37,8.95,8.49,7.91,7.56,6.74,6.05,5.93,6.05,5.58,5.81,5.23,4.42,4.65,5.12,5.47,5.81,5.12,4.07,3.37,3.02,3.02,3.95,3.6,3.02,3.95,4.65,4.77,4.07,3.6,3.49,3.6,4.42
116625,"Mira Mesa","Neighborhood","CA",86,"San Diego-Carlsbad",395056,9.31,8.97,7.93,7.59,8.28,8.97,7.93,5.52,5.86,8.28,8.97,8.62,7.59,7.59,7.59,6.55,5.17,4.83,6.9,8.62,9.31,9.31,9.66,8.97,8.97,8.97,9.66,10,9.66,9.31,6.55,6.9,8.97,9.66,9.66,9.66,10,9.66,10,10,10,10,10,10,9.66,8.28,7.24,7.93,8.28,10,9.66,9.66,10,9.66,9.31,8.62,7.59,8.28,8.62,9.31,8.97,6.55,5.17,6.21,7.24,7.93,8.62,8.62,9.31,9.31,9.31,9.31,9.31,9.31,9.66,9.66,10,10,10,10,10,10,9.66,10,10,10,10,9.66,9.66,9.31,9.66,10,10,9.66,9.66,9.66,9.66,9.66,10,10,10,10,10,9.66,10,10
118872,"West Anaheim","Neighborhood","CA",87,"Los Angeles-Long Beach-Anaheim",753899,6.51,7.56,8.37,8.72,8.49,8.14,7.44,6.74,6.28,6.63,7.91,8.84,8.95,8.84,7.44,6.51,6.74,8.02,7.67,8.37,7.44,5.93,5,4.3,4.42,3.95,4.07,4.19,4.42,4.19,4.07,3.84,3.84,3.72,2.79,2.91,3.49,3.49,3.84,3.6,4.3,4.07,3.95,3.02,2.91,3.49,4.53,4.88,4.65,5,5.35,6.05,5.81,5.35,4.53,4.77,6.16,7.09,7.09,6.05,6.05,6.4,6.74,7.56,7.67,8.14,8.14,7.67,7.67,7.79,8.84,8.84,9.19,9.07,9.42,9.19,8.72,8.37,8.37,7.67,7.79,8.02,8.49,8.6,7.79,7.21,7.09,6.74,8.02,8.14,8.37,8.14,8.49,8.49,8.49,8.26,8.26,8.02,7.79,7.67,6.63,6.51,5.81,6.4,6.74,6.86
273757,"Forest Hills","Neighborhood","NY",89,"New York-Newark-Jersey City",394913,8.5,8.32,7.26,5.66,4.87,5.31,5.31,4.07,2.39,1.68,2.21,4.6,7.79,8.5,8.14,7.43,6.28,4.87,3.81,3.63,3.63,4.25,4.6,3.72,2.48,1.95,1.68,1.42,1.33,1.24,1.24,1.24,1.15,1.42,1.77,2.04,2.12,3.54,4.87,5.22,5.66,5.58,5.75,5.31,4.34,2.65,1.77,0.88,0.62,0.97,2.48,4.34,6.02,7.17,6.81,5.93,4.6,4.07,3.19,1.86,1.33,1.5,1.5,1.95,2.74,4.07,5.22,5.58,5.66,4.78,3.36,2.48,2.57,2.39,2.83,4.07,5.04,5.93,5.75,3.36,1.86,1.42,0.97,0.97,1.59,2.21,2.74,3.1,3.01,3.1,4.25,4.42,4.51,3.81,2.39,1.77,2.12,2.21,2.3,2.65,3.19,3.63,3.27,2.65,1.5,1.33
273348,"Cordova-Appling","Neighborhood","TN",90,"Memphis",394849,2.73,2.73,3.64,2.73,1.82,1.82,1.82,1.82,2.73,2.73,2.73,3.64,2.73,2.73,2.73,2.73,2.73,3.64,3.64,2.73,2.73,2.73,3.64,3.64,4.55,4.55,3.64,3.64,4.55,3.64,3.64,3.64,3.64,2.73,2.73,2.73,2.73,3.64,3.64,5.45,5.45,6.36,8.18,7.27,8.18,7.27,7.27,7.27,7.27,7.27,7.27,7.27,6.36,6.36,4.55,4.55,5.45,6.36,6.36,4.55,3.64,2.73,2.73,3.64,6.36,6.36,6.36,4.55,5.45,5.45,6.36,7.27,7.27,9.09,9.09,9.09,8.18,7.27,7.27,8.18,9.09,9.09,10,10,10,10,10,10,10,10,10,10,10,10,10,10,10,9.09,9.09,9.09,9.09,9.09,9.09,9.09,10,10
343868,"Northwest Raleigh","Neighborhood","NC",91,"Raleigh",395012,8.18,8.18,8.18,8.18,8.18,8.18,8.18,5.45,5.45,3.64,4.55,5.45,5.45,5.45,4.55,6.36,6.36,9.09,10,9.09,8.18,7.27,8.18,9.09,10,9.09,9.09,8.18,6.36,5.45,5.45,6.36,8.18,9.09,6.36,5.45,5.45,4.55,6.36,8.18,8.18,7.27,7.27,6.36,4.55,6.36,4.55,5.45,5.45,3.64,3.64,3.64,4.55,4.55,4.55,3.64,5.45,6.36,6.36,7.27,8.18,8.18,8.18,8.18,7.27,7.27,7.27,6.36,6.36,6.36,6.36,6.36,6.36,6.36,5.45,5.45,5.45,5.45,5.45,5.45,5.45,5.45,5.45,5.45,5.45,5.45,5.45,6.36,7.27,6.36,5.45,6.36,5.45,5.45,5.45,5.45,5.45,5.45,5.45,5.45,5.45,5.45,5.45,5.45,4.55,4.55
48200,"Valencia","Neighborhood","CA",92,"Los Angeles-Long Beach-Anaheim",753899,4.42,5.23,5.23,5.12,5.7,4.88,6.28,6.16,5.58,5.47,6.16,6.63,6.51,7.21,6.86,6.74,6.05,6.05,5.35,5.81,6.05,6.63,7.21,7.91,8.49,8.02,7.67,7.56,8.02,8.26,7.67,6.63,6.74,7.09,5.7,4.53,4.53,5.47,7.79,8.49,8.72,8.49,6.98,6.98,4.88,6.51,6.98,6.98,6.86,6.05,6.74,7.67,8.6,7.79,6.4,5.35,5.81,6.4,6.86,5.47,5.81,6.86,7.67,7.21,6.63,5.93,5.81,5.12,4.77,5.35,6.4,6.98,6.63,6.74,6.74,7.67,8.6,8.49,8.49,6.86,6.74,7.09,7.44,7.09,7.09,7.67,7.56,7.79,7.91,7.44,6.63,6.74,5.93,4.42,3.72,3.49,3.72,3.6,3.49,3.72,3.95,3.72,3.84,4.19,4.77,5.7
40548,"Reseda","Neighborhood","CA",93,"Los Angeles-Long Beach-Anaheim",753899,3.37,3.72,4.88,6.51,7.56,7.79,7.56,7.56,7.56,5.58,5,2.44,4.53,5.58,7.91,7.91,7.44,5.23,3.49,2.44,2.21,4.65,5.93,8.37,8.6,8.14,8.02,7.79,7.56,5.35,5.12,3.95,5.23,7.56,8.26,8.49,6.74,7.09,8.14,8.26,8.37,7.56,6.86,6.51,6.05,5.12,4.3,2.79,4.07,4.77,5.47,5.81,5.93,7.33,7.79,8.02,7.09,6.98,5.93,7.09,6.98,7.56,7.09,7.09,8.02,8.26,8.6,6.86,6.4,6.4,8.14,8.6,8.14,7.09,6.98,8.02,8.02,8.26,7.67,6.98,6.4,5.58,4.77,5.35,5.81,6.16,6.86,6.86,7.21,5.93,4.53,3.6,4.19,5.47,7.79,7.91,8.6,7.67,5.93,5.58,5.47,6.63,7.21,8.49,9.3,9.07
232166,"Clear Lake","Neighborhood","TX",94,"Houston-The Woodlands-Sugar Land",394692,5.95,4.52,4.76,4.52,5,4.05,4.05,3.81,4.52,3.33,2.86,2.86,3.33,4.05,4.05,4.76,3.33,3.57,3.1,4.05,3.81,4.52,4.29,5.24,5.95,6.19,6.19,5.95,5,3.81,3.81,4.52,3.81,3.1,3.1,3.33,3.33,3.57,4.52,4.29,5.48,5.24,4.52,5,5.24,5,5.24,5.48,6.43,7.62,8.33,9.05,9.05,8.81,8.1,8.33,8.57,9.29,8.81,9.05,9.05,8.81,8.81,9.29,9.52,9.29,9.05,8.81,8.81,8.81,9.29,8.81,8.81,9.05,9.29,9.29,9.29,9.29,9.29,9.05,8.81,8.81,9.05,9.05,8.81,9.52,9.76,9.76,9.76,9.52,9.05,8.81,8.81,8.57,8.57,9.29,9.52,9.52,9.29,9.29,9.52,9.05,9.05,8.81,8.81,8.33
271326,"Central Southwest","Neighborhood","TX",95,"Houston-The Woodlands-Sugar Land",394692,1.67,1.67,1.43,1.67,1.9,2.62,2.86,5.71,6.9,8.33,5.95,3.81,2.14,1.67,1.19,0.48,0.48,0.71,1.19,2.86,4.52,3.81,3.81,4.05,5,4.52,5.24,4.52,3.81,1.43,1.9,1.19,1.43,0.71,0.71,0.71,1.67,1.43,1.43,1.43,2.14,3.1,4.29,5.24,6.19,5.71,6.9,8.1,7.38,3.33,1.43,2.14,1.67,1.9,1.67,2.62,6.67,8.1,9.52,8.81,8.81,8.33,9.05,8.57,8.81,9.05,10,10,9.76,9.05,8.81,8.57,9.05,9.29,9.05,9.05,9.52,9.52,9.52,9.52,9.52,9.29,9.29,9.29,9.05,9.05,8.1,7.62,8.57,9.29,9.52,9.29,9.29,9.29,8.81,9.05,9.05,9.29,9.52,9.76,9.76,9.76,9.76,9.52,9.76,9.76
271503,"Northeast","Neighborhood","TX",96,"El Paso",394561,3.75,5,3.75,3.75,5,5,5,10,8.75,7.5,6.25,6.25,6.25,3.75,2.5,1.25,3.75,2.5,6.25,7.5,8.75,8.75,8.75,8.75,8.75,8.75,3.75,1.25,1.25,1.25,1.25,1.25,1.25,1.25,2.5,2.5,2.5,1.25,1.25,5,6.25,6.25,6.25,3.75,5,7.5,6.25,6.25,5,3.75,1.25,1.25,1.25,2.5,2.5,3.75,6.25,3.75,7.5,6.25,5,5,5,3.75,2.5,5,6.25,8.75,8.75,6.25,6.25,6.25,7.5,7.5,6.25,2.5,1.25,1.25,1.25,1.25,1.25,1.25,3.75,3.75,5,5,3.75,5,3.75,5,3.75,6.25,6.25,7.5,7.5,6.25,5,5,6.25,5,3.75,5,6.25,8.75,10,10
403169,"West Rogers Park","Neighborhood","IL",97,"Chicago-Naperville-Elgin",394463,9.17,9.31,9.31,9.31,9.31,9.58,9.17,9.03,8.75,9.17,9.31,8.89,8.75,8.75,8.75,8.47,8.89,9.17,7.92,6.81,5,5.28,6.67,7.64,7.92,7.92,8.75,8.19,6.53,3.89,4.03,4.44,6.11,4.58,4.31,3.89,4.03,4.03,4.17,5.97,8.06,8.19,7.92,5.28,5.28,4.58,5.97,8.06,8.75,7.5,5.14,3.89,4.44,7.08,6.94,6.94,3.75,2.64,3.19,2.92,3.47,2.92,3.06,2.92,4.44,5.14,4.17,4.44,4.44,5.56,5.42,4.31,3.61,3.89,4.86,5.56,5.42,4.44,3.89,4.03,5.14,6.67,5.69,5.14,5.28,6.25,6.25,6.25,5.83,6.11,5.69,5.28,4.86,4.31,5.56,4.31,2.08,1.81,2.92,4.44,2.64,2.08,1.67,1.81,1.94,2.36
270829,"East Village","Neighborhood","NY",98,"New York-Newark-Jersey City",394913,8.76,9.29,9.47,9.73,9.73,9.73,9.65,9.29,9.03,9.29,9.73,9.73,9.73,9.73,9.73,9.73,9.73,9.56,9.29,8.85,9.12,9.38,9.65,9.65,9.56,9.65,9.65,9.73,9.65,9.65,8.76,8.05,8.32,8.94,8.85,8.58,8.41,7.7,7.35,7.17,7.08,7.43,8.14,6.02,4.78,6.02,9.47,9.91,9.91,9.65,8.85,8.32,7.79,8.58,8.85,6.99,5.93,5.13,7.35,7.79,7.26,5.58,5.13,5.58,6.11,6.37,8.23,8.58,8.67,8.23,6.9,5.84,5.13,4.87,4.34,4.69,3.54,2.39,1.42,1.95,3.72,6.11,7.79,7.26,6.28,6.55,4.6,3.72,3.45,6.46,8.76,9.29,9.65,9.03,8.76,7.7,5.4,3.89,3.89,5.4,7.7,7.43,6.19,5.13,4.34,3.36
275424,"South Dorchester","Neighborhood","MA",99,"Boston-Cambridge-Newton",394404,8.46,5.38,3.85,2.31,2.31,3.85,3.08,3.85,4.62,4.62,4.62,3.08,5.38,4.62,4.62,5.38,8.46,6.92,4.62,3.85,3.85,3.08,2.31,2.31,3.85,3.85,3.85,3.85,2.31,3.08,2.31,2.31,1.54,2.31,1.54,2.31,2.31,1.54,1.54,1.54,1.54,1.54,1.54,1.54,1.54,2.31,2.31,2.31,3.08,3.08,3.08,3.08,3.08,3.08,3.08,3.08,3.08,3.85,4.62,3.85,3.85,3.85,3.08,2.31,3.08,3.85,3.85,3.85,3.85,1.54,1.54,2.31,3.08,6.15,6.15,4.62,1.54,1.54,1.54,2.31,2.31,2.31,2.31,2.31,2.31,3.08,3.85,4.62,6.15,4.62,6.15,5.38,3.85,3.85,3.08,0.77,0.77,1.54,1.54,3.08,4.62,6.15,3.08,2.31,1.54,2.31
197044,"Park Slope","Neighborhood","NY",100,"New York-Newark-Jersey City",394913,2.57,2.57,3.36,4.78,6.02,6.9,6.55,7.08,7.35,7.61,7.7,7.96,8.05,8.05,8.23,8.14,7.79,5.75,3.27,1.24,1.68,3.81,7.7,8.67,8.32,7.17,5.13,5.58,6.73,7.35,7.08,7.08,7.96,8.14,7.96,8.05,8.23,8.5,8.85,9.03,9.29,9.29,9.29,9.2,8.94,8.41,7.88,8.32,8.67,8.58,8.05,7.52,6.37,6.9,7.7,8.58,8.41,8.05,8.05,8.23,7.96,7.26,7.79,8.85,9.03,8.41,7.43,7.35,7.17,7.17,6.19,5.66,4.78,6.28,7.7,8.5,8.94,8.76,7.88,7.35,7.26,8.14,8.41,8.14,7.7,7.26,7.61,7.52,8.05,8.05,7.79,7.79,7.35,7.43,7.96,7.52,6.9,6.9,6.37,6.37,5.84,6.02,6.11,6.55,6.64,6.9
273973,"Hickory Ridge-South Riverdale","Neighborhood","TN",101,"Memphis",394849,7.27,7.27,9.09,10,10,9.09,7.27,8.18,8.18,10,10,8.18,9.09,9.09,7.27,6.36,7.27,9.09,9.09,9.09,7.27,6.36,5.45,6.36,7.27,8.18,7.27,7.27,6.36,6.36,8.18,9.09,9.09,10,10,10,9.09,10,9.09,8.18,8.18,8.18,9.09,8.18,7.27,4.55,3.64,3.64,3.64,4.55,3.64,5.45,7.27,8.18,7.27,7.27,7.27,4.55,5.45,5.45,6.36,6.36,5.45,6.36,7.27,9.09,8.18,8.18,9.09,7.27,4.55,4.55,4.55,4.55,4.55,5.45,6.36,6.36,6.36,6.36,8.18,8.18,8.18,8.18,8.18,8.18,8.18,8.18,6.36,6.36,6.36,6.36,7.27,7.27,9.09,9.09,8.18,8.18,8.18,8.18,8.18,7.27,7.27,7.27,6.36,5.45
403558,"South Belt - Ellington","Neighborhood","TX",102,"Houston-The Woodlands-Sugar Land",394692,3.33,4.05,3.1,2.14,2.38,2.86,3.1,2.38,2.14,5.24,6.9,7.86,6.19,5.71,5.48,5.24,4.76,4.76,5.48,6.19,5.71,6.9,5.71,5.71,5.71,5.48,3.81,4.05,2.86,2.62,2.14,2.38,1.9,1.43,1.19,1.9,2.14,1.9,1.19,0.95,0.24,0.24,0.48,0.95,1.9,1.67,1.67,2.62,3.57,4.05,6.9,6.9,8.1,8.1,8.57,9.29,9.52,9.52,10,9.52,9.29,8.57,8.33,8.81,8.57,8.33,8.33,9.52,10,10,9.76,10,9.52,9.76,10,10,9.76,9.76,9.76,9.76,9.76,9.76,10,9.76,10,10,10,10,10,10,10,9.76,9.76,9.05,9.52,9.76,10,10,10,10,10,10,9.29,9.29,9.29,9.05
13176,"Panorama City","Neighborhood","CA",103,"Los Angeles-Long Beach-Anaheim",753899,9.53,9.65,9.3,9.19,9.07,8.02,6.98,4.77,6.98,6.4,6.74,2.67,3.72,3.37,5.47,5.58,5.81,5.7,4.53,4.19,4.77,4.88,5.81,6.98,7.91,6.74,3.72,2.44,1.63,3.84,5.7,8.95,7.79,6.28,3.72,2.33,1.98,2.67,4.42,3.14,3.72,4.65,8.72,8.14,6.28,4.3,3.6,5.12,5.58,4.88,3.72,1.86,3.02,3.37,4.19,4.42,3.37,1.51,0.7,1.74,3.37,6.74,7.44,6.98,6.16,5,2.67,1.51,0.93,1.51,2.91,3.37,3.49,3.37,2.91,2.56,2.09,0.93,0.93,0.58,0.7,1.16,1.98,1.86,3.84,4.07,3.84,1.86,2.09,2.67,4.77,6.98,8.6,9.3,9.07,8.37,7.09,4.88,4.42,3.84,2.91,2.56,3.72,5.81,8.26,8.26
274117,"Jackson Heights","Neighborhood","NY",104,"New York-Newark-Jersey City",394913,8.58,8.58,8.76,8.85,8.85,8.76,8.76,8.85,8.67,9.03,6.64,2.57,0.53,0.88,0.97,1.33,1.59,1.95,2.21,2.65,2.92,2.83,2.65,1.24,1.06,0.8,0.53,0.44,0.44,0.71,1.06,1.5,1.33,2.39,4.07,7.17,4.51,1.77,0.62,0.8,1.95,3.01,4.6,3.89,6.19,5.93,5.84,3.63,0.8,0.44,0.71,3.81,6.11,7.26,4.51,3.19,2.65,2.83,2.74,4.42,5.31,5.66,4.42,3.72,3.19,4.51,5.13,5.84,5.49,5.13,5.75,6.19,6.11,5.4,4.78,2.04,1.42,0.53,1.06,1.59,3.01,3.63,4.96,5.49,5.13,3.72,2.57,2.65,4.16,3.63,5.93,6.99,8.58,8.41,6.55,4.07,2.74,2.83,2.57,2.39,0.97,0.97,0.44,0.8,1.33,1.95
238122,"Greater Fondren Southwest","Neighborhood","TX",105,"Houston-The Woodlands-Sugar Land",394692,2.38,1.43,0.95,0.71,2.86,4.76,7.86,7.38,8.1,7.14,5.48,5.71,4.05,3.81,1.9,1.67,1.43,1.43,0.48,0.48,0.48,2.38,5.95,9.29,2.38,0.24,0.24,0.48,0.48,0.71,0.95,0.48,2.14,3.81,5,2.86,1.19,0.48,0.24,0.71,0.95,1.43,1.9,3.33,4.76,8.1,7.62,6.67,3.33,1.9,1.19,1.43,2.14,3.1,5.24,6.43,8.1,8.33,9.05,9.29,9.52,9.05,9.29,8.33,7.86,7.62,8.1,8.1,8.1,7.86,8.1,9.29,10,8.81,8.57,8.57,8.33,8.33,8.81,8.81,9.05,9.05,8.57,7.86,8.1,8.1,7.62,7.86,8.1,8.57,8.33,8.57,8.33,8.33,8.33,8.33,8.81,8.81,8.81,8.57,8.57,8.33,7.62,8.1,8.57,9.29
343869,"Northeast Raleigh","Neighborhood","NC",106,"Raleigh",395012,7.27,7.27,7.27,6.36,6.36,3.64,1.82,3.64,3.64,2.73,2.73,3.64,4.55,4.55,5.45,7.27,8.18,6.36,6.36,5.45,3.64,4.55,5.45,5.45,4.55,4.55,5.45,5.45,5.45,6.36,7.27,7.27,6.36,7.27,8.18,7.27,7.27,6.36,7.27,5.45,4.55,4.55,5.45,3.64,3.64,2.73,5.45,8.18,7.27,7.27,6.36,7.27,8.18,8.18,7.27,7.27,7.27,7.27,7.27,6.36,7.27,7.27,7.27,6.36,6.36,6.36,6.36,7.27,7.27,7.27,7.27,8.18,8.18,8.18,8.18,10,7.27,7.27,7.27,7.27,7.27,7.27,6.36,8.18,8.18,8.18,10,10,10,9.09,9.09,7.27,7.27,6.36,6.36,6.36,6.36,6.36,6.36,6.36,6.36,6.36,7.27,8.18,8.18,7.27
273167,"Cedar Crest","Neighborhood","TX",107,"Dallas-Fort Worth-Arlington",394514,9.68,9.68,9.68,9.68,9.68,9.68,9.68,9.68,9.68,9.68,9.68,9.68,9.68,9.68,9.68,9.68,9.35,9.35,9.35,9.35,9.35,9.68,9.68,9.68,9.68,10,9.35,9.03,9.35,9.03,4.52,1.94,1.29,0.97,0.65,0.97,0.65,0.32,0.32,0.32,1.94,1.94,1.94,1.61,7.1,10,10,9.68,9.35,9.03,9.03,9.03,9.03,8.39,6.13,2.58,0.97,0.32,0.32,0.97,0.97,0.97,0.97,0.32,0.32,0.32,0.65,1.29,1.94,2.26,1.61,2.58,2.9,4.19,3.55,3.87,2.9,1.94,1.61,0.65,0.97,1.94,3.23,4.52,5.81,5.81,3.87,2.58,2.58,2.9,3.23,3.55,3.55,3.23,3.87,3.55,2.58,2.26,1.94,2.9,4.84,7.74,7.74,7.42,7.42,6.77
246678,"Princess Anne","Neighborhood","VA",108,"Virginia Beach-Norfolk-Newport News",395194,8.7,8.91,8.48,8.04,8.04,7.61,8.26,6.96,6.96,6.74,7.39,7.39,7.61,8.26,8.91,9.13,8.48,8.04,8.04,8.91,9.57,8.7,8.26,7.83,8.04,8.04,8.48,8.26,8.48,8.04,8.7,8.26,7.17,6.96,6.3,6.09,6.09,5.87,6.3,6.74,6.52,6.09,3.91,3.04,3.91,3.7,5.22,5,4.35,3.7,4.35,4.78,5.65,5.65,5.43,6.09,5.43,4.57,5,6.52,7.61,7.83,7.61,8.04,9.57,8.91,8.48,7.61,7.39,7.17,7.17,6.52,6.52,7.61,8.7,9.13,8.91,9.35,9.13,9.35,8.7,8.04,7.83,8.48,8.48,9.13,9.13,9.35,8.91,8.7,7.39,6.74,5.65,5.22,4.78,7.39,8.26,6.52,6.09,7.61,8.48,9.35,8.91,8.26,6.52,5.87
275471,"Southeast Colorado Springs","Neighborhood","CO",109,"Colorado Springs",394484,10,9.09,9.09,10,10,10,10,10,10,10,10,10,10,10,10,10,10,10,9.09,10,8.18,9.09,7.27,5.45,5.45,4.55,5.45,5.45,5.45,4.55,5.45,4.55,4.55,4.55,5.45,6.36,8.18,7.27,7.27,8.18,10,10,10,10,10,10,10,10,10,10,10,10,10,10,10,10,10,10,10,10,10,10,10,10,10,10,10,10,10,10,10,10,10,10,10,9.09,9.09,9.09,9.09,10,10,10,10,10,10,9.09,10,9.09,10,9.09,8.18,9.09,9.09,9.09,10,10,10,10,10,10,10,10,10,10,10,10
51128,"Brentwood","Neighborhood","NY",110,"New York-Newark-Jersey City",394913,5.13,4.69,3.54,3.54,6.81,8.94,8.94,8.23,7.96,6.81,6.55,6.81,4.6,2.65,2.12,1.59,2.48,4.34,8.58,8.76,6.37,4.96,4.96,5.84,6.02,6.19,4.87,3.81,2.39,3.01,4.16,6.11,6.64,6.81,6.19,4.96,5.13,5.04,5.4,5.49,5.04,3.36,2.3,3.54,5.93,7.35,7.7,7.96,7.43,6.19,5.75,4.51,5.84,7.79,7.79,6.9,6.19,6.02,6.19,5.13,4.25,2.65,2.57,2.04,2.57,3.19,3.36,4.96,6.81,7.7,6.55,4.51,3.45,4.34,5.31,5.13,4.96,3.89,3.27,3.98,6.37,7.08,6.81,7.35,6.37,7.17,7.52,8.23,7.96,7.43,5.04,3.54,2.92,3.1,5.31,6.9,6.81,6.64,6.81,7.7,8.41,7.79,7.96,7.52,7.61,7.26
274526,"Midtown","Neighborhood","TN",111,"Memphis",394849,1.82,1.82,0.91,0.91,0.91,0.91,2.73,2.73,3.64,3.64,4.55,4.55,4.55,4.55,4.55,3.64,3.64,2.73,4.55,4.55,4.55,4.55,4.55,4.55,2.73,0.91,0.91,2.73,5.45,5.45,5.45,4.55,1.82,1.82,1.82,1.82,1.82,1.82,0.91,1.82,1.82,1.82,1.82,1.82,3.64,3.64,5.45,6.36,8.18,8.18,8.18,9.09,8.18,7.27,3.64,3.64,2.73,8.18,9.09,10,10,9.09,9.09,10,10,10,10,7.27,7.27,9.09,9.09,8.18,8.18,8.18,8.18,8.18,9.09,9.09,8.18,7.27,5.45,3.64,6.36,7.27,7.27,5.45,2.73,2.73,2.73,2.73,2.73,3.64,3.64,4.55,4.55,4.55,4.55,5.45,2.73,1.82,1.82,1.82,2.73,2.73,2.73,2.73
270886,"Midwood","Neighborhood","NY",112,"New York-Newark-Jersey City",394913,4.25,2.04,1.5,1.42,1.77,2.48,3.36,4.34,3.54,2.74,1.59,0.97,0.71,0.8,0.88,1.42,1.77,2.21,2.04,2.3,2.48,2.48,1.68,1.33,1.33,1.33,1.42,1.68,1.77,2.39,2.57,3.45,3.19,1.95,1.24,0.71,0.44,0.09,0.18,0.09,0.18,0.09,0.18,0.35,0.71,0.35,0.09,0.09,1.5,6.02,1.86,0.62,0.09,0.53,1.59,3.36,5.04,4.25,3.54,2.21,4.34,6.28,6.37,4.87,3.72,4.16,4.96,5.04,5.84,5.22,6.11,5.75,4.87,3.01,2.39,2.57,4.16,4.87,6.55,6.55,5.31,5.75,8.05,8.67,8.14,7.52,7.35,4.78,2.39,0.27,0.18,0.27,0.71,2.3,2.12,1.06,0.18,0.18,0.09,0.09,0.35,0.88,3.89,4.25,2.12,1.06
273177,"Centennial Hills","Neighborhood","NV",113,"Las Vegas-Henderson-Paradise",394775,3.88,2.65,3.47,2.65,2.65,2.45,2.65,1.63,2.45,2.24,1.43,1.84,2.04,2.65,4.29,4.49,5.1,4.69,3.67,4.08,4.69,6.12,5.71,4.49,4.29,4.08,4.29,3.88,4.29,4.29,5.92,7.14,6.73,6.53,6.94,6.94,5.51,5.51,5.92,8.37,8.37,7.76,7.76,7.76,7.55,6.53,5.71,5.92,7.35,7.96,8.16,8.16,8.16,7.96,7.55,6.53,4.69,5.1,6.12,7.14,7.55,7.76,7.76,8.37,9.39,8.78,7.55,7.35,7.14,6.94,6.94,6.94,6.53,5.92,5.92,7.14,7.96,7.14,6.53,5.92,6.33,6.53,6.73,6.94,8.16,8.57,8.98,9.18,9.18,8.98,7.96,6.12,4.08,3.47,5.71,7.55,8.57,8.78,9.18,9.18,8.78,7.55,5.51,6.94,7.55,7.76
273540,"East Colorado Springs","Neighborhood","CO",114,"Colorado Springs",394484,5.45,2.73,1.82,1.82,1.82,3.64,3.64,3.64,1.82,1.82,2.73,3.64,2.73,4.55,5.45,6.36,5.45,5.45,6.36,5.45,7.27,7.27,9.09,8.18,8.18,7.27,8.18,9.09,10,10,9.09,7.27,5.45,6.36,6.36,7.27,7.27,9.09,8.18,9.09,9.09,9.09,8.18,8.18,7.27,8.18,6.36,6.36,4.55,4.55,6.36,8.18,9.09,9.09,9.09,9.09,9.09,7.27,8.18,8.18,9.09,9.09,9.09,7.27,7.27,7.27,7.27,9.09,8.18,8.18,8.18,8.18,9.09,9.09,9.09,8.18,7.27,6.36,6.36,2.73,4.55,5.45,6.36,5.45,5.45,5.45,6.36,5.45,6.36,5.45,5.45,4.55,6.36,6.36,6.36,7.27,9.09,8.18,8.18,9.09,9.09,9.09,9.09,9.09,8.18,8.18
45032,"East Elmhurst","Neighborhood","NY",115,"New York-Newark-Jersey City",394913,7.43,6.37,6.28,4.25,4.25,4.07,6.02,7.35,5.66,5.84,5.4,8.23,7.96,8.41,8.41,8.41,8.32,8.5,8.67,9.03,9.2,8.85,8.76,8.05,8.05,8.23,8.41,8.67,8.58,8.58,8.67,8.76,8.76,8.76,7.88,7.35,7.26,6.37,5.93,6.19,6.11,6.64,6.28,5.75,5.84,6.37,3.36,1.33,0.18,0.27,0.27,0.97,0.18,0.09,0.35,0.53,0.35,0.18,0.44,3.72,9.2,7.52,5.4,4.25,5.58,6.55,6.11,6.46,7.61,8.85,8.94,8.5,7.26,7.17,6.99,7.52,7.17,4.78,2.57,4.87,6.28,5.93,4.69,5.66,7.26,6.9,3.63,1.95,1.42,1.95,1.68,2.65,3.1,4.69,4.87,4.96,3.45,3.27,3.45,2.3,1.77,1.06,1.15,1.06,2.39,2.83
274771,"Northeast Colorado Springs","Neighborhood","CO",116,"Colorado Springs",394484,6.36,4.55,5.45,3.64,4.55,4.55,5.45,5.45,3.64,3.64,3.64,5.45,4.55,6.36,9.09,8.18,8.18,9.09,7.27,6.36,6.36,5.45,6.36,6.36,6.36,6.36,7.27,8.18,9.09,9.09,7.27,8.18,7.27,7.27,7.27,5.45,6.36,6.36,5.45,7.27,8.18,7.27,5.45,6.36,4.55,3.64,3.64,3.64,3.64,3.64,4.55,5.45,8.18,8.18,7.27,7.27,8.18,8.18,9.09,9.09,8.18,8.18,8.18,9.09,8.18,8.18,9.09,8.18,7.27,6.36,7.27,7.27,8.18,8.18,8.18,7.27,8.18,8.18,8.18,4.55,5.45,6.36,8.18,7.27,7.27,7.27,7.27,6.36,5.45,3.64,2.73,3.64,3.64,4.55,4.55,5.45,5.45,5.45,5.45,5.45,7.27,7.27,7.27,7.27,7.27,7.27
403215,"Gravesend","Neighborhood","NY",117,"New York-Newark-Jersey City",394913,1.33,1.24,1.68,1.77,2.57,2.74,2.3,1.33,1.33,0.62,0.27,0.35,0.35,0.35,0.44,0.44,0.8,1.33,1.42,1.77,2.39,2.39,1.42,0.71,0.62,0.62,0.71,0.97,1.15,1.59,1.95,2.74,3.54,3.72,3.19,2.12,1.42,1.06,1.15,1.59,1.86,2.39,3.27,4.34,3.27,1.15,0.18,0.35,2.83,6.64,7.61,7.96,6.81,3.63,1.95,1.06,0.8,0.97,3.45,6.81,7.43,4.34,2.3,1.06,1.59,3.01,4.42,3.63,2.04,0.71,0.44,0.18,0.09,0.18,0.53,1.77,1.95,0.88,0.71,1.15,1.24,0.8,0.27,0.09,0.09,0.27,0.35,0.09,0.09,0.44,0.44,0.35,0.35,0.27,0.35,0.62,0.71,0.53,0.53,0.8,1.15,2.3,2.48,2.21,2.57,3.19
403542,"Kingwood","Neighborhood","TX",118,"Houston-The Woodlands-Sugar Land",394692,2.86,3.57,4.05,4.76,4.29,3.81,3.81,4.05,4.05,3.1,3.1,3.33,3.81,3.57,3.81,3.33,3.57,1.9,2.14,1.67,1.67,1.43,1.67,1.9,2.14,2.14,2.14,2.14,2.62,3.1,3.33,4.29,3.57,2.86,3.33,4.05,4.05,5,4.76,5.24,4.76,4.05,3.33,4.29,5,5.24,5.71,5.71,6.9,6.43,6.19,7.14,8.57,7.62,7.62,7.38,7.62,7.62,7.62,7.86,7.62,7.62,7.62,7.38,8.1,7.86,7.38,7.38,7.14,7.38,7.38,7.62,7.86,8.33,8.33,8.81,8.57,8.57,8.33,8.33,7.86,8.1,7.86,8.1,8.33,8.33,8.57,9.05,8.81,7.86,7.86,7.38,6.9,7.14,6.43,6.43,6.67,6.67,6.67,7.62,7.14,7.14,7.38,7.14,6.43,5.95
193182,"Bath Beach","Neighborhood","NY",119,"New York-Newark-Jersey City",394913,6.73,5.93,3.27,1.86,1.59,2.3,1.5,0.62,0.09,0.09,0.18,0.53,1.06,2.04,2.74,3.81,5.04,5.04,4.69,4.25,4.07,4.42,4.16,3.63,2.57,2.48,3.45,4.07,4.78,4.78,4.96,4.51,4.16,1.68,0.97,1.24,3.36,5.49,6.28,6.11,6.37,5.13,3.81,2.3,2.74,3.81,5.58,5.49,5.4,5.4,5.58,4.69,4.6,5.49,5.58,7.96,8.85,9.2,6.73,3.01,0.44,0.88,0.97,2.57,2.48,3.89,4.25,6.11,6.64,6.81,5.66,3.01,1.86,1.24,1.06,0.71,0.88,1.24,1.33,0.44,0.09,0.09,0.09,0.18,1.77,2.65,3.72,4.16,3.19,2.3,3.89,2.3,1.68,0.44,0.27,0.09,0.09,0.09,0.27,0.35,0.62,0.71,0.97,0.71,0.8,1.5
273201,"Central Colorado Springs","Neighborhood","CO",120,"Colorado Springs",394484,9.09,6.36,6.36,2.73,2.73,5.45,6.36,6.36,2.73,2.73,1.82,2.73,3.64,7.27,7.27,7.27,6.36,4.55,4.55,3.64,4.55,3.64,4.55,2.73,4.55,3.64,3.64,3.64,3.64,3.64,4.55,3.64,3.64,2.73,3.64,3.64,2.73,2.73,2.73,4.55,6.36,8.18,7.27,7.27,6.36,7.27,5.45,5.45,6.36,5.45,7.27,6.36,6.36,6.36,6.36,5.45,5.45,4.55,4.55,3.64,4.55,4.55,5.45,4.55,5.45,5.45,5.45,4.55,4.55,4.55,5.45,5.45,6.36,6.36,6.36,6.36,6.36,7.27,7.27,5.45,6.36,9.09,9.09,9.09,9.09,8.18,8.18,8.18,7.27,6.36,7.27,7.27,7.27,7.27,8.18,9.09,8.18,6.36,6.36,7.27,6.36,6.36,6.36,5.45,5.45,4.55
268548,"Valley Glen","Neighborhood","CA",121,"Los Angeles-Long Beach-Anaheim",753899,5.58,8.14,7.33,6.74,6.63,7.21,6.16,4.53,3.26,2.44,1.4,1.05,0.58,1.98,5.12,7.33,6.86,5.12,2.67,3.84,4.19,5.47,4.3,5.93,8.14,9.88,9.88,9.19,8.72,8.49,7.91,5.47,4.19,3.37,3.26,3.26,3.95,3.26,3.49,4.19,3.95,3.6,4.3,4.07,4.19,4.77,6.28,5.7,4.42,3.02,4.65,5.7,5.35,3.26,3.02,3.02,3.72,3.14,3.72,3.84,4.77,5,4.42,4.3,5.81,7.79,8.49,8.84,7.56,7.09,6.16,5.7,3.95,2.33,1.51,3.02,5,5.7,3.49,3.02,2.79,4.42,4.42,5.23,4.88,5.35,5.47,4.77,4.19,3.95,5.7,6.16,6.98,7.56,8.26,7.79,6.63,2.79,2.79,2.21,3.6,2.67,2.67,1.86,2.09,3.14
26352,"Ozone Park","Neighborhood","NY",122,"New York-Newark-Jersey City",394913,7.79,7.08,6.9,6.81,5.31,3.54,3.1,3.27,2.48,2.12,1.68,3.27,5.22,6.46,5.93,5.93,6.11,6.02,6.19,6.99,7.61,7.43,6.81,6.19,6.64,6.9,7.08,6.9,6.81,6.73,6.73,6.99,6.99,6.28,4.78,3.45,3.27,3.72,3.27,3.36,3.01,3.72,5.04,4.51,6.28,7.52,9.03,6.37,3.63,0.53,1.24,2.83,4.96,5.58,6.28,6.81,6.99,5.66,3.81,3.54,4.42,6.73,8.14,8.05,7.7,6.46,7.88,8.94,9.65,9.82,9.73,9.29,8.76,9.38,9.73,9.38,7.88,5.31,2.74,4.78,6.02,5.49,3.45,3.98,6.11,7.79,7.26,6.02,4.78,3.45,2.92,1.42,1.59,1.33,1.95,3.01,4.34,4.16,4.6,5.22,5.93,4.07,2.74,2.3,3.81,4.42
124381,"Flagami","Neighborhood","FL",124,"Miami-Fort Lauderdale-West Palm Beach",394856,9.1,8.96,9.4,9.25,9.55,9.4,8.96,8.51,8.21,7.91,8.96,9.1,9.7,9.55,9.55,9.55,8.66,7.31,7.16,8.21,9.55,8.36,6.72,6.87,8.81,9.85,10,9.85,9.55,8.36,6.42,5.82,5.97,5.37,4.78,5.67,6.87,9.1,9.4,9.25,7.46,7.76,8.66,8.36,7.01,5.37,4.33,5.67,8.06,8.51,8.21,7.61,6.87,7.16,7.76,8.81,9.1,8.96,8.96,9.4,9.55,8.36,7.91,6.87,7.76,8.36,8.66,8.81,8.51,8.81,8.06,7.91,7.31,8.06,7.61,8.51,6.27,5.37,5.37,6.57,7.01,7.76,7.91,7.76,7.46,7.46,7.76,7.76,8.06,7.16,6.12,6.87,7.61,8.21,8.36,8.21,7.76,7.46,8.36,7.91,6.27,6.42,8.06,9.4,9.4,8.81
13017,"North Hills","Neighborhood","CA",126,"Los Angeles-Long Beach-Anaheim",753899,5.81,4.88,4.07,4.19,4.53,7.33,7.67,8.14,5.23,4.19,2.56,3.02,5,6.16,6.63,5.35,4.88,5.81,8.37,9.65,9.77,9.65,9.65,9.07,7.56,6.63,6.51,6.4,4.77,3.6,3.6,4.07,5.93,7.33,8.37,8.37,8.37,7.33,6.98,6.98,6.63,6.86,7.56,7.21,7.33,6.16,7.21,7.67,7.79,5.23,2.67,1.98,3.26,5.47,6.86,7.09,7.79,8.14,7.67,6.86,5.23,4.88,5.81,5.47,5.47,6.28,7.67,8.37,8.37,8.26,8.26,6.51,5.58,6.63,6.63,6.16,3.95,4.3,5.35,7.56,8.37,8.72,8.72,8.49,6.74,5.23,4.77,4.19,4.07,4.42,6.28,7.79,7.56,7.33,5.35,7.67,7.91,8.72,8.02,6.4,6.51,7.21,9.19,9.65,9.88,10
276151,"Woodward Park","Neighborhood","CA",127,"Fresno",394619,2.86,1.43,2.86,4.29,4.29,4.29,4.29,4.29,2.86,1.43,1.43,2.86,5.71,4.29,4.29,5.71,5.71,4.29,2.86,2.86,5.71,5.71,1.43,1.43,2.86,5.71,5.71,7.14,8.57,8.57,7.14,5.71,2.86,4.29,4.29,5.71,5.71,7.14,5.71,5.71,4.29,4.29,4.29,1.43,1.43,4.29,5.71,7.14,5.71,2.86,2.86,5.71,8.57,8.57,8.57,5.71,4.29,5.71,7.14,7.14,7.14,7.14,7.14,7.14,5.71,5.71,5.71,5.71,5.71,5.71,5.71,5.71,2.86,2.86,2.86,4.29,10,10,8.57,5.71,5.71,4.29,4.29,2.86,4.29,5.71,4.29,7.14,7.14,4.29,1.43,2.86,2.86,2.86,4.29,4.29,5.71,5.71,7.14,7.14,7.14,8.57,7.14,7.14,2.86,4.29
274415,"Flatlands","Neighborhood","NY",128,"New York-Newark-Jersey City",394913,2.83,3.98,4.78,3.89,2.48,0.88,0.44,0.8,1.06,1.15,1.42,1.15,1.15,1.33,1.42,1.77,2.39,2.48,2.48,2.92,3.19,3.01,2.92,2.04,1.68,1.86,2.04,2.3,2.83,2.74,3.1,3.72,4.07,2.57,1.42,1.06,0.62,0.27,0.27,0.27,0.35,0.71,3.01,6.81,6.37,5.04,2.65,2.21,1.24,1.06,0.53,0.88,0.62,0.44,0.44,0.88,0.71,1.15,2.39,6.99,7.08,5.31,3.1,3.89,4.6,5.31,3.98,2.83,2.92,2.39,4.25,5.31,5.93,5.22,2.65,0.97,0.71,0.71,1.59,2.04,2.48,2.39,2.92,4.69,6.02,6.28,3.81,2.39,1.77,3.19,5.4,5.75,5.49,5.49,5.22,2.3,0.62,0.35,1.68,3.27,3.01,2.39,1.86,1.59,1.42,2.92
13094,"Okolona","Neighborhood","KY",129,"Louisville/Jefferson County",394807,5,5,10,10,7.5,5,2.5,2.5,7.5,10,7.5,7.5,7.5,7.5,10,10,10,7.5,5,5,5,7.5,10,10,10,10,10,10,10,10,10,10,10,10,10,10,7.5,7.5,5,5,2.5,5,5,2.5,7.5,10,10,10,10,10,10,2.5,2.5,2.5,7.5,7.5,10,10,10,7.5,5,5,5,7.5,7.5,7.5,7.5,7.5,7.5,10,7.5,7.5,5,2.5,5,5,5,7.5,7.5,7.5,10,10,10,7.5,7.5,7.5,7.5,7.5,7.5,7.5,7.5,10,10,10,10,10,10,10,10,7.5,7.5,7.5,7.5,5,5,7.5
112261,"Laveen","Neighborhood","AZ",130,"Phoenix-Mesa-Scottsdale",394976,2.67,3,3,3.33,5.67,6.33,6,4.67,2.67,3,3,2.33,3,2.67,3,2.33,2.67,2.33,3,3.67,5.33,5.67,5.33,3.33,3.33,5.33,6.33,6.67,6.67,6.67,6.67,5.67,6,5,5,5.33,5.67,4.33,3.33,2.67,4,5,6,5.67,4,3.67,3.67,5,3.67,4,4.67,6,7.33,7,5.33,5.67,6,6.33,6.33,6.33,6.67,6,6,5,7.33,6.67,7,5.67,6.33,6.33,7,7.33,8,8,8,6.67,5.33,4,3.67,5,5,5,3.67,3.33,2.33,2.33,3,4.67,4.67,5.67,5.67,6.67,7.33,7.33,7,7,6.67,6.67,7.33,7.33,7.33,6.33,5.33,5.67,6,6.33
269072,"Little Havana","Neighborhood","FL",131,"Miami-Fort Lauderdale-West Palm Beach",394856,2.84,2.24,2.24,2.09,2.24,2.69,3.88,3.28,2.39,2.24,2.24,3.73,4.63,5.82,5.07,6.57,7.01,6.87,6.27,5.82,6.42,6.57,8.36,7.91,8.36,8.36,8.66,9.4,7.91,4.63,3.88,5.07,4.78,2.54,2.09,3.13,5.22,6.72,6.72,5.82,5.07,4.03,4.78,4.33,6.12,6.42,7.46,8.21,9.1,9.55,9.25,8.06,7.91,8.51,9.1,9.1,7.31,6.57,6.12,6.87,7.16,8.51,9.1,9.55,9.4,9.4,9.1,8.66,8.36,7.91,7.76,7.31,7.76,6.42,5.37,3.88,4.48,5.07,5.67,5.07,5.22,5.67,6.27,5.67,6.27,5.97,7.46,7.46,7.76,7.91,8.66,8.96,6.87,3.73,3.28,5.07,5.97,5.67,4.33,3.43,2.39,1.19,0.75,1.34,3.88,7.76
273860,"Gramercy","Neighborhood","NY",132,"New York-Newark-Jersey City",394913,4.78,4.6,6.37,8.23,9.12,8.5,6.81,5.04,4.25,5.13,6.37,6.99,6.55,5.66,4.78,4.6,6.37,7.26,8.05,5.84,3.54,1.59,1.06,2.39,3.89,6.37,6.28,4.69,4.16,4.42,5.49,5.04,5.22,5.58,5.58,5.4,6.37,7.17,7.26,7.35,6.73,6.46,6.64,6.64,6.46,6.73,6.9,6.9,7.26,6.81,6.02,4.16,3.98,4.25,5.22,5.31,4.96,4.69,3.89,3.81,3.1,3.54,5.04,6.37,6.37,5.75,5.4,5.31,4.69,4.6,4.34,6.11,6.28,6.46,6.55,6.81,5.84,5.04,3.01,3.1,2.12,2.21,1.95,2.48,3.45,5.13,6.19,6.99,7.61,7.96,8.5,9.03,8.94,8.05,6.73,3.63,3.19,1.95,1.86,1.77,2.65,3.1,2.57,2.74,2.74,4.07
403120,"South Austin","Neighborhood","IL",133,"Chicago-Naperville-Elgin",394463,1.81,2.5,2.5,2.08,1.94,2.36,2.78,3.06,2.64,2.08,1.53,1.67,1.53,1.67,1.53,1.25,4.17,7.08,9.72,9.72,9.72,9.31,6.94,5.97,7.22,8.47,5.56,4.03,1.53,2.64,4.58,8.47,8.75,8.61,6.25,3.06,1.81,1.25,1.39,1.25,1.39,1.25,1.25,1.53,4.03,8.06,7.92,4.86,1.81,0.42,0.42,0.42,0.69,0.83,2.64,5.83,5.97,7.08,6.39,8.89,7.92,7.78,6.25,6.67,6.39,5.28,4.31,4.17,6.94,7.36,8.75,8.89,8.61,7.92,4.17,2.5,2.92,4.58,5.83,5.97,2.78,1.81,0.97,1.67,2.08,3.47,4.58,4.58,3.33,2.22,1.67,2.92,6.67,9.03,9.31,9.72,8.89,8.19,7.36,7.5,8.06,7.64,9.03,9.31,9.31,8.19
275707,"The Heights","Neighborhood","NJ",134,"New York-Newark-Jersey City",394913,4.69,4.07,4.42,5.22,5.04,3.63,2.04,1.95,3.72,5.31,7.96,8.32,8.58,8.94,8.67,7.88,4.78,3.98,4.78,4.87,4.78,5.31,6.28,7.52,7.61,7.52,6.02,4.42,3.89,4.96,6.46,7.96,8.14,7.61,5.75,4.6,6.46,8.05,8.58,8.05,7.35,7.08,6.9,6.73,5.31,5.4,6.11,6.64,7.88,8.14,8.5,8.85,9.73,9.91,10,9.73,9.2,8.76,8.67,8.76,8.67,7.88,8.23,8.94,9.2,8.94,8.76,8.5,8.32,8.41,8.05,8.85,9.2,9.03,9.29,9.47,9.65,9.65,9.73,9.38,9.2,9.2,9.2,8.85,8.41,9.12,9.38,9.73,9.82,9.82,9.65,9.38,9.2,8.67,9.12,8.94,8.67,8.23,8.67,9.29,9.38,9.56,9.2,9.12,9.47,9.73
276446,"Mclane","Neighborhood","CA",135,"Fresno",394619,8.57,10,10,10,10,10,10,10,10,10,8.57,5.71,2.86,5.71,7.14,7.14,7.14,8.57,10,8.57,8.57,8.57,7.14,7.14,5.71,4.29,4.29,4.29,4.29,7.14,8.57,10,10,8.57,7.14,8.57,8.57,4.29,4.29,4.29,2.86,2.86,5.71,8.57,10,10,10,10,8.57,8.57,5.71,2.86,1.43,2.86,4.29,8.57,8.57,8.57,10,10,10,10,8.57,4.29,1.43,1.43,4.29,7.14,7.14,7.14,7.14,7.14,5.71,8.57,10,10,8.57,4.29,1.43,4.29,4.29,5.71,5.71,8.57,8.57,8.57,5.71,4.29,8.57,8.57,8.57,8.57,8.57,8.57,7.14,7.14,8.57,10,8.57,8.57,5.71,2.86,4.29,5.71,7.14,5.71
267912,"Central City","Neighborhood","AZ",136,"Phoenix-Mesa-Scottsdale",394976,1.67,1.67,2.33,8,7.33,7.33,6.33,6.67,6.67,4.67,5.33,5,5.33,4,3.67,2.67,4,5.33,6.67,7.33,7.67,7,6.67,6.67,9,8.33,8,4.33,3,2.67,2.67,2.67,3,3.33,3.33,1.67,1.67,3,4.33,4.33,3,3.33,5.33,7.67,7.33,6.33,7.67,8.33,9.33,9.33,8.33,7.33,8,9.33,9,6.67,4,3.67,3,3.67,4.67,6.67,5.33,4.33,3.33,3.67,4.33,4.67,6.67,7,5.67,5,3,3,2.33,3,3.67,3.33,3.33,4,4.33,3.33,4.67,5,5.33,6,4,1.67,1.67,2.33,4,4.67,3.67,2.33,2,3.33,3.33,2.67,1.67,1,1,1,1,3.33,4.33,4
274056,"Hoover","Neighborhood","CA",137,"Fresno",394619,7.14,7.14,4.29,2.86,1.43,5.71,5.71,5.71,7.14,8.57,10,10,10,8.57,5.71,2.86,2.86,2.86,4.29,5.71,2.86,4.29,5.71,10,8.57,8.57,10,10,10,10,10,8.57,8.57,10,10,10,10,10,10,10,10,10,10,10,8.57,2.86,1.43,1.43,7.14,7.14,4.29,1.43,2.86,4.29,7.14,10,10,10,8.57,8.57,8.57,8.57,10,10,10,10,10,10,8.57,8.57,8.57,8.57,8.57,4.29,4.29,2.86,2.86,2.86,5.71,7.14,10,10,10,10,10,10,10,10,10,10,10,10,10,10,10,10,10,8.57,10,10,10,5.71,2.86,2.86,10,10
274346,"Lone Mountain","Neighborhood","NV",138,"Las Vegas-Henderson-Paradise",394775,6.12,3.88,3.67,3.67,4.69,6.94,6.94,5.92,4.69,4.29,4.49,5.92,5.51,4.08,2.24,1.43,1.63,3.06,4.49,6.73,6.73,5.51,4.49,6.33,6.73,6.33,6.73,7.76,9.18,7.96,7.55,6.73,6.53,6.33,7.14,6.33,5.92,4.69,5.1,3.47,3.47,3.67,4.49,6.73,7.96,7.35,6.94,6.73,8.16,8.78,7.55,5.51,5.51,5.92,7.14,7.76,7.96,7.76,7.35,6.12,6.53,6.53,5.51,4.08,3.88,6.33,8.78,8.78,8.37,8.16,7.96,7.96,8.78,7.76,7.96,7.96,8.78,8.57,8.37,9.18,8.98,9.18,8.78,8.16,8.37,8.16,7.55,6.53,5.92,7.96,8.78,9.59,8.98,8.57,7.76,6.73,5.51,6.94,7.96,7.76,5.92,4.29,5.1,6.53,8.16,8.16
117224,"Parkway","Neighborhood","CA",139,"Sacramento--Roseville--Arden-Arcade",395045,6.36,6.36,8.18,5.45,4.55,2.73,2.73,3.64,5.45,7.27,7.27,8.18,8.18,8.18,10,10,10,10,10,10,10,10,10,9.09,5.45,4.55,3.64,2.73,4.55,5.45,8.18,10,10,9.09,8.18,5.45,5.45,6.36,7.27,7.27,5.45,5.45,5.45,1.82,0.91,2.73,7.27,9.09,9.09,8.18,6.36,3.64,1.82,1.82,2.73,2.73,5.45,6.36,7.27,7.27,7.27,6.36,5.45,2.73,2.73,3.64,5.45,6.36,6.36,7.27,8.18,7.27,5.45,2.73,3.64,4.55,6.36,6.36,6.36,6.36,6.36,6.36,5.45,5.45,5.45,3.64,2.73,1.82,2.73,2.73,4.55,5.45,7.27,7.27,6.36,4.55,3.64,2.73,2.73,5.45,4.55,3.64,3.64,1.82,2.73,3.64
403217,"Kensington","Neighborhood","NY",140,"New York-Newark-Jersey City",394913,7.96,7.79,8.41,8.32,8.5,8.67,9.2,9.12,9.2,9.38,9.38,9.38,9.29,9.29,9.29,9.29,9.2,9.2,9.38,9.73,9.82,9.65,9.29,9.2,9.29,9.2,9.12,9.29,9.38,9.56,9.65,9.47,9.2,9.12,7.52,4.16,2.3,2.12,3.63,4.87,6.02,6.11,7.17,7.88,7.43,6.9,5.49,4.87,4.51,5.66,6.11,6.55,6.55,7.08,6.02,5.75,5.4,6.64,6.28,5.31,5.4,6.9,6.02,3.98,0.53,0.44,0.53,2.74,5.22,6.55,7.88,7.35,6.19,3.19,2.21,3.63,5.49,7.43,7.96,7.26,4.6,2.48,2.48,4.6,5.4,4.42,2.83,2.3,2.92,2.04,2.65,3.63,5.4,6.46,5.93,5.04,3.98,2.65,4.07,4.6,4.6,2.92,2.3,3.36,5.13,5.84
269566,"Albany Park","Neighborhood","IL",141,"Chicago-Naperville-Elgin",394463,5,7.92,7.64,7.78,5.28,3.75,1.81,1.53,2.36,5.69,7.64,7.36,5.83,3.47,3.47,5.14,6.39,5.69,3.61,3.89,5.97,7.22,6.39,4.72,6.39,7.36,8.47,6.81,6.81,5.42,5.42,4.72,5.97,7.22,7.64,6.94,5.69,6.25,6.11,4.86,2.78,2.36,2.64,4.86,8.19,8.19,5.56,2.5,1.39,1.11,1.25,1.94,1.11,0.97,0.69,2.08,3.33,5,3.89,2.08,1.67,1.67,1.94,1.94,1.67,3.19,5.42,6.94,6.67,5.14,5.56,5.28,4.17,4.31,4.44,4.44,4.58,6.25,8.47,9.72,9.72,9.31,8.89,8.89,8.33,6.53,3.47,1.94,1.67,3.33,5.56,8.19,7.92,7.5,6.11,4.58,4.31,5,4.44,2.5,1.94,2.22,5.83,9.03,9.58,7.92
274230,"Lake Highlands","Neighborhood","TX",142,"Dallas-Fort Worth-Arlington",394514,5.16,5.81,5.81,6.13,6.13,6.45,6.45,6.13,5.16,5.48,5.48,6.45,4.19,4.52,4.84,5.48,6.13,5.81,6.13,7.1,8.06,7.74,7.42,7.42,7.42,5.81,6.77,4.84,7.42,8.06,8.71,8.39,9.35,9.35,9.35,9.68,9.68,10,10,10,10,10,10,9.03,8.06,7.74,7.74,7.74,8.06,6.45,6.77,6.13,4.84,4.19,4.19,5.16,5.16,4.52,2.9,3.23,4.52,6.13,6.45,6.77,6.13,5.81,5.81,5.48,5.81,6.13,6.77,7.1,7.42,7.42,7.42,7.42,7.42,7.42,7.42,7.42,7.42,7.74,7.42,7.42,7.1,6.13,5.81,6.77,5.48,5.16,4.84,4.52,4.52,4.52,4.52,4.52,5.48,4.19,5.81,5.16,6.45,6.13,5.48,5.81,6.45,6.45
30731,"Canoga Park","Neighborhood","CA",143,"Los Angeles-Long Beach-Anaheim",753899,7.56,6.63,5.35,5,5.12,6.51,4.07,2.21,0.93,1.51,3.02,4.19,5.23,5.23,4.19,4.65,3.49,3.72,4.42,7.33,9.3,9.3,8.02,4.65,3.6,4.3,6.28,6.98,6.05,4.65,3.37,3.26,4.07,5.23,6.98,7.21,7.56,5.7,4.07,2.33,4.07,3.37,4.65,4.65,4.42,5.23,6.16,8.02,9.19,8.02,6.16,4.77,3.6,2.09,0.7,0.58,0.93,1.63,1.51,1.28,1.28,1.74,3.37,5.23,3.72,1.98,1.74,2.91,6.05,6.74,5.35,3.84,3.02,3.49,1.98,1.74,1.16,2.44,5.81,8.37,8.95,8.95,8.95,7.33,7.21,8.37,8.84,7.56,5.81,3.26,2.09,2.21,3.6,8.26,9.53,9.3,4.07,1.74,0.7,0.58,1.16,3.14,4.88,4.53,5.23,5.93
267926,"Encanto","Neighborhood","AZ",144,"Phoenix-Mesa-Scottsdale",394976,6.33,5.67,7.67,7.33,8.67,6.67,8.33,8,7.33,6.33,5.67,5.67,5,4.67,5,5.67,6,6,5.33,5,6,6,5,4,4,4,4.67,5,4,2.33,1.67,2.33,2.33,2,1,0.67,1,2,2.67,3.33,5,6,7,6,5.67,7.33,9,9.67,9,6,4.33,4.33,5.33,6,6,6.33,5.67,4.67,5,5.33,5,5,4,3.67,3,3.33,3.33,3.67,3.67,3.67,3.33,3.67,3.33,4,3.67,3.33,2.67,2.67,2.33,2.33,3.33,2.67,2.67,3,3.33,3,2.33,2.67,2.67,2.67,2.33,2,1,0.67,1,1.33,1.33,1.33,1.33,1.67,2,2,1.33,0.67,0.67,0.67
269609,"Uptown","Neighborhood","IL",145,"Chicago-Naperville-Elgin",394463,2.92,1.81,1.53,1.25,1.25,1.94,2.64,2.92,2.08,0.97,0.28,0.42,0.42,0.69,0.83,1.39,1.39,0.42,0.56,0.42,0.42,0.97,0.83,0.69,0.83,1.11,1.11,1.39,1.67,2.22,2.64,3.19,2.08,1.67,1.81,1.94,2.22,2.36,2.78,3.19,3.47,3.06,2.92,2.5,2.5,2.22,2.08,2.22,2.08,1.81,1.81,2.22,2.92,3.61,2.5,0.97,0.69,1.39,1.53,1.67,3.33,4.58,5,5.97,6.53,6.39,6.67,5.56,5.56,6.11,6.67,7.36,7.5,7.64,7.92,8.19,8.06,7.92,7.5,7.5,8.19,8.47,8.47,8.33,8.19,7.92,6.53,7.78,7.78,8.19,7.22,6.81,7.22,6.94,6.67,8.19,8.06,8.75,9.03,9.44,9.31,8.89,8.89,8.33,7.92,8.47
118920,"Westwood","Neighborhood","CA",146,"Los Angeles-Long Beach-Anaheim",753899,9.07,8.6,8.26,6.98,6.28,4.3,4.77,6.4,7.79,5.7,2.91,0.93,0.7,2.56,5,6.98,5.93,5.58,2.33,1.51,0.58,0.81,1.86,3.02,2.79,2.09,2.09,2.56,3.6,3.49,2.44,1.05,1.16,1.74,2.91,4.19,4.07,2.56,3.72,5.7,7.67,8.02,8.26,8.6,8.84,8.6,7.91,7.33,6.98,5.93,5.58,5.23,4.88,5.93,6.74,6.28,5.58,5,4.88,4.19,4.88,4.65,4.19,4.65,5,5.58,4.77,4.53,3.84,3.49,3.49,3.49,4.42,4.88,6.16,6.86,5.93,4.42,3.37,3.6,2.56,3.02,3.49,4.19,1.86,2.44,2.56,4.07,3.37,3.37,3.49,3.26,3.02,2.67,2.56,3.6,5,6.63,5.7,4.88,4.53,3.49,3.37,2.44,2.91,2.44
229214,"Raleigh","Neighborhood","TN",147,"Memphis",394849,5.45,4.55,4.55,5.45,8.18,8.18,8.18,7.27,6.36,6.36,7.27,6.36,6.36,5.45,5.45,5.45,5.45,5.45,5.45,5.45,5.45,5.45,6.36,5.45,5.45,5.45,5.45,5.45,3.64,4.55,4.55,7.27,7.27,6.36,4.55,4.55,4.55,6.36,6.36,7.27,6.36,5.45,7.27,9.09,9.09,9.09,9.09,8.18,4.55,1.82,2.73,2.73,3.64,5.45,6.36,6.36,6.36,3.64,1.82,1.82,1.82,1.82,1.82,0.91,0.91,0.91,0.91,0.91,0.91,1.82,2.73,3.64,6.36,2.73,1.82,0.91,0.91,0.91,3.64,5.45,4.55,2.73,3.64,4.55,6.36,7.27,7.27,9.09,8.18,7.27,7.27,8.18,8.18,8.18,7.27,7.27,6.36,6.36,4.55,2.73,2.73,2.73,4.55,6.36,7.27,6.36
244707,"Kempsville","Neighborhood","VA",148,"Virginia Beach-Norfolk-Newport News",395194,4.78,5.22,6.3,6.74,8.48,8.04,6.96,5.87,6.52,6.96,8.7,8.26,7.39,7.17,7.61,7.83,7.61,7.39,6.74,5.87,5.22,6.96,7.39,8.04,8.26,8.7,9.13,9.35,9.35,9.13,9.35,8.7,8.7,8.48,8.26,7.39,6.52,6.52,7.83,7.61,8.04,7.39,7.61,7.61,7.61,8.04,6.96,6.3,6.96,6.09,4.57,3.7,5.87,7.39,7.61,8.48,7.83,8.04,6.96,7.83,8.48,9.13,9.57,8.7,8.04,7.17,6.74,6.3,6.09,5.22,6.3,6.3,8.26,7.83,8.26,8.7,9.13,9.57,9.57,8.04,7.83,7.17,6.09,6.74,7.39,8.48,8.7,8.7,9.35,9.35,8.7,8.7,7.61,7.39,7.17,8.48,9.35,9.35,9.57,9.35,9.13,8.26,7.61,7.17,7.61,8.7
269589,"Lake View","Neighborhood","IL",149,"Chicago-Naperville-Elgin",394463,1.67,1.67,1.81,2.64,3.06,2.92,3.61,3.47,3.19,3.06,2.64,2.36,2.22,2.36,2.08,1.67,1.53,1.67,2.64,3.19,2.5,2.5,2.78,3.33,3.61,3.47,5,5.97,6.67,6.67,6.25,6.25,5,4.44,4.58,4.58,4.72,4.58,3.89,3.75,4.31,3.75,3.75,3.33,3.61,3.47,3.61,4.03,5,4.58,5.69,6.67,6.94,5.56,5.14,4.17,4.44,6.11,6.67,7.08,6.81,6.67,6.81,7.36,7.64,7.78,7.22,6.11,4.86,4.44,4.58,4.17,5,5.14,4.03,4.03,4.31,5.69,5.69,5,3.47,4.03,4.72,5.28,5.56,4.86,6.11,7.08,7.08,6.53,5.42,5,4.17,4.86,4.86,6.11,5.83,5.69,5.14,6.11,6.67,6.81,5.42,4.31,3.06,2.64
273794,"Fresno High Roeding","Neighborhood","CA",150,"Fresno",394619,4.29,2.86,1.43,1.43,2.86,1.43,2.86,2.86,4.29,5.71,7.14,8.57,8.57,10,10,10,10,10,8.57,4.29,4.29,2.86,8.57,8.57,10,10,8.57,8.57,7.14,4.29,4.29,4.29,4.29,2.86,1.43,1.43,1.43,1.43,2.86,2.86,5.71,5.71,2.86,2.86,4.29,8.57,8.57,8.57,4.29,4.29,7.14,7.14,4.29,1.43,1.43,4.29,5.71,7.14,5.71,4.29,2.86,2.86,1.43,1.43,4.29,7.14,7.14,4.29,1.43,1.43,1.43,1.43,1.43,1.43,1.43,1.43,1.43,1.43,2.86,1.43,1.43,1.43,1.43,1.43,1.43,1.43,1.43,1.43,5.71,5.71,2.86,1.43,1.43,1.43,1.43,1.43,1.43,1.43,1.43,5.71,8.57,10,10,10,8.57,8.57
276646,"West","Neighborhood","CA",151,"Fresno",394619,5.71,5.71,8.57,7.14,7.14,7.14,7.14,7.14,8.57,7.14,5.71,1.43,1.43,1.43,1.43,1.43,1.43,1.43,1.43,1.43,1.43,1.43,2.86,2.86,4.29,1.43,1.43,1.43,1.43,1.43,2.86,7.14,7.14,7.14,5.71,4.29,2.86,2.86,1.43,1.43,1.43,1.43,1.43,4.29,7.14,5.71,4.29,2.86,2.86,5.71,10,10,10,10,10,7.14,7.14,1.43,1.43,1.43,4.29,5.71,4.29,2.86,2.86,2.86,2.86,2.86,4.29,4.29,4.29,4.29,7.14,10,8.57,7.14,5.71,8.57,10,10,8.57,8.57,7.14,4.29,2.86,2.86,7.14,8.57,2.86,1.43,4.29,5.71,4.29,4.29,2.86,5.71,4.29,4.29,2.86,1.43,1.43,1.43,1.43,1.43,1.43,1.43
275115,"Queens Village","Neighborhood","NY",152,"New York-Newark-Jersey City",394913,9.73,9.73,9.73,9.65,9.2,8.85,8.67,8.14,5.04,2.92,2.74,5.22,6.46,6.55,6.37,6.64,6.73,6.46,6.73,7.61,8.05,7.88,6.99,6.37,6.46,6.64,6.9,6.99,7.08,6.81,6.9,7.35,7.17,6.02,4.42,4.69,6.99,7.08,6.55,6.46,6.55,6.73,6.19,5.13,3.98,5.31,5.66,6.99,9.03,9.91,9.91,10,9.91,9.2,7.88,8.76,8.58,8.58,7.17,5.22,5.75,7.35,8.32,6.99,5.75,6.11,7.17,7.79,7.7,7.61,7.52,6.99,6.64,6.9,7.08,6.99,6.11,4.6,3.98,5.66,6.99,7.88,7.35,7.08,6.46,6.64,6.64,6.55,5.75,5.84,6.02,5.66,5.31,5.04,5.13,5.13,5.66,6.37,6.73,6.64,4.96,3.45,2.04,1.77,3.45,4.78
273674,"Fairgrounds","Neighborhood","CA",153,"San Jose-Sunnyvale-Santa Clara",395059,1.82,1.82,2.73,3.64,3.64,0.91,0.91,0.91,1.82,1.82,2.73,2.73,4.55,2.73,0.91,0.91,0.91,0.91,2.73,4.55,3.64,3.64,4.55,4.55,3.64,3.64,4.55,6.36,6.36,5.45,4.55,4.55,5.45,4.55,2.73,1.82,1.82,1.82,1.82,1.82,1.82,2.73,2.73,3.64,3.64,5.45,2.73,1.82,1.82,2.73,3.64,2.73,1.82,2.73,1.82,2.73,2.73,2.73,3.64,3.64,3.64,2.73,2.73,3.64,3.64,5.45,9.09,10,10,4.55,1.82,1.82,1.82,2.73,3.64,3.64,4.55,4.55,4.55,3.64,2.73,2.73,2.73,4.55,4.55,2.73,3.64,3.64,5.45,5.45,6.36,8.18,6.36,4.55,0.91,0.91,0.91,0.91,0.91,0.91,0.91,0.91,0.91,0.91,0.91,0.91
269605,"Rogers Park","Neighborhood","IL",154,"Chicago-Naperville-Elgin",394463,5.42,3.06,3.47,5.28,7.78,7.92,8.06,7.64,7.5,6.25,5.28,5,7.22,7.78,7.92,7.36,6.81,5.83,5,3.33,3.19,4.72,5.97,7.22,6.94,5.28,4.44,2.5,2.22,1.94,2.5,2.36,3.19,3.19,3.47,3.19,3.19,3.06,2.92,3.61,5,6.25,6.94,7.92,5.83,4.31,2.5,2.64,2.78,4.17,6.81,7.92,7.92,6.81,6.11,4.03,2.92,2.5,2.36,4.03,5.56,5.69,4.58,3.89,4.86,4.17,2.36,1.53,1.67,1.81,2.08,2.08,1.25,1.81,1.67,3.06,2.78,2.64,2.64,2.22,2.64,4.72,7.92,8.06,7.78,6.39,7.08,7.5,6.39,5.69,5,6.53,6.25,4.58,5.69,6.53,7.5,7.92,8.61,8.89,9.44,9.72,9.72,9.44,9.03,9.31
111617,"Casas Adobes","Neighborhood","AZ",155,"Tucson",395167,6.67,3.33,3.33,6.67,6.67,8.33,10,10,8.33,6.67,6.67,6.67,6.67,5,5,3.33,5,6.67,8.33,6.67,8.33,5,6.67,6.67,8.33,10,10,10,10,8.33,10,10,8.33,8.33,8.33,8.33,8.33,8.33,8.33,8.33,6.67,6.67,5,3.33,3.33,6.67,10,8.33,8.33,10,10,10,10,10,10,10,10,10,10,8.33,8.33,8.33,8.33,8.33,8.33,10,10,10,8.33,8.33,8.33,8.33,8.33,8.33,8.33,8.33,8.33,8.33,8.33,8.33,8.33,8.33,8.33,10,10,10,10,10,8.33,10,10,10,10,10,10,10,10,10,10,8.33,8.33,8.33,8.33,8.33,10,10
5837,"Maspeth","Neighborhood","NY",156,"New York-Newark-Jersey City",394913,8.41,8.05,8.32,7.79,5.75,4.51,3.98,3.63,2.65,1.86,1.5,2.39,3.98,5.93,5.49,5.58,5.84,5.49,5.75,6.37,7.26,7.26,6.64,6.11,6.28,6.28,6.46,6.46,6.11,6.11,6.19,6.55,2.57,0.35,0.09,0.09,0.09,0.18,2.21,1.33,1.15,0.97,1.5,2.57,2.83,2.21,5.04,8.23,9.56,9.56,9.38,8.76,8.76,8.94,9.12,9.12,9.03,9.03,9.2,8.94,8.14,6.99,6.11,3.54,1.15,1.33,4.07,8.32,8.41,7.96,7.7,8.05,7.43,5.66,2.48,3.45,5.58,7.79,7.61,7.08,5.58,5.04,4.25,4.42,4.16,4.96,4.51,3.81,2.74,2.12,3.54,2.83,2.57,1.42,1.68,2.48,2.92,2.04,1.5,1.42,2.12,2.74,3.72,4.87,5.04,4.69
193189,"Bay Ridge","Neighborhood","NY",157,"New York-Newark-Jersey City",394913,4.87,6.46,5.13,3.36,1.15,0.8,0.53,1.06,0.8,1.42,1.77,4.51,4.87,5.4,4.96,5.4,5.58,5.22,5.49,6.02,7.17,6.64,5.93,5.4,5.58,5.4,6.19,6.28,5.93,4.51,3.63,3.27,3.45,3.1,2.57,2.21,3.01,3.98,4.34,5.31,4.69,5.75,4.07,2.92,1.33,1.33,2.21,3.98,4.96,5.22,4.96,4.96,5.4,7.43,7.35,8.05,8.05,7.88,6.81,4.34,2.65,2.48,4.51,6.9,7.61,7.43,5.49,4.42,3.19,3.1,2.65,2.57,3.01,3.54,4.42,4.6,3.27,2.12,2.12,3.19,3.45,3.89,3.19,3.36,1.06,0.44,0.44,0.27,0.35,0.62,1.24,2.39,4.16,5.31,4.69,2.12,1.33,0.97,0.97,1.68,2.3,3.81,3.81,4.42,1.95,1.15
343244,"Northwest","Neighborhood","CA",158,"San Diego-Carlsbad",395056,6.55,6.21,6.9,7.24,6.9,6.9,6.55,6.9,7.24,7.24,7.59,6.9,6.9,7.24,6.21,7.24,7.59,7.24,6.21,5.86,6.21,4.83,4.14,5.17,4.83,5.52,5.52,4.83,5.17,4.48,3.45,2.76,3.1,4.14,5.52,7.24,6.9,7.24,8.28,8.28,5.86,5.86,6.55,8.62,8.97,9.66,8.97,9.31,7.59,6.55,8.28,7.93,8.97,7.59,7.24,6.21,5.86,5.52,5.17,5.52,5.17,5.86,5.86,7.59,6.21,6.21,4.83,5.86,5.52,4.48,4.14,3.79,2.76,3.45,3.79,4.48,3.79,4.14,4.14,3.79,3.79,4.14,4.48,4.14,4.14,3.79,3.79,3.45,2.76,2.41,2.07,3.45,4.48,7.24,7.24,8.28,7.93,7.59,7.59,7.93,8.62,7.24,6.9,6.21,6.9,6.55
274765,"Northeast Anaheim","Neighborhood","CA",159,"Los Angeles-Long Beach-Anaheim",753899,3.02,3.6,2.21,1.4,1.86,1.98,2.79,1.05,1.98,1.05,0.93,0.58,1.74,2.79,3.02,3.02,2.79,3.02,3.95,4.88,5.7,6.86,7.44,8.72,8.02,8.6,8.6,9.88,8.84,8.84,7.79,8.14,8.6,9.42,9.65,9.42,8.95,8.49,9.07,8.72,8.6,7.21,5.35,5.12,3.72,3.26,2.44,2.67,5.47,5.81,6.4,6.28,7.09,6.86,6.63,5.23,4.88,5.93,6.74,7.67,6.4,5.93,6.51,7.44,8.37,8.72,8.37,6.98,7.21,8.14,9.07,9.07,8.26,7.56,6.51,7.21,6.98,5.93,3.84,4.3,4.88,6.74,7.67,8.14,7.56,6.28,5.93,5.93,5.93,6.63,6.98,7.67,7.21,6.4,6.63,5.47,5.58,6.98,8.95,9.07,9.42,9.53,9.65,8.95,8.72,7.91
274510,"Michael Way","Neighborhood","NV",160,"Las Vegas-Henderson-Paradise",394775,8.57,6.73,4.29,4.69,5.31,7.14,5.51,5.71,5.31,4.69,3.88,4.49,6.73,7.55,7.76,8.37,6.53,6.53,5.92,5.31,4.9,4.69,5.1,6.94,7.96,8.16,7.96,5.31,4.08,2.86,2.45,1.84,4.49,5.51,6.73,4.29,2.65,1.43,1.02,1.63,1.84,2.65,3.27,3.06,3.06,6.12,6.73,5.71,3.67,2.45,3.47,3.88,3.67,3.67,3.47,4.29,4.49,6.53,7.55,7.96,8.37,5.31,5.71,5.1,5.31,6.12,6.53,7.55,6.73,5.1,4.49,4.9,5.71,6.94,6.12,4.69,4.29,5.71,6.73,7.14,7.14,6.33,5.92,6.33,7.96,9.39,9.18,8.57,6.94,6.73,8.57,8.37,9.18,8.37,8.78,8.57,8.16,8.16,6.12,5.71,5.71,7.35,7.55,7.76,7.76,8.57
271411,"Greater Uptown","Neighborhood","TX",161,"Houston-The Woodlands-Sugar Land",394692,4.05,3.1,3.33,2.38,3.1,3.33,5.48,5.48,3.81,2.14,1.19,1.19,1.43,2.38,2.86,3.57,2.86,3.81,3.33,3.81,4.29,5.48,5.48,5.48,4.52,2.62,2.62,2.38,2.38,2.14,2.86,3.81,4.29,4.05,4.05,4.29,4.29,5.24,5,5.95,7.14,7.14,5.24,3.1,1.67,1.43,2.14,4.05,5.71,7.38,5.48,6.19,6.67,6.67,5,2.86,2.38,3.33,4.76,5.24,4.52,4.29,4.52,5.71,5.24,5.24,3.57,3.33,1.9,1.43,0.24,0.24,1.19,2.62,3.57,4.52,5.71,5.48,4.29,1.9,0.95,0.95,1.67,1.43,1.67,0.95,0.95,1.19,1.19,0.71,0.48,0.71,0.95,0.71,0.95,0.95,2.14,2.38,3.57,3.33,3.33,3.33,3.33,3.33,2.86,2.86
403538,"Golfcrest - Bellfort - Reveille","Neighborhood","TX",162,"Houston-The Woodlands-Sugar Land",394692,7.14,7.38,6.19,6.43,6.67,5.95,5.24,4.76,5.71,6.19,6.67,6.19,5.95,6.67,7.38,7.14,7.38,7.38,7.62,7.62,6.19,5.24,5.24,5,5.24,3.57,4.05,4.29,3.57,3.57,2.38,2.86,3.33,3.33,2.14,0.95,0.24,0.24,0.71,1.67,1.43,0.71,0.24,0.24,0.24,0.48,0.71,1.9,3.1,2.38,2.86,0.71,0.24,0.24,0.24,0.24,1.19,4.76,7.86,10,10,10,10,10,10,9.76,9.52,8.33,8.57,8.33,8.57,8.1,8.1,6.9,3.81,3.33,5.95,8.1,8.1,7.14,6.43,6.9,8.1,8.57,9.29,8.57,8.81,8.57,9.05,9.05,8.81,9.05,9.05,9.76,9.76,9.52,9.29,9.05,9.76,9.52,9.05,7.86,7.86,7.38,7.38,7.38
115609,"Highland Park","Neighborhood","CA",163,"Los Angeles-Long Beach-Anaheim",753899,8.26,6.51,5.7,3.84,7.09,8.49,9.53,8.26,6.51,5.35,5.58,4.53,4.88,5.12,7.09,8.02,7.79,6.4,5.7,5,5.35,4.19,3.49,4.19,5.58,7.33,7.33,8.14,7.33,6.63,2.91,3.14,2.79,4.88,5.81,7.91,9.42,9.65,9.65,9.07,8.14,6.74,8.6,9.3,9.65,9.42,9.3,9.3,8.26,7.33,6.98,8.95,9.88,10,10,9.65,8.84,8.95,9.42,9.53,9.3,9.19,8.84,8.02,7.33,6.98,6.86,7.56,9.3,10,10,10,10,9.88,10,10,9.88,9.77,9.65,9.07,7.91,7.91,7.91,8.26,7.44,7.33,7.67,8.95,9.42,9.42,8.84,7.91,7.91,8.02,8.72,8.84,9.07,9.07,8.49,7.33,5.93,4.42,4.3,4.65,5.58,4.88
214232,"Oxford Circle","Neighborhood","PA",164,"Philadelphia-Camden-Wilmington",394974,4.84,4.52,6.94,8.55,9.35,9.84,9.84,9.35,8.55,8.23,8.06,7.9,8.55,8.87,8.06,6.29,4.35,5,5.32,5.48,5.16,5.97,8.06,9.52,9.68,9.68,9.68,9.68,9.52,9.35,9.52,9.19,8.87,8.55,8.06,7.26,6.45,5.32,3.06,2.58,2.9,3.39,5,5.97,6.29,7.26,6.77,7.58,7.74,8.23,8.39,9.35,9.35,9.35,9.35,9.35,8.87,8.06,8.06,8.06,8.39,7.9,8.23,8.23,8.71,8.06,7.58,7.1,7.58,7.42,8.55,8.87,9.03,9.19,8.23,7.26,7.9,8.87,9.03,7.42,7.58,8.06,9.52,9.03,8.87,7.9,8.71,9.84,9.84,9.68,8.71,7.74,8.87,8.55,9.03,8.71,8.23,7.74,8.06,8.06,8.39,7.9,8.23,8.23,7.58,6.94
31817,"Granada Hills","Neighborhood","CA",165,"Los Angeles-Long Beach-Anaheim",753899,5.7,5.81,6.05,6.16,6.4,6.74,5.93,5.35,4.42,4.77,4.3,3.95,2.33,2.44,2.33,3.84,2.67,2.67,2.56,3.72,4.07,5.35,5.12,5.81,5.81,6.86,6.16,6.51,6.16,6.74,7.21,6.51,5.47,4.53,4.53,3.49,4.77,4.77,6.05,6.16,5.7,4.53,3.84,3.37,3.95,5,5.58,5.93,5.93,5.47,5.23,5.12,4.65,5,5.47,4.88,4.65,4.3,4.42,4.42,5.35,5.58,6.05,6.86,7.09,6.4,5.12,4.77,4.65,5,5.58,6.28,6.16,6.51,5.81,5.93,7.09,7.21,7.21,5.7,5.7,5.35,5.81,6.28,6.05,5.47,5,5.35,4.42,5.58,4.19,5.12,5.7,7.79,7.91,8.14,7.79,7.56,8.26,8.49,7.91,8.14,8.84,9.07,8.84,8.02
114074,"Cambrian Park","Neighborhood","CA",166,"San Jose-Sunnyvale-Santa Clara",395059,6.36,7.27,7.27,8.18,8.18,9.09,9.09,8.18,7.27,7.27,8.18,8.18,7.27,4.55,3.64,2.73,5.45,5.45,7.27,9.09,9.09,9.09,9.09,9.09,8.18,9.09,9.09,9.09,9.09,9.09,9.09,9.09,9.09,8.18,8.18,7.27,6.36,8.18,9.09,9.09,9.09,9.09,9.09,9.09,8.18,8.18,8.18,9.09,9.09,9.09,9.09,9.09,9.09,9.09,9.09,9.09,9.09,9.09,10,9.09,8.18,8.18,8.18,8.18,8.18,8.18,6.36,5.45,4.55,3.64,4.55,5.45,7.27,9.09,10,9.09,9.09,9.09,8.18,8.18,9.09,9.09,9.09,9.09,9.09,8.18,2.73,4.55,4.55,8.18,7.27,6.36,5.45,7.27,8.18,10,10,10,10,10,10,10,10,8.18,9.09,10
274835,"Oak Lawn","Neighborhood","TX",167,"Dallas-Fort Worth-Arlington",394514,1.61,1.61,1.29,2.26,2.9,4.19,4.19,5.16,4.19,3.23,3.23,2.9,2.9,3.23,4.19,4.52,5.48,4.19,3.87,3.87,2.9,3.23,3.23,3.87,3.87,3.55,3.55,3.23,3.55,3.87,4.19,3.55,3.87,3.87,4.19,3.55,3.23,3.23,3.55,3.87,4.84,5.48,5.48,4.52,4.52,3.55,4.52,4.84,5.16,5.48,6.45,6.45,5.81,5.16,5.16,5.81,6.13,5.81,6.45,6.77,8.06,7.42,7.42,7.42,6.45,5.16,5.48,6.45,6.45,5.16,5.16,5.48,5.16,5.81,6.13,5.48,5.16,4.52,4.19,3.55,3.87,4.19,4.84,5.48,4.84,3.55,3.55,3.55,3.23,2.58,1.94,1.94,2.26,2.26,1.61,1.61,1.29,1.61,1.61,1.61,1.94,2.26,1.94,1.29,1.29,0.97
118673,"University City","Neighborhood","CA",168,"San Diego-Carlsbad",395056,8.28,9.31,7.59,6.9,6.55,7.93,8.97,8.62,7.93,6.55,5.17,5.86,6.21,6.55,6.55,8.62,8.28,7.93,8.28,9.31,8.28,7.93,6.21,3.1,2.76,3.45,4.14,6.55,6.55,6.21,5.17,5.86,5.52,6.55,6.9,5.52,6.55,8.28,9.31,8.97,9.31,5.52,5.17,4.14,4.48,2.76,3.45,3.79,5.86,5.17,4.14,3.45,3.1,3.1,3.45,5.17,6.55,7.24,7.24,7.59,7.59,5.17,5.52,7.24,8.62,8.62,6.9,5.17,5.17,6.55,8.28,8.97,10,10,9.31,8.97,9.31,9.31,9.66,9.31,9.31,8.28,8.62,8.28,6.9,6.55,6.55,6.21,7.93,7.93,7.59,7.24,9.31,10,10,10,10,10,9.66,9.66,9.31,9.31,8.62,8.62,8.28,9.31
269228,"Alameda - West Flagler","Neighborhood","FL",170,"Miami-Fort Lauderdale-West Palm Beach",394856,8.06,7.46,6.12,5.07,5.22,6.72,7.46,8.06,8.51,8.66,7.31,6.27,5.97,5.97,7.31,8.06,8.51,8.66,8.66,8.96,9.4,9.7,9.85,9.55,9.1,8.96,9.7,8.96,7.76,6.57,6.72,7.46,7.61,7.91,7.91,8.21,8.36,7.01,5.82,6.42,8.06,9.25,8.96,8.06,8.66,9.1,9.4,8.81,7.91,7.46,4.93,5.82,5.82,6.87,6.12,4.93,5.37,6.27,6.72,6.72,7.76,9.1,9.7,9.7,9.85,9.85,9.55,9.1,8.21,7.76,6.72,6.27,5.97,7.31,8.36,7.76,7.91,7.61,8.81,9.1,9.4,8.51,7.61,6.42,6.12,5.37,6.12,6.72,7.31,6.72,5.22,3.43,3.58,3.58,5.22,6.12,6.57,5.97,6.12,6.12,8.21,8.21,8.51,8.36,8.51,8.36
267919,"Desert View","Neighborhood","AZ",171,"Phoenix-Mesa-Scottsdale",394976,5,6.67,5.33,6.33,6.33,7.67,8.67,7,5.67,5.33,4.67,4.33,4.33,4.33,4.67,4.67,5,4,4.67,4.33,4.33,5.33,4.33,3,3,4.67,5.33,6.33,6,5.33,5.33,4.67,3.67,4.33,4,3.67,3,3.33,3.67,4,4.33,4,3.67,3.33,3.33,2.67,2.33,2.33,2,2.33,1.33,2.33,2.67,2.67,2,1.67,2,2.33,2,2.33,2,2,1.67,1.67,1.67,1.67,1.67,1.67,1,1.33,1.67,1.67,1.33,1.33,1.33,1,1.67,1.33,1.67,1.67,1.67,1.67,1.67,1.33,1,1,1,1,2,1.33,1.33,1.33,1.33,1.67,1.67,2.33,2,2.33,2.67,2.33,2.33,3.33,2.67,2.33,2,2.67
37309,"Bayside","Neighborhood","NY",172,"New York-Newark-Jersey City",394913,7.88,7.61,6.81,6.37,5.22,4.87,3.27,2.83,2.92,3.72,4.07,3.54,4.07,4.87,5.13,5.13,6.02,6.37,6.81,6.28,5.04,3.27,2.83,1.86,1.95,3.01,3.81,3.98,4.25,4.6,5.4,4.69,3.72,3.36,3.1,6.73,6.55,7.35,6.9,7.7,7.61,7.7,8.05,8.05,7.35,6.11,4.96,3.36,3.98,4.6,4.87,5.22,4.78,5.04,3.63,3.01,3.36,3.54,4.96,3.45,3.81,4.42,6.19,6.28,6.64,7.08,7.08,6.81,5.58,4.96,4.69,5.93,5.66,5.49,5.13,4.78,5.31,6.19,7.35,7.52,6.9,4.69,2.83,1.95,2.04,1.5,1.95,1.42,2.12,2.21,2.21,1.86,1.42,1.77,2.21,4.16,4.87,4.42,5.22,5.31,5.49,4.87,4.07,4.69,4.16,3.45
275492,"Southwest","Neighborhood","TX",173,"Dallas-Fort Worth-Arlington",394514,3.87,5.16,4.52,5.16,4.84,4.84,5.16,6.45,7.74,6.77,7.42,5.81,4.84,3.87,4.52,4.84,5.81,6.13,5.48,6.13,5.16,5.48,5.81,6.77,6.13,6.77,5.81,5.81,6.45,7.1,7.74,6.77,6.45,6.45,6.45,6.45,7.1,7.42,8.39,8.06,7.42,6.77,7.42,7.42,7.42,7.42,7.42,8.06,8.71,8.71,8.39,8.39,8.06,6.45,7.1,7.42,7.74,7.1,8.06,7.74,8.71,8.71,8.71,8.39,8.39,7.42,7.74,7.74,7.74,8.06,8.06,8.39,8.06,8.71,8.71,8.71,8.39,8.06,7.74,8.06,8.39,8.71,9.03,9.03,9.03,9.03,9.35,9.35,9.03,8.71,8.71,8.71,8.71,8.71,9.03,9.03,9.03,9.03,9.03,9.03,9.03,8.71,8.71,8.06,8.06,8.39
117557,"Rancho Penasquitos","Neighborhood","CA",174,"San Diego-Carlsbad",395056,7.59,7.93,7.24,7.93,7.59,7.59,7.59,6.55,6.9,7.59,8.28,8.97,8.97,9.31,8.28,5.86,4.48,4.14,4.14,6.21,7.59,8.62,8.62,7.24,6.9,7.24,8.28,7.93,7.93,8.28,10,9.31,10,7.93,8.97,7.93,8.28,7.59,8.62,8.62,9.66,9.31,7.93,7.59,7.24,7.24,5.17,4.14,4.14,3.45,3.79,4.48,5.86,6.9,6.55,6.55,6.21,6.9,7.59,8.28,8.28,8.62,8.62,8.62,8.28,9.31,8.97,8.97,7.59,7.93,7.93,7.59,6.21,6.55,6.9,7.59,7.59,6.55,5.52,6.9,7.93,9.31,9.31,9.66,9.66,9.31,8.97,9.31,8.97,8.97,8.62,7.93,7.59,7.93,7.59,7.93,8.97,9.31,9.31,9.31,9.66,9.66,9.31,8.97,9.31,8.62
27987,"Winnetka","Neighborhood","CA",175,"Los Angeles-Long Beach-Anaheim",753899,4.07,2.09,1.4,1.86,2.09,2.44,1.98,2.79,3.49,4.3,4.88,5,6.86,9.07,9.3,8.95,9.19,9.42,9.42,9.77,9.65,9.53,8.95,8.6,8.95,9.19,8.72,7.91,7.44,8.72,9.3,9.19,8.84,7.79,6.51,6.16,6.28,6.28,5.12,2.44,1.51,1.86,2.79,3.72,3.49,2.91,3.49,3.84,3.02,3.14,3.84,4.3,4.42,4.3,4.77,3.49,3.49,3.6,5.35,6.51,6.63,6.51,7.56,7.33,7.44,7.56,8.72,10,10,9.88,9.65,9.42,9.07,8.49,8.02,6.98,6.63,6.51,6.63,7.91,8.49,9.3,9.42,8.37,8.02,8.02,7.91,8.02,8.49,9.07,9.19,8.6,7.09,4.77,3.84,5.35,7.56,7.44,6.63,6.05,6.98,7.33,6.4,5.35,4.42,6.63
403528,"Woodlake - Briarmeadow","Neighborhood","TX",176,"Houston-The Woodlands-Sugar Land",394692,5.24,3.81,0.24,0.24,0.24,1.9,1.67,1.9,1.9,1.19,0.95,0.24,0.24,0.24,0.48,0.95,0.95,1.19,1.43,2.62,3.33,2.62,1.9,2.14,1.67,1.43,1.43,1.43,1.9,4.29,6.67,8.1,7.62,7.62,7.14,7.62,7.38,7.14,7.38,6.19,5.95,3.33,5,7.38,9.29,8.81,8.33,5.95,4.05,6.19,7.62,8.33,6.9,6.19,6.9,7.62,7.38,6.9,6.9,7.14,7.14,6.43,5.24,3.1,3.1,6.19,7.62,7.62,6.9,6.19,5.95,5.24,6.19,7.14,7.62,6.67,4.29,2.62,1.9,3.1,4.52,3.33,3.57,3.33,3.57,5,5.24,7.38,7.62,7.62,7.38,7.86,7.86,8.1,8.1,8.1,7.14,5.95,5.24,5,5.71,5.71,6.9,5.95,6.67,5.48
275609,"Summerlin North","Neighborhood","NV",177,"Las Vegas-Henderson-Paradise",394775,2.65,3.47,5.71,5.51,5.92,5.92,6.73,6.12,6.33,7.14,7.76,8.98,7.96,7.76,7.35,6.73,6.94,6.33,5.51,6.12,7.55,7.55,6.94,6.53,6.53,7.55,8.78,8.78,8.78,8.16,8.37,7.96,7.35,7.14,7.96,7.35,7.96,8.78,8.16,6.73,5.71,6.33,5.71,6.12,4.08,3.06,3.88,3.88,3.88,3.47,4.08,4.9,4.69,4.08,3.88,3.88,3.06,2.86,3.27,2.24,2.24,2.24,2.65,3.88,4.08,4.49,2.86,2.24,1.84,1.84,1.84,1.63,2.24,2.65,3.47,3.67,4.69,3.67,3.88,2.86,2.45,1.84,2.86,3.27,3.47,3.88,4.49,5.51,5.71,5.31,4.9,3.27,2.86,3.06,3.47,3.67,3.47,3.06,2.86,4.08,6.73,5.31,4.08,3.47,4.08,4.9
273496,"Downtown","Neighborhood","TN",178,"Memphis",394849,4.55,6.36,5.45,4.55,4.55,4.55,4.55,4.55,4.55,4.55,3.64,2.73,1.82,1.82,1.82,1.82,1.82,1.82,1.82,1.82,1.82,1.82,1.82,1.82,1.82,2.73,2.73,0.91,0.91,0.91,0.91,0.91,4.55,4.55,5.45,5.45,5.45,4.55,4.55,3.64,4.55,2.73,2.73,2.73,1.82,2.73,4.55,5.45,5.45,5.45,5.45,3.64,2.73,1.82,2.73,2.73,4.55,5.45,8.18,8.18,7.27,7.27,7.27,5.45,2.73,2.73,3.64,9.09,8.18,8.18,8.18,9.09,9.09,7.27,6.36,6.36,5.45,2.73,1.82,1.82,6.36,7.27,7.27,6.36,4.55,4.55,3.64,4.55,3.64,5.45,4.55,5.45,5.45,6.36,5.45,3.64,3.64,1.82,0.91,0.91,0.91,0.91,1.82,4.55,5.45,7.27
32368,"Lake Balboa","Neighborhood","CA",179,"Los Angeles-Long Beach-Anaheim",753899,9.65,9.53,8.84,9.07,9.53,9.65,8.84,8.84,7.67,7.09,6.05,6.51,7.33,8.14,7.21,5.7,4.3,1.98,3.6,5.7,8.84,9.07,9.07,8.26,7.67,6.98,5.93,5.58,5.23,6.28,6.74,7.33,6.98,7.21,7.33,7.67,7.67,6.86,6.28,6.63,6.51,5.93,4.42,2.44,1.74,1.4,1.28,2.33,2.44,4.3,5,6.16,6.05,7.21,7.91,7.56,6.63,7.44,7.33,7.79,7.56,7.67,6.98,7.79,8.49,8.37,6.98,5.23,5.58,6.63,7.33,7.79,8.02,8.02,8.14,7.79,7.67,7.79,6.98,7.21,7.56,7.44,7.79,7.21,8.95,8.72,8.95,9.19,9.53,8.95,7.67,5.81,5.81,6.74,6.16,7.33,6.05,7.79,9.07,9.53,9.65,9.19,9.07,8.02,8.37,8.37
271467,"Memorial","Neighborhood","TX",180,"Houston-The Woodlands-Sugar Land",394692,7.86,6.9,6.9,7.86,8.33,8.57,8.57,8.81,8.81,9.29,9.29,9.29,9.29,9.05,9.05,7.86,9.05,8.57,9.52,8.57,8.33,8.1,8.33,9.52,9.05,8.1,7.62,7.86,9.05,9.29,8.81,8.33,7.86,7.38,6.67,7.38,7.86,9.76,8.57,9.05,7.86,7.86,4.76,4.05,3.33,3.33,4.52,4.52,4.52,5,6.67,5.95,5.95,5,5.48,5.71,5,4.29,4.05,4.76,5.71,5.95,5.95,5.24,5,3.57,2.86,2.14,1.67,1.9,1.43,1.67,2.38,3.33,2.86,3.1,4.05,4.76,4.05,3.57,3.33,3.1,3.1,2.62,2.62,4.52,4.05,5.95,6.9,6.19,4.29,2.38,1.67,2.14,1.9,2.86,2.86,2.62,2.38,2.14,2.14,1.67,1.43,1.43,2.38,1.19
51906,"Encino","Neighborhood","CA",181,"Los Angeles-Long Beach-Anaheim",753899,6.74,6.86,5.93,5.35,4.42,2.91,3.95,4.3,5.35,4.88,4.53,3.84,3.14,1.86,1.74,2.44,4.77,6.28,6.86,7.09,6.86,6.51,5.58,5.23,5,5.23,5.35,5.47,5.81,6.16,6.4,5.58,3.72,3.02,2.21,2.09,2.33,4.3,6.63,8.02,7.44,6.51,4.77,4.77,3.84,3.84,3.26,4.19,5.35,5.7,5.93,5.35,5.23,5.12,3.95,3.14,2.33,1.98,2.56,2.79,3.14,4.07,5.12,5.93,6.51,5.7,4.65,3.84,3.02,2.33,2.56,2.91,2.79,1.63,1.4,1.4,1.51,1.28,1.4,1.51,1.63,1.98,2.56,3.49,2.33,2.21,2.33,2.67,3.02,2.44,1.74,1.05,0.93,0.93,0.93,0.81,1.05,1.05,1.51,1.63,1.98,1.05,0.93,0.81,1.28,1.51
189019,"Greenville","Neighborhood","NJ",182,"New York-Newark-Jersey City",394913,9.47,9.2,8.58,7.17,4.96,4.34,6.28,8.76,9.91,9.82,8.41,5.31,3.45,5.58,5.31,3.54,4.51,6.28,8.94,9.12,9.38,8.94,8.14,7.08,6.11,5.84,5.31,5.22,4.69,3.27,4.87,5.84,8.23,7.52,7.7,6.81,4.69,4.69,3.45,3.63,1.77,2.3,2.57,3.81,4.25,3.54,2.83,2.65,3.89,3.63,1.77,1.06,1.33,3.36,7.96,8.5,6.9,3.98,1.86,3.63,4.07,5.75,3.54,3.19,5.04,7.61,7.79,6.99,5.4,3.54,1.86,3.72,6.55,8.5,8.5,8.32,7.61,7.26,7.7,7.96,7.52,7.26,7.7,8.23,8.76,8.94,8.67,8.32,7.7,7.08,6.99,6.46,6.11,6.28,7.79,8.41,7.7,6.99,5.49,6.02,6.19,6.64,7.26,7.61,8.32,9.38
276254,"Chelsea","Neighborhood","NY",183,"New York-Newark-Jersey City",394913,4.07,5.13,7.35,8.67,8.05,6.28,5.84,6.02,7.43,7.43,5.66,4.69,2.48,3.89,5.75,8.23,9.03,7.88,5.4,5.66,8.76,9.91,9.38,7.7,5.84,4.69,5.66,5.75,5.4,6.9,8.5,9.03,9.03,8.5,8.14,7.88,7.79,7.61,7.88,8.5,8.85,8.94,9.12,8.76,9.29,9.12,8.67,8.76,8.85,8.94,9.29,8.94,7.43,5.93,4.07,4.25,5.84,7.17,7.52,6.02,5.49,5.84,7.52,7.79,7.35,5.93,2.74,2.39,2.12,4.69,5.04,3.98,2.04,0.8,0.35,0.53,1.06,2.57,3.19,5.84,6.55,6.73,5.04,2.65,1.42,1.59,1.06,1.68,1.68,2.39,5.66,7.35,8.67,7.79,5.66,2.04,0.88,0.62,1.15,2.74,3.1,2.83,1.77,2.39,4.6,6.73
269571,"Gresham","Neighborhood","IL",184,"Chicago-Naperville-Elgin",394463,7.08,6.53,7.22,7.08,6.53,6.94,7.92,8.06,7.36,7.22,7.78,9.03,9.17,8.06,7.22,6.81,7.08,4.44,2.5,1.81,2.78,4.44,5.14,6.67,5.42,4.58,4.72,6.67,8.06,8.06,4.44,2.92,1.67,1.39,1.39,1.39,1.25,1.11,1.25,1.11,1.11,2.08,2.22,1.39,0.83,0.69,1.25,0.83,0.56,0.83,1.67,2.08,3.06,3.19,3.61,3.61,4.86,5.83,5,3.47,2.92,2.08,2.08,1.11,1.53,2.22,3.61,3.06,1.53,0.42,0.14,0.14,0.14,0.42,0.97,1.81,1.81,1.25,0.56,0.42,0.28,0.42,0.14,0.28,0.42,0.69,1.11,1.25,1.81,1.53,2.22,1.11,0.83,0.69,0.97,1.11,1.53,1.39,1.25,1.25,1.81,1.81,1.53,0.97,1.25,0.97
276450,"Mid City West","Neighborhood","CA",185,"Los Angeles-Long Beach-Anaheim",753899,3.95,5.35,6.51,7.44,7.67,7.67,6.51,7.44,6.63,8.02,8.26,8.37,6.16,6.4,6.51,7.56,8.02,9.19,8.95,9.07,8.49,7.79,6.28,4.53,4.65,4.42,5,4.53,5.7,5,4.88,3.6,3.6,3.84,5.35,5.7,5.58,6.4,7.33,7.79,6.4,6.4,5.93,7.09,7.44,7.91,8.26,8.6,8.49,8.26,7.91,8.26,8.84,8.95,8.14,7.21,7.44,7.33,6.63,5.23,5,5.23,5.23,5.35,4.19,4.19,3.6,3.14,2.21,2.09,1.05,2.44,1.98,2.79,1.86,1.98,1.98,1.74,1.28,1.16,1.05,1.28,1.51,1.4,1.51,1.74,2.67,2.79,2.79,2.91,3.84,4.3,3.95,3.72,4.42,4.53,4.3,5.12,4.77,5,5.58,4.77,3.95,2.21,2.21,2.79
46793,"North Highlands","Neighborhood","CA",186,"Sacramento--Roseville--Arden-Arcade",395045,5.45,5.45,3.64,4.55,7.27,8.18,7.27,7.27,8.18,8.18,9.09,9.09,10,9.09,8.18,9.09,8.18,7.27,6.36,5.45,6.36,5.45,2.73,4.55,6.36,8.18,8.18,8.18,7.27,7.27,6.36,4.55,1.82,1.82,3.64,7.27,7.27,7.27,8.18,8.18,9.09,6.36,6.36,2.73,4.55,5.45,6.36,6.36,5.45,5.45,3.64,4.55,5.45,3.64,3.64,3.64,2.73,3.64,5.45,5.45,5.45,5.45,6.36,6.36,5.45,4.55,2.73,2.73,3.64,3.64,3.64,3.64,2.73,4.55,5.45,6.36,3.64,4.55,4.55,4.55,5.45,7.27,6.36,4.55,4.55,4.55,6.36,9.09,9.09,9.09,9.09,4.55,4.55,3.64,2.73,3.64,4.55,6.36,8.18,8.18,9.09,6.36,6.36,6.36,6.36,6.36
275496,"Southwest Anaheim","Neighborhood","CA",187,"Los Angeles-Long Beach-Anaheim",753899,4.19,5.12,5.58,5.93,6.74,7.44,7.79,7.67,8.26,8.26,8.72,9.07,9.07,9.3,9.42,9.19,9.42,9.65,9.88,9.88,10,10,9.77,9.53,8.84,8.37,8.37,8.26,8.49,8.14,7.44,6.74,5.81,6.16,6.16,7.33,7.79,7.91,8.49,8.37,8.95,8.37,6.51,6.4,6.4,7.33,7.33,8.26,8.02,8.37,8.49,9.07,9.19,8.37,8.02,7.33,8.14,8.02,8.84,8.95,9.53,9.42,9.53,9.77,9.3,8.84,7.56,5.47,4.3,4.19,3.02,2.21,2.21,1.98,2.09,2.33,3.14,3.14,2.91,2.44,2.91,3.72,5.93,6.86,6.86,6.86,6.63,6.63,6.4,5.47,4.65,4.42,4.3,4.88,5.23,5.81,6.74,6.28,6.51,7.21,7.79,8.37,8.37,8.72,9.19,8.95
268621,"Briargate","Neighborhood","CO",188,"Colorado Springs",394484,7.27,5.45,3.64,0.91,5.45,8.18,9.09,9.09,9.09,9.09,7.27,8.18,7.27,8.18,8.18,9.09,9.09,7.27,3.64,2.73,1.82,2.73,2.73,1.82,1.82,1.82,1.82,2.73,2.73,2.73,1.82,0.91,2.73,1.82,1.82,1.82,1.82,1.82,3.64,1.82,1.82,2.73,2.73,3.64,2.73,1.82,1.82,0.91,2.73,2.73,2.73,2.73,2.73,3.64,3.64,1.82,1.82,1.82,1.82,1.82,1.82,2.73,2.73,2.73,2.73,3.64,3.64,1.82,1.82,1.82,1.82,1.82,2.73,3.64,3.64,2.73,2.73,3.64,1.82,1.82,1.82,1.82,1.82,2.73,2.73,1.82,1.82,2.73,1.82,0.91,0.91,0.91,0.91,0.91,0.91,0.91,0.91,0.91,1.82,2.73,2.73,2.73,2.73,1.82,1.82,1.82
46736,"Newbury Park","Neighborhood","CA",190,"Oxnard-Thousand Oaks-Ventura",394952,10,10,10,10,10,10,10,5,5,5,10,10,10,10,10,10,10,10,10,10,10,10,10,10,10,10,5,5,5,10,10,10,10,10,10,10,10,10,10,10,10,10,10,10,10,10,10,10,10,10,5,5,5,5,5,10,10,10,10,10,10,10,10,10,10,10,10,10,10,10,10,10,10,10,10,10,10,10,10,10,10,10,10,10,10,5,10,10,10,10,10,10,10,10,10,10,10,10,10,10,10,10,10,10,10,10
154795,"Jamaica Plain","Neighborhood","MA",191,"Boston-Cambridge-Newton",394404,6.15,6.92,10,10,10,10,10,9.23,9.23,9.23,10,8.46,6.92,7.69,8.46,7.69,4.62,6.15,7.69,8.46,9.23,8.46,7.69,7.69,7.69,8.46,7.69,6.92,5.38,5.38,6.92,6.92,6.92,6.92,7.69,7.69,10,10,10,9.23,10,9.23,8.46,7.69,7.69,8.46,9.23,8.46,8.46,6.92,4.62,4.62,4.62,6.92,7.69,8.46,8.46,8.46,9.23,9.23,9.23,8.46,8.46,8.46,10,9.23,8.46,8.46,6.92,8.46,7.69,8.46,9.23,10,10,10,10,10,10,8.46,7.69,7.69,9.23,10,10,10,9.23,7.69,7.69,7.69,7.69,9.23,10,10,10,10,10,10,10,9.23,9.23,9.23,9.23,10,10,10
273140,"Carmel Valley","Neighborhood","CA",192,"San Diego-Carlsbad",395056,8.62,8.28,6.55,6.21,5.17,5.17,5.17,6.21,6.55,5.86,4.83,4.83,5.52,6.21,7.24,7.59,4.83,3.45,3.45,3.45,5.17,5.52,7.59,6.55,6.55,6.21,6.55,6.9,8.28,8.62,7.59,5.17,5.17,4.48,4.48,4.83,4.14,4.83,4.83,6.21,5.52,6.21,7.24,6.9,7.59,6.21,6.21,7.59,6.21,5.52,4.48,4.83,5.17,6.21,5.86,4.83,3.45,3.45,2.76,3.1,3.1,2.41,2.41,2.76,3.45,3.45,3.1,3.45,4.48,5.86,6.55,5.52,5.86,5.86,7.24,7.24,7.24,6.21,5.17,5.52,5.17,6.9,7.24,7.24,7.24,7.59,7.93,7.24,6.9,5.52,5.17,4.48,5.52,7.59,8.62,8.97,8.62,8.97,8.97,8.62,6.55,5.86,5.52,5.52,4.83,4.14
195133,"Greenwich Village","Neighborhood","NY",193,"New York-Newark-Jersey City",394913,7.61,7.52,7.08,7.35,7.52,7.7,7.35,7.17,5.4,4.6,3.36,3.36,5.75,7.61,7.17,5.49,4.16,3.89,3.1,2.83,3.36,6.81,8.85,8.94,7.96,6.55,5.49,6.73,7.35,5.84,4.34,3.36,3.63,3.81,5.93,6.55,7.35,6.46,6.02,5.93,6.28,6.28,7.43,7.52,7.79,7.96,8.05,7.79,7.61,6.9,6.37,5.04,4.42,4.51,5.31,6.19,6.46,6.99,6.9,7.43,7.17,5.4,4.96,5.31,5.66,4.34,2.3,1.86,2.39,3.89,5.49,5.4,5.04,5.13,5.58,6.19,6.64,6.11,5.22,5.49,6.19,5.58,5.13,3.72,2.39,0.71,0.27,0.35,0.71,3.72,4.69,6.28,8.05,8.76,8.41,5.66,3.1,1.42,2.48,3.81,4.78,2.57,0.62,0.09,0.71,2.65
114914,"El Sereno","Neighborhood","CA",195,"Los Angeles-Long Beach-Anaheim",753899,3.72,3.95,3.49,3.26,4.07,4.77,5,4.88,3.84,4.53,4.19,5.58,7.09,9.19,9.53,9.42,8.84,7.79,5.93,6.16,6.63,6.16,6.4,6.51,6.74,5.12,4.3,3.49,3.14,2.33,2.09,2.09,2.21,3.26,5.12,5.35,2.91,2.21,2.79,4.88,6.28,5.23,5,4.19,6.74,6.98,7.56,6.16,4.88,2.91,2.44,1.51,1.98,1.74,1.51,1.51,1.74,2.33,3.6,4.65,7.09,8.26,8.72,9.19,9.53,9.88,9.88,9.53,9.07,9.65,9.53,9.65,9.42,9.42,9.19,9.07,8.84,9.65,9.77,10,9.88,9.42,9.07,8.95,8.37,8.6,7.79,8.14,8.95,9.3,9.53,9.19,9.3,8.14,6.98,5.23,7.33,8.14,9.19,9.77,9.07,7.67,6.74,7.33,7.33,7.44
123423,"Allapattah","Neighborhood","FL",196,"Miami-Fort Lauderdale-West Palm Beach",394856,4.03,3.88,3.73,3.73,5.52,5.37,4.78,3.58,4.33,5.07,8.81,9.7,10,8.96,9.1,8.66,8.36,5.22,3.73,4.48,6.27,8.51,9.1,9.7,9.7,9.25,8.96,7.91,7.31,5.67,3.13,1.79,1.34,3.13,4.33,3.88,4.33,4.48,7.76,7.16,6.12,6.12,6.72,6.72,4.78,4.78,7.01,8.96,9.4,7.91,7.61,6.87,8.21,8.06,8.81,7.31,7.01,7.16,8.81,9.1,6.12,4.48,2.24,3.13,2.54,4.18,4.63,6.42,7.61,7.01,8.36,7.76,8.96,7.76,6.87,6.57,8.06,8.96,9.85,10,10,10,10,9.55,8.51,9.7,10,10,8.96,6.12,3.73,6.27,7.76,7.16,6.12,5.67,5.52,6.12,8.21,9.4,9.55,9.85,9.7,8.06,7.01,7.16
138261,"Englewood","Neighborhood","IL",197,"Chicago-Naperville-Elgin",394463,9.44,9.17,9.17,8.89,9.17,9.17,9.72,9.86,10,10,10,10,10,10,9.86,8.06,7.64,8.33,8.19,6.53,5.42,4.31,6.25,7.36,6.53,5.97,5.28,5.83,5.97,5.28,4.72,4.17,3.47,1.25,0.83,0.97,1.67,1.67,0.97,0.42,0.28,0.42,0.42,1.81,4.44,8.61,7.08,3.06,3.61,5.83,8.89,8.19,3.19,1.67,1.25,2.36,3.89,3.75,2.08,0.56,0.56,0.42,0.97,3.19,6.94,7.08,6.94,6.53,5.42,5,4.44,3.33,2.92,2.64,3.75,6.39,7.08,5.97,4.17,3.06,2.36,1.67,0.83,1.11,1.81,2.5,3.89,4.72,4.58,2.64,2.36,2.22,2.36,2.08,1.53,1.67,4.03,6.67,8.33,8.06,8.61,8.75,7.22,3.61,2.36,2.08
154399,"East Boston","Neighborhood","MA",198,"Boston-Cambridge-Newton",394404,10,9.23,5.38,6.15,7.69,9.23,6.92,3.08,1.54,1.54,1.54,2.31,2.31,3.85,2.31,0.77,0.77,0.77,0.77,1.54,3.08,4.62,4.62,4.62,5.38,4.62,4.62,4.62,7.69,8.46,8.46,8.46,6.15,5.38,5.38,10,9.23,4.62,3.85,4.62,6.15,6.15,5.38,6.92,6.92,6.15,6.15,3.85,3.85,3.85,3.85,3.85,3.85,4.62,6.92,6.92,4.62,1.54,1.54,1.54,1.54,3.08,6.15,5.38,3.85,2.31,2.31,1.54,2.31,3.08,5.38,4.62,5.38,3.08,2.31,1.54,3.85,4.62,2.31,1.54,1.54,1.54,0.77,0.77,0.77,1.54,1.54,2.31,2.31,2.31,1.54,1.54,0.77,0.77,0.77,3.08,4.62,7.69,7.69,8.46,8.46,7.69,6.92,3.85,2.31,1.54
247145,"Salem","Neighborhood","VA",199,"Virginia Beach-Norfolk-Newport News",395194,7.61,8.48,8.91,7.39,6.74,6.3,8.91,9.35,8.91,9.13,8.91,9.35,8.48,8.48,8.7,8.26,7.83,8.26,7.83,8.48,7.17,8.26,7.83,6.74,5.87,5.22,7.17,8.04,9.13,8.7,8.48,6.74,6.52,6.52,7.61,7.83,8.26,8.26,8.26,8.26,8.48,6.74,6.3,5.65,6.09,8.48,9.35,9.13,9.35,9.35,8.7,7.61,7.17,7.61,6.52,6.52,6.3,6.74,6.74,8.26,7.83,7.39,7.17,7.83,9.13,9.57,9.35,8.91,8.26,7.61,8.04,8.91,8.7,9.13,9.57,9.57,9.57,9.13,8.7,8.7,8.91,8.26,7.39,7.83,8.04,8.7,9.35,10,10,9.78,9.13,8.26,8.48,8.26,7.83,8.7,8.7,8.91,8.26,8.48,9.35,9.78,9.78,9.35,8.7,7.61
269588,"Jefferson Park","Neighborhood","IL",200,"Chicago-Naperville-Elgin",394463,5.14,5.56,6.81,6.39,6.39,6.25,6.67,6.39,6.39,6.94,8.19,7.64,7.36,5.56,6.67,7.92,8.47,7.64,5.42,2.92,2.36,2.36,3.19,2.64,3.33,3.61,4.58,3.19,1.94,2.5,3.75,5.56,4.17,3.75,3.19,4.72,5.42,6.53,6.67,7.64,7.5,5.83,4.31,3.61,3.33,3.61,3.33,4.31,4.72,4.44,4.58,4.44,3.61,2.5,1.67,2.22,3.06,3.89,3.75,3.75,4.44,3.75,3.75,3.06,5,5.56,5.69,5.97,6.25,6.25,5.97,6.25,6.25,6.25,5.69,5.69,6.53,6.53,6.11,5.42,5,4.58,4.86,5.42,6.11,5.69,5.56,4.86,6.81,7.92,7.5,5.14,2.08,1.67,2.64,3.61,3.61,2.5,2.08,3.19,4.31,6.11,7.08,7.5,7.08,6.81
403556,"Briarforest Area","Neighborhood","TX",201,"Houston-The Woodlands-Sugar Land",394692,6.19,5.71,5.71,6.67,5.95,6.43,7.62,8.33,8.57,8.57,9.05,9.05,8.57,7.14,4.76,2.14,1.9,3.1,5.95,5.95,6.43,7.14,7.86,8.33,9.76,9.76,9.52,9.29,8.33,9.05,9.76,9.76,9.05,8.81,8.33,8.1,7.62,6.67,5.95,5.71,5.24,5.71,7.62,9.05,8.33,8.33,7.86,6.43,6.67,6.67,7.38,6.67,8.81,9.29,9.76,9.05,7.86,6.19,5.71,5.95,6.67,6.9,6.43,5.95,5.48,5.95,5.95,5.95,4.76,4.52,2.86,1.43,1.43,4.05,7.14,6.43,6.19,6.43,6.19,4.76,4.76,4.52,4.29,4.29,3.1,4.76,5,5.71,5.95,5.95,5.48,4.76,3.81,3.81,4.76,5.24,4.76,4.29,3.1,2.86,3.1,3.81,2.86,3.1,3.1,3.81
272756,"Almaden Valley","Neighborhood","CA",202,"San Jose-Sunnyvale-Santa Clara",395059,3.64,2.73,1.82,1.82,1.82,3.64,7.27,9.09,8.18,6.36,5.45,4.55,3.64,5.45,5.45,5.45,6.36,8.18,8.18,7.27,6.36,4.55,3.64,3.64,2.73,2.73,3.64,3.64,3.64,3.64,5.45,6.36,7.27,7.27,7.27,8.18,8.18,6.36,7.27,8.18,8.18,8.18,8.18,8.18,9.09,9.09,9.09,8.18,8.18,8.18,8.18,8.18,8.18,8.18,8.18,6.36,7.27,6.36,5.45,4.55,4.55,4.55,4.55,2.73,2.73,3.64,8.18,9.09,6.36,1.82,2.73,4.55,4.55,5.45,4.55,5.45,6.36,7.27,5.45,5.45,5.45,5.45,5.45,6.36,6.36,5.45,5.45,2.73,1.82,3.64,5.45,5.45,8.18,9.09,9.09,7.27,6.36,6.36,5.45,7.27,8.18,9.09,8.18,9.09,8.18,8.18
275127,"Rancho Bernardo","Neighborhood","CA",204,"San Diego-Carlsbad",395056,4.14,3.79,3.79,4.48,3.79,3.45,2.41,2.41,3.79,4.48,4.14,3.1,3.1,2.41,3.1,4.14,3.45,2.41,1.72,2.76,3.45,5.17,5.52,6.9,7.24,7.59,7.24,7.59,7.24,6.9,6.21,7.93,8.28,7.24,6.55,6.9,7.24,8.62,7.93,7.59,6.21,7.24,7.59,6.55,5.17,3.79,3.1,4.48,5.17,5.86,6.55,6.21,4.48,3.79,3.79,3.79,5.17,4.83,4.14,3.45,3.45,3.1,3.79,3.1,5.86,5.86,6.55,4.48,3.79,3.79,3.79,4.14,3.79,4.14,3.45,4.83,5.86,7.93,8.28,5.86,4.48,4.83,6.9,8.62,8.97,8.62,8.62,7.59,7.24,7.24,6.21,3.1,2.76,3.45,6.21,5.86,4.83,4.48,3.79,3.1,3.1,2.41,2.07,2.76,2.76,3.1
57348,"Kew Gardens Hills","Neighborhood","NY",205,"New York-Newark-Jersey City",394913,9.03,8.67,9.03,9.47,9.65,9.47,9.73,9.82,9.73,8.67,8.23,7.79,9.03,8.85,8.76,8.76,8.67,8.76,9.12,9.29,9.47,9.2,9.03,6.55,3.54,1.5,1.5,2.04,2.12,2.3,2.21,3.1,3.01,3.45,2.12,2.65,0.97,0.44,0.09,0.18,0.09,0.18,0.27,0.62,0.8,0.53,0.97,1.95,3.36,0.88,0.8,1.5,1.95,2.21,2.48,2.12,3.72,5.31,6.46,5.93,4.69,5.22,4.07,3.01,1.5,2.74,3.19,2.92,1.68,2.48,5.58,7.7,6.02,3.81,2.74,3.1,3.98,1.95,2.39,2.74,5.04,5.84,7.61,7.88,7.79,7.08,4.69,3.54,6.46,8.32,9.12,8.5,7.08,4.6,2.92,3.19,3.89,3.63,3.01,3.72,4.42,6.19,6.28,6.11,2.3,0.71
214146,"Olney","Neighborhood","PA",206,"Philadelphia-Camden-Wilmington",394974,8.87,5.32,2.58,2.58,3.87,5.48,6.29,6.94,8.39,9.03,9.52,9.19,9.52,9.84,9.84,10,9.19,8.55,7.42,8.87,6.77,8.39,6.77,9.19,9.84,9.84,9.19,5.65,5.32,6.13,7.9,8.39,7.1,5,2.42,3.39,0.97,0.97,0.48,0.48,1.77,3.71,4.52,2.58,2.42,3.87,6.29,8.39,9.35,9.68,9.68,9.19,8.23,8.06,5.32,3.55,1.61,0.97,2.58,5.32,7.58,7.42,6.13,4.84,3.06,2.42,2.42,3.39,2.42,0.81,0.48,0.81,1.45,4.35,4.68,3.87,3.39,2.9,1.77,1.29,1.45,1.29,1.61,2.1,3.23,5.48,5.81,5.97,4.19,3.71,3.71,4.19,3.39,2.9,4.03,6.13,8.06,8.06,6.77,7.1,7.58,8.23,8.71,8.55,7.1,7.1
275083,"Portage Park","Neighborhood","IL",207,"Chicago-Naperville-Elgin",394463,4.03,4.03,5.28,6.81,8.33,8.47,9.31,8.89,8.47,7.78,7.5,7.08,5.97,6.39,7.08,8.75,9.58,9.44,7.78,6.39,6.25,7.5,8.75,9.58,9.72,9.44,8.06,6.25,4.17,3.61,4.86,7.5,8.19,7.64,6.11,5,5.28,6.94,8.47,9.17,8.33,6.53,5,4.31,5,5.28,5.83,7.22,8.47,8.89,8.47,6.11,5.28,3.75,2.92,2.64,3.19,5.56,5.56,4.86,4.17,4.86,5.28,6.11,5.69,4.86,3.47,2.5,1.94,2.22,4.03,5.83,6.67,7.36,7.78,8.06,8.47,8.47,6.53,4.58,3.19,3.89,5.14,5.69,5.14,3.33,2.64,2.5,3.06,4.44,4.58,5.42,5.42,4.17,3.33,2.64,3.06,3.19,3.06,3.61,6.25,7.22,7.78,6.81,5.97,5.69
275470,"Southeast Anaheim","Neighborhood","CA",208,"Los Angeles-Long Beach-Anaheim",753899,2.33,2.33,1.05,0.58,0.58,1.4,1.86,3.02,2.91,3.95,4.07,2.33,3.6,6.05,9.19,9.65,9.88,9.77,9.65,5.47,6.28,4.53,6.86,5,5.93,7.09,7.91,8.72,9.07,9.07,8.95,8.84,8.72,7.44,5.58,3.84,5.7,5.58,5.7,3.95,3.14,2.56,3.02,4.88,7.09,9.07,8.6,8.14,7.67,7.44,6.05,4.19,1.74,1.4,1.86,3.84,5.12,7.67,8.02,9.19,8.37,8.14,8.37,8.95,9.19,9.07,9.3,8.14,6.16,3.6,4.07,5.81,6.86,5,3.49,3.14,5.23,3.26,2.44,2.21,2.44,2.79,2.33,3.02,2.21,2.56,4.07,5.7,7.67,8.26,7.79,5.93,3.84,5.23,7.67,8.6,8.72,8.37,8.14,8.37,7.56,7.56,6.28,7.21,5.93,6.16
403545,"Oak Forest - Garden Oaks","Neighborhood","TX",209,"Houston-The Woodlands-Sugar Land",394692,2.62,2.14,2.38,0.95,3.57,4.29,4.52,3.33,2.38,3.81,5.71,8.57,8.1,7.38,7.14,7.38,7.62,7.62,6.9,5.71,5,4.29,4.52,2.86,3.81,5.71,6.67,7.38,8.1,7.62,6.9,6.43,6.19,6.19,4.52,5.24,6.43,7.38,6.43,6.43,6.43,4.76,3.1,2.86,2.38,4.05,4.05,3.33,2.38,1.19,1.67,1.67,2.86,3.33,4.52,3.33,3.1,1.67,1.43,0.71,0.71,0.95,1.19,2.86,4.29,4.29,3.81,3.1,2.14,2.62,3.57,3.81,2.86,2.38,3.1,5.24,7.14,7.38,6.9,5.95,5.24,5.24,3.81,5.24,5.71,6.9,7.38,8.1,7.86,7.14,7.14,6.67,6.19,5.71,5.71,7.38,7.86,8.57,8.33,6.67,4.52,4.05,4.29,4.76,5.48,6.43
275845,"Valley High-North Laguna","Neighborhood","CA",210,"Sacramento--Roseville--Arden-Arcade",395045,9.09,9.09,9.09,9.09,9.09,10,9.09,10,10,10,8.18,6.36,3.64,6.36,7.27,6.36,5.45,5.45,7.27,9.09,9.09,9.09,9.09,6.36,4.55,2.73,2.73,4.55,2.73,2.73,1.82,1.82,6.36,6.36,2.73,2.73,4.55,4.55,3.64,2.73,4.55,4.55,3.64,5.45,5.45,8.18,8.18,8.18,7.27,6.36,1.82,1.82,2.73,5.45,8.18,9.09,9.09,7.27,8.18,9.09,8.18,9.09,10,9.09,10,10,10,10,9.09,9.09,9.09,8.18,6.36,5.45,6.36,5.45,7.27,7.27,9.09,10,10,9.09,9.09,9.09,6.36,6.36,3.64,4.55,7.27,8.18,8.18,6.36,5.45,4.55,5.45,6.36,6.36,5.45,4.55,0.91,0.91,0.91,1.82,4.55,9.09,9.09
37575,"Brighton","Neighborhood","MA",211,"Boston-Cambridge-Newton",394404,3.85,7.69,9.23,8.46,3.08,3.08,4.62,10,10,10,9.23,9.23,10,10,9.23,9.23,9.23,10,10,10,10,10,10,10,10,10,10,10,10,10,10,10,10,10,10,8.46,7.69,6.92,9.23,10,9.23,10,10,10,10,10,10,10,10,10,10,8.46,8.46,9.23,10,10,10,10,10,10,10,10,10,10,9.23,10,10,10,10,10,10,10,10,9.23,9.23,9.23,9.23,9.23,8.46,9.23,9.23,10,10,9.23,6.92,6.92,6.15,10,10,10,10,10,9.23,5.38,6.15,8.46,8.46,9.23,6.15,1.54,0.77,3.08,8.46,8.46,8.46,4.62
6719,"Rego Park","Neighborhood","NY",212,"New York-Newark-Jersey City",394913,7.08,5.58,6.73,9.29,9.82,9.82,9.91,9.91,9.47,8.5,7.88,4.42,4.69,4.6,5.58,6.81,7.08,7.08,6.99,6.9,6.9,6.19,5.58,5.13,4.96,4.96,2.65,2.83,2.48,4.34,2.65,1.15,0.35,0.18,0.27,0.62,2.48,6.11,5.04,3.19,2.3,3.19,2.65,3.1,1.59,3.01,3.45,3.27,1.33,1.42,4.34,4.25,3.27,1.15,1.86,1.86,3.45,2.3,1.59,0.62,1.77,2.57,3.63,2.65,2.3,2.3,1.77,2.65,4.07,5.93,6.46,7.08,6.99,5.58,3.81,3.01,4.6,5.22,5.49,3.01,2.21,2.04,2.74,3.45,3.81,2.83,2.48,3.01,5.04,6.64,7.43,6.9,5.93,3.98,3.54,3.45,4.51,6.46,6.28,5.04,3.45,3.72,4.69,5.22,3.63,1.86
274697,"North Cheyenne","Neighborhood","NV",213,"Las Vegas-Henderson-Paradise",394775,4.29,3.06,5.1,5.1,4.9,2.04,1.02,0.82,1.84,2.86,5.31,3.67,2.65,1.63,1.63,1.84,3.88,5.1,6.53,5.71,5.1,3.47,3.67,4.69,5.31,5.31,5.31,6.73,6.94,6.53,5.31,4.49,4.08,4.29,4.29,5.31,7.14,7.55,8.37,6.12,5.1,4.49,4.29,6.53,6.33,5.71,3.47,4.29,5.71,8.16,8.98,8.78,8.57,9.18,8.37,7.14,7.14,7.35,7.76,7.76,7.76,7.96,8.16,8.16,8.57,9.8,8.37,7.76,6.94,7.35,8.16,8.16,7.96,6.73,7.35,6.94,7.35,7.96,7.76,7.35,8.16,8.37,7.96,7.55,6.53,6.53,7.76,8.98,9.39,8.57,6.94,5.51,4.69,5.1,5.1,5.51,6.73,7.55,8.37,8.37,8.16,7.96,8.16,7.96,8.57,7.96
116415,"Mar Vista","Neighborhood","CA",214,"Los Angeles-Long Beach-Anaheim",753899,7.09,6.98,6.63,6.4,7.21,8.26,8.6,9.07,8.95,7.21,7.33,7.56,8.37,8.49,8.14,8.14,8.26,7.33,5.23,4.65,6.16,8.6,9.42,9.88,9.65,9.42,9.53,9.65,9.65,9.3,9.42,8.26,7.67,6.98,7.09,6.98,7.21,7.79,8.84,8.95,9.42,9.42,9.42,9.07,8.95,9.3,9.42,9.77,9.53,9.65,9.42,9.53,9.42,9.07,8.49,8.84,9.3,9.19,9.3,9.42,9.42,8.95,9.19,9.07,9.42,9.65,9.53,8.95,8.26,8.49,8.95,8.72,8.95,8.6,9.3,8.37,8.37,7.67,7.33,5.93,6.28,6.86,6.51,6.51,6.51,6.05,3.95,3.26,2.21,3.02,3.02,3.84,4.42,4.3,3.49,2.67,2.33,3.84,6.86,8.72,8.84,7.91,6.51,6.51,6.16,5.81
268938,"Coral Way","Neighborhood","FL",215,"Miami-Fort Lauderdale-West Palm Beach",394856,3.58,4.33,4.03,4.63,5.67,4.48,2.69,1.34,1.94,5.37,8.51,8.96,7.46,6.42,6.12,6.27,7.76,9.25,9.55,9.7,9.7,8.81,8.21,8.06,8.66,8.51,8.21,7.46,7.01,5.52,5.52,6.27,7.01,7.16,8.06,8.36,7.31,6.27,4.48,4.33,4.48,4.33,5.37,5.07,4.03,4.18,4.78,6.42,7.61,8.06,8.06,7.46,6.57,5.82,6.72,7.91,9.25,9.25,9.1,7.61,5.37,3.88,4.03,4.93,5.22,4.93,4.03,4.78,5.67,6.72,6.87,6.72,6.42,7.46,8.66,8.81,8.21,7.31,7.16,7.16,5.67,4.03,3.73,3.28,3.13,3.28,3.28,4.03,4.78,5.37,5.37,5.52,5.82,6.72,5.67,4.63,4.18,3.88,4.18,4.33,3.88,3.43,4.18,5.07,5.37,4.63
274680,"North","Neighborhood","TX",218,"Dallas-Fort Worth-Arlington",394514,1.29,0.97,0.65,0.97,0.65,0.97,0.65,0.65,0.32,0.65,2.26,3.55,7.1,3.55,2.26,1.29,1.61,2.58,4.19,3.55,3.23,1.61,2.26,3.23,3.55,3.87,3.87,7.74,8.71,8.39,6.45,5.16,4.52,4.52,4.52,3.87,1.94,1.29,0.97,1.29,0.97,0.65,0.97,1.29,3.55,2.58,1.61,1.29,0.32,0.32,0.32,0.97,2.9,3.55,2.9,3.23,2.58,2.26,2.26,1.94,3.23,5.81,8.39,8.71,7.42,6.45,6.77,7.42,5.48,4.52,3.87,3.87,5.81,6.77,7.1,7.1,6.45,6.13,3.87,2.58,3.23,6.13,6.45,6.45,6.45,7.42,8.39,8.39,8.39,8.06,8.06,7.1,6.77,6.77,6.13,6.13,6.45,6.77,7.1,7.1,7.1,7.1,6.77,6.45,6.13,5.16
272874,"Bay Area","Neighborhood","TX",219,"Corpus Christi",394502,7.14,7.14,7.14,7.14,7.14,7.14,5.71,4.29,2.86,2.86,5.71,7.14,7.14,7.14,7.14,2.86,1.43,1.43,1.43,1.43,5.71,7.14,10,10,7.14,5.71,7.14,7.14,8.57,5.71,4.29,4.29,5.71,5.71,4.29,4.29,2.86,5.71,7.14,4.29,2.86,2.86,1.43,4.29,7.14,8.57,4.29,4.29,2.86,4.29,5.71,5.71,5.71,4.29,2.86,2.86,2.86,2.86,2.86,2.86,2.86,2.86,5.71,7.14,7.14,2.86,2.86,2.86,4.29,2.86,2.86,5.71,5.71,8.57,10,10,8.57,8.57,7.14,7.14,7.14,8.57,8.57,2.86,4.29,5.71,8.57,8.57,8.57,5.71,4.29,5.71,7.14,7.14,5.71,2.86,2.86,5.71,7.14,7.14,5.71,5.71,5.71,8.57,5.71,7.14
276351,"Greater Heights","Neighborhood","TX",220,"Houston-The Woodlands-Sugar Land",394692,1.43,2.86,5,5.71,6.19,7.62,8.1,7.86,7.62,7.86,7.62,7.14,5.71,5.95,6.19,6.67,6.67,6.67,5.71,5.24,5.48,6.43,7.62,8.57,9.29,9.29,9.05,8.81,9.29,8.81,7.62,6.9,8.1,8.33,9.05,8.81,8.1,8.57,8.81,8.81,8.33,8.1,7.86,7.62,7.86,7.86,8.1,7.62,7.62,6.9,5.24,5,5.48,5.24,4.05,3.81,2.62,2.38,2.38,1.9,1.9,2.38,2.62,3.33,4.52,4.05,3.33,1.67,1.43,1.67,2.62,3.57,5,5.95,6.19,6.9,6.9,6.9,5.71,5,5,5.71,5,5.95,5.95,5.95,6.19,5.24,5.24,5.71,5.95,5.95,5.71,6.43,6.19,5.95,5.71,6.19,7.14,8.33,8.33,8.57,8.33,7.62,7.14,6.9
118849,"Watts","Neighborhood","CA",221,"Los Angeles-Long Beach-Anaheim",753899,0.35,0.35,0.7,2.09,3.72,4.53,6.86,5.12,2.44,0.93,0.35,0.47,1.28,2.67,2.56,1.74,3.37,4.88,7.09,4.07,3.49,1.63,1.16,0.23,0.23,0.23,0.23,0.35,0.35,0.23,0.12,0.12,0.12,0.23,0.35,0.35,0.23,0.23,0.12,0.23,0.35,0.23,0.23,0.23,0.35,0.7,0.35,0.35,0.47,0.81,0.58,1.4,1.4,1.63,0.81,1.05,1.28,0.93,0.23,0.12,0.23,0.93,0.81,0.58,0.35,0.81,0.47,0.35,0.23,0.35,0.47,0.81,1.16,1.51,3.37,3.6,2.44,1.51,1.16,1.63,1.16,1.05,0.93,0.81,0.7,0.47,0.35,0.47,0.58,1.28,1.28,1.51,1.51,1.98,1.86,3.14,2.91,2.21,1.86,2.09,3.49,2.91,3.14,2.79,4.19,6.05
49994,"Woodhaven","Neighborhood","NY",222,"New York-Newark-Jersey City",394913,8.67,8.76,7.7,6.99,5.66,5.75,5.22,2.57,0.88,0.27,0.62,1.95,6.19,6.19,6.73,6.9,7.96,8.14,7.7,7.88,7.52,7.79,7.17,7.43,7.43,7.35,7.61,7.43,7.96,8.05,7.7,7.17,6.73,6.37,5.4,4.87,4.78,4.42,4.51,4.16,4.51,5.31,5.84,6.11,5.66,4.6,3.19,2.83,2.48,3.98,6.81,9.2,9.56,9.65,9.82,9.91,9.91,10,10,10,9.91,10,10,9.91,9.82,9.38,9.03,8.23,8.05,6.02,4.51,3.54,4.96,6.99,7.35,8.05,7.79,7.7,6.9,4.34,5.4,6.99,7.96,6.46,5.31,4.87,5.58,5.93,5.58,5.93,3.98,3.81,3.72,4.87,5.4,6.28,6.64,5.66,4.87,3.54,3.98,5.04,5.31,3.72,2.04,2.12
276537,"River Oaks-Kirby-Balmoral","Neighborhood","TN",223,"Memphis",394849,0.91,0.91,1.82,3.64,3.64,2.73,0.91,0.91,0.91,0.91,0.91,0.91,0.91,0.91,0.91,0.91,0.91,0.91,0.91,0.91,0.91,0.91,0.91,0.91,0.91,1.82,1.82,1.82,1.82,1.82,1.82,1.82,0.91,0.91,0.91,0.91,0.91,0.91,1.82,0.91,0.91,0.91,0.91,0.91,0.91,1.82,1.82,1.82,1.82,0.91,0.91,1.82,0.91,0.91,0.91,0.91,0.91,1.82,2.73,2.73,0.91,0.91,0.91,2.73,3.64,5.45,4.55,3.64,3.64,3.64,3.64,2.73,1.82,3.64,3.64,4.55,3.64,1.82,0.91,0.91,0.91,1.82,2.73,3.64,3.64,3.64,4.55,3.64,4.55,4.55,5.45,4.55,2.73,3.64,3.64,6.36,7.27,7.27,7.27,6.36,7.27,8.18,8.18,8.18,8.18,8.18
271495,"North Dallas","Neighborhood","TX",224,"Dallas-Fort Worth-Arlington",394514,0.65,1.29,1.94,3.55,3.87,3.55,2.58,1.94,2.58,2.9,4.52,4.19,5.48,5.81,6.77,5.81,3.23,1.29,0.32,0.65,2.58,1.94,1.61,2.26,1.94,1.94,2.26,2.26,1.61,2.26,3.23,2.9,2.58,2.58,2.9,1.61,1.29,0.97,0.65,0.65,1.29,1.61,1.29,0.97,0.65,0.32,0.32,0.32,0.97,0.65,0.97,1.61,2.58,1.61,1.29,0.65,0.65,0.65,0.65,0.32,0.65,0.65,1.61,1.94,2.26,2.58,2.9,1.94,0.97,0.32,0.32,0.97,0.97,1.29,1.29,1.61,0.97,0.65,0.32,0.32,0.65,0.65,0.97,0.65,0.32,0.32,0.32,0.32,0.32,0.65,0.97,0.32,0.32,0.32,0.32,0.32,0.32,0.32,1.29,1.94,3.23,1.61,0.32,0.32,0.32,0.32
274517,"Mid Wilshire","Neighborhood","CA",225,"Los Angeles-Long Beach-Anaheim",753899,8.14,7.21,6.16,3.49,3.37,4.19,5.47,6.51,8.02,8.72,9.19,6.05,4.65,2.33,2.79,4.42,2.91,3.49,3.84,5.35,6.4,4.77,4.53,2.44,2.91,5.58,6.86,6.05,3.72,2.09,1.63,1.74,1.86,3.6,4.77,6.05,6.4,5.93,2.67,0.93,0.81,1.16,3.14,5.35,7.21,8.26,9.07,8.95,8.37,7.91,7.44,7.21,6.86,6.51,6.98,7.91,7.56,6.51,3.49,2.33,1.98,2.91,3.49,2.79,1.51,1.4,1.63,2.67,2.09,2.44,3.37,4.53,5,4.3,4.42,2.44,2.33,1.63,2.79,4.88,7.09,6.63,5.47,4.3,4.3,3.6,3.49,2.09,1.51,1.63,2.56,5.47,3.49,2.56,2.91,4.19,4.42,4.53,3.72,4.3,2.33,1.74,0.58,0.58,1.05,1.28
269607,"South Loop","Neighborhood","IL",226,"Chicago-Naperville-Elgin",394463,7.5,5.42,2.78,2.5,3.19,4.72,4.03,5.28,5.56,5.42,4.44,3.61,2.08,1.81,1.39,1.81,2.22,2.36,3.19,4.03,4.44,3.19,3.06,4.86,7.78,8.06,9.03,8.75,9.03,8.89,8.89,8.33,7.5,6.53,6.94,6.39,6.11,5.56,6.39,6.11,5.42,5,4.72,5.14,6.81,6.94,6.11,5,5.14,5.14,5.56,7.08,8.75,8.89,7.78,6.81,4.03,5.97,6.53,6.53,6.11,6.94,7.78,8.47,9.03,8.89,8.33,5.83,3.75,3.47,4.17,4.86,5.83,6.39,7.64,7.22,6.81,5.42,5,4.86,6.53,7.5,8.33,8.47,7.64,6.67,5.97,5.56,4.86,4.72,4.03,3.75,2.92,3.61,5.14,5.42,5.28,5.14,6.11,6.67,6.81,6.25,5.14,4.44,3.47,2.78
269585,"Humboldt Park","Neighborhood","IL",227,"Chicago-Naperville-Elgin",394463,6.94,7.78,8.47,9.03,8.89,9.44,9.58,9.72,9.44,8.06,5.14,1.94,3.89,7.22,7.78,6.11,2.5,1.81,3.33,6.67,8.06,8.33,8.33,7.78,6.11,3.33,3.75,3.61,3.47,2.92,3.61,3.89,4.72,5.69,4.72,5.42,4.31,2.5,1.81,4.31,7.64,8.47,8.47,9.44,9.86,9.44,8.47,8.61,8.33,8.47,6.53,8.61,8.89,9.58,9.72,9.86,9.17,8.06,5.69,6.81,8.19,8.75,6.53,4.31,3.33,5.83,7.64,9.03,9.03,9.31,9.17,8.47,7.92,6.94,6.67,4.86,6.67,8.33,9.72,9.86,9.86,9.86,9.31,7.92,6.81,7.64,7.36,7.36,5,5,6.11,9.17,9.58,9.17,8.75,8.75,9.17,9.03,6.25,5.14,5.14,8.61,8.75,9.17,7.36,8.06
271457,"Lower Valley","Neighborhood","TX",228,"El Paso",394561,5,3.75,5,5,6.25,7.5,8.75,7.5,7.5,8.75,8.75,7.5,7.5,6.25,3.75,3.75,2.5,3.75,8.75,10,10,10,10,10,10,10,10,10,8.75,10,10,10,10,8.75,8.75,8.75,8.75,8.75,8.75,1.25,1.25,2.5,3.75,6.25,2.5,1.25,1.25,1.25,1.25,6.25,7.5,8.75,10,5,1.25,1.25,1.25,1.25,2.5,7.5,7.5,8.75,8.75,8.75,8.75,10,10,10,10,10,10,10,10,10,10,8.75,8.75,8.75,8.75,6.25,5,5,5,7.5,10,8.75,8.75,7.5,6.25,8.75,8.75,7.5,3.75,6.25,6.25,10,8.75,10,3.75,1.25,1.25,1.25,1.25,1.25,1.25,5
273035,"Bridgeport","Neighborhood","IL",229,"Chicago-Naperville-Elgin",394463,5.56,5.97,5.97,5.69,4.44,4.31,4.44,4.86,5.42,5.83,6.39,6.81,6.67,6.11,5.83,4.86,4.86,4.31,3.75,3.47,3.75,4.03,4.17,3.61,2.78,2.78,3.33,3.75,3.33,1.81,1.39,0.83,0.97,1.94,3.89,5.83,0.97,0.83,0.83,2.22,5.69,7.08,8.75,8.47,7.92,6.81,8.61,8.75,5.97,4.03,4.03,3.19,4.58,5.69,8.75,9.31,10,10,9.17,8.33,6.25,6.39,5.42,4.86,4.31,3.33,2.64,3.33,3.89,5.69,5.69,6.39,8.19,9.03,8.61,8.75,6.25,4.86,3.61,5.69,4.58,5.56,5.42,6.11,6.67,7.08,7.78,5.69,4.72,4.31,5.97,9.03,9.72,10,10,9.86,8.61,6.53,5.97,7.08,6.53,3.33,2.36,4.58,8.75,9.03
269578,"Edgewater","Neighborhood","IL",230,"Chicago-Naperville-Elgin",394463,3.47,2.08,2.22,3.47,3.47,3.19,5.28,4.44,3.89,2.5,2.78,2.5,2.92,2.64,3.06,2.78,3.75,5.28,6.25,7.64,7.22,6.81,5,5,5.56,5.69,5.14,4.86,4.58,3.19,1.81,1.81,2.5,2.36,2.64,2.92,3.61,2.78,2.22,2.36,3.06,3.89,3.33,4.03,3.47,3.89,3.19,3.19,2.92,3.61,4.31,6.39,6.81,6.39,5,3.47,2.64,3.19,3.33,3.61,3.06,3.47,2.92,2.36,2.08,1.94,2.5,2.92,2.64,3.19,3.19,2.22,3.33,4.03,6.94,7.78,8.19,8.06,7.78,6.94,7.5,6.81,7.78,7.5,7.92,7.5,7.5,8.19,7.36,7.64,7.36,7.78,6.81,5.56,5.42,6.94,7.92,8.61,8.47,7.78,7.78,7.78,8.47,8.19,8.19,8.33
273887,"Green Valley North","Neighborhood","NV",231,"Las Vegas-Henderson-Paradise",394775,4.9,5.51,3.06,1.63,1.43,3.67,6.33,6.53,4.49,2.45,2.45,5.51,7.14,6.94,6.33,6.33,6.73,5.71,6.12,6.94,8.37,7.96,7.76,7.55,7.76,8.57,9.39,7.96,6.73,8.37,9.39,9.8,9.39,8.78,8.57,8.57,9.59,9.59,9.59,8.98,6.33,6.12,7.96,9.18,10,9.8,8.78,7.35,6.53,4.29,3.88,4.08,4.9,5.31,5.71,5.92,6.12,6.73,6.53,5.1,4.9,4.69,4.9,3.47,2.86,2.86,4.9,6.12,7.55,7.14,6.73,6.73,8.37,7.55,7.14,4.9,5.1,5.51,6.12,6.94,8.37,7.76,7.35,5.71,4.9,4.9,5.31,6.12,6.12,7.35,7.14,7.76,5.51,6.33,6.12,4.69,6.33,6.12,6.73,5.92,4.08,6.12,8.37,9.59,9.18,8.37
26134,"Newhall","Neighborhood","CA",232,"Los Angeles-Long Beach-Anaheim",753899,2.44,4.53,3.95,3.37,2.56,2.09,1.4,0.58,0.35,0.47,1.28,2.91,1.4,1.05,1.28,2.21,1.63,1.16,0.7,0.23,0.23,0.23,0.23,0.47,0.58,1.16,2.79,3.72,3.95,3.37,2.79,2.44,3.95,5.7,7.67,8.14,5.93,3.14,2.33,1.86,3.26,4.88,6.74,6.74,4.07,1.86,1.16,1.4,1.63,1.28,1.74,3.49,6.16,7.09,5.81,5,4.77,6.63,6.28,6.74,6.16,5.12,3.95,4.19,4.88,5.47,5.47,6.63,6.74,5.7,4.77,4.77,5.93,6.28,7.67,8.26,8.26,6.63,4.3,3.37,4.19,3.14,2.44,2.91,4.65,6.63,5.7,5.47,4.3,5,5.23,4.65,4.65,5,6.51,6.28,5.81,4.3,6.16,5.35,5.12,5.23,6.16,6.98,6.4,5.47
274983,"Parkway Village-Oakhaven","Neighborhood","TN",233,"Memphis",394849,9.09,9.09,10,9.09,7.27,6.36,6.36,6.36,5.45,5.45,6.36,10,10,10,10,8.18,6.36,6.36,6.36,8.18,9.09,8.18,8.18,7.27,6.36,7.27,9.09,9.09,10,10,10,10,10,9.09,8.18,8.18,10,7.27,7.27,6.36,7.27,7.27,6.36,3.64,2.73,0.91,0.91,0.91,0.91,3.64,4.55,6.36,9.09,9.09,10,10,9.09,9.09,0.91,0.91,2.73,3.64,6.36,7.27,9.09,8.18,2.73,1.82,1.82,0.91,1.82,1.82,3.64,5.45,5.45,7.27,7.27,8.18,9.09,9.09,7.27,5.45,4.55,1.82,2.73,2.73,5.45,5.45,5.45,3.64,3.64,2.73,4.55,2.73,2.73,2.73,1.82,0.91,1.82,3.64,3.64,4.55,3.64,1.82,1.82,0.91
271985,"South End","Neighborhood","WA",234,"Seattle-Tacoma-Bellevue",395078,7.65,7.06,8.24,6.47,5.88,6.47,5.88,5.29,4.71,2.94,2.35,2.35,2.35,1.76,1.76,2.35,1.76,4.71,5.29,4.12,2.94,3.53,3.53,2.94,2.94,4.71,4.12,4.71,5.29,5.29,2.94,1.76,2.94,2.94,3.53,2.94,1.76,1.76,2.35,2.35,2.94,2.35,2.35,1.18,1.76,1.18,0.59,0.59,0.59,0.59,1.76,2.35,1.76,2.35,2.94,2.35,1.76,1.18,2.35,2.35,2.35,2.35,3.53,4.71,4.12,3.53,1.76,1.76,2.94,2.94,3.53,3.53,4.12,4.71,4.71,4.71,4.12,4.12,2.35,1.76,1.76,2.94,3.53,4.71,4.71,4.71,4.12,4.12,4.12,4.12,2.94,3.53,5.29,5.88,8.24,9.41,10,10,9.41,8.82,8.82,8.24,9.41,8.24,8.82,8.82
241514,"Bayside","Neighborhood","VA",235,"Virginia Beach-Norfolk-Newport News",395194,8.04,7.83,7.83,7.61,7.61,7.39,8.48,6.3,5.65,4.13,5.87,7.61,8.26,8.04,7.17,6.52,6.96,7.61,8.48,9.35,8.26,7.83,4.78,5,6.52,8.48,9.57,9.13,10,8.26,8.91,7.39,7.83,8.04,8.48,8.48,8.04,7.83,8.48,9.13,8.7,7.61,6.52,6.09,4.78,5,7.17,6.52,6.52,4.13,3.48,3.04,3.91,4.78,4.78,4.78,6.74,7.17,7.39,4.57,3.7,4.57,7.83,8.48,8.7,8.48,6.52,6.09,4.57,5,4.78,4.78,5.43,5.87,5.87,5.65,5.65,6.74,6.52,5.65,3.91,3.7,3.7,5.22,6.3,7.17,7.61,7.83,7.61,8.48,8.04,6.96,5.22,5.65,5,6.3,5.43,5.65,6.96,8.26,8.7,8.7,8.26,7.39,7.17,6.74
403295,"Lake View East","Neighborhood","IL",236,"Chicago-Naperville-Elgin",394463,1.25,0.69,0.97,0.97,1.81,1.53,1.25,1.25,1.39,1.11,0.97,1.11,1.11,1.39,1.11,1.11,0.42,0.83,2.08,3.75,4.31,3.47,3.89,4.58,6.25,6.53,6.94,7.08,7.64,7.36,6.81,6.11,5.28,5.28,5,4.03,3.33,3.19,3.06,2.92,2.92,2.92,3.06,3.47,2.78,2.36,2.22,2.36,3.06,3.33,3.47,4.17,4.03,4.31,3.75,2.78,2.22,2.36,3.06,3.89,4.58,4.72,4.44,4.58,5.28,5,4.44,3.75,3.33,3.06,2.92,2.36,2.78,2.92,3.47,4.58,5,5.14,5.28,5.14,5.42,6.25,6.53,6.67,6.94,7.36,7.64,8.06,7.5,7.36,6.67,7.22,7.08,6.67,6.94,7.92,7.78,7.5,7.64,8.19,8.19,7.92,7.36,5.56,5.28,5.14
273766,"Fort Greene","Neighborhood","NY",237,"New York-Newark-Jersey City",394913,4.34,3.45,3.45,2.3,2.65,2.92,4.42,4.16,3.01,3.01,3.01,3.01,3.19,3.72,3.89,4.69,5.13,4.78,4.42,4.07,4.42,4.51,4.42,4.34,4.69,5.04,5.04,6.02,6.02,5.93,6.11,5.66,6.28,7.35,8.5,9.03,8.94,9.03,9.2,9.12,9.03,9.38,9.2,9.38,9.2,8.76,7.96,8.05,7.52,7.79,7.35,7.7,7.88,8.23,8.14,8.14,7.88,7.61,7.08,8.05,8.58,8.85,9.2,9.12,8.85,8.5,8.67,7.61,7.35,6.9,7.08,7.17,7.35,7.35,7.61,7.79,8.67,8.94,8.94,8.67,8.76,8.85,8.67,8.5,8.23,8.32,8.5,8.85,8.76,8.58,8.05,7.61,7.26,5.84,6.46,6.19,6.46,6.73,6.9,6.46,5.58,5.75,5.49,5.93,6.02,6.64
276060,"Whitestone","Neighborhood","NY",238,"New York-Newark-Jersey City",394913,7.17,6.99,5.4,5.04,4.69,5.84,6.37,7.26,6.55,6.11,5.84,5.84,4.96,4.42,5.4,5.66,6.46,6.9,7.08,7.35,5.75,4.07,3.54,3.1,3.98,4.78,6.55,6.64,6.99,7.17,7.52,7.26,7.35,7.79,8.05,7.7,7.96,7.43,7.61,7.52,7.52,5.93,4.42,3.36,3.54,4.69,3.81,4.07,3.81,3.89,3.45,3.27,3.1,3.19,2.92,2.83,3.63,4.16,4.07,4.25,4.78,5.93,6.55,5.49,5.4,6.73,8.05,6.28,5.31,3.36,2.39,2.12,2.21,2.83,3.89,5.04,5.75,5.66,4.51,2.39,1.33,0.53,1.24,2.04,4.34,4.34,3.45,3.45,3.54,4.51,4.96,4.96,3.36,2.65,1.06,1.33,1.68,2.3,3.27,4.34,5.13,5.4,4.78,5.04,4.42,4.34
28723,"Fern Creek","Neighborhood","KY",239,"Louisville/Jefferson County",394807,2.5,2.5,2.5,2.5,2.5,2.5,5,5,5,5,5,2.5,2.5,2.5,2.5,2.5,2.5,5,7.5,7.5,7.5,5,2.5,2.5,2.5,2.5,5,5,5,5,5,5,5,5,5,2.5,5,5,7.5,7.5,10,10,10,10,10,5,2.5,2.5,2.5,2.5,2.5,7.5,10,10,10,10,7.5,7.5,7.5,10,10,7.5,7.5,5,5,5,5,5,5,5,5,5,7.5,10,7.5,7.5,7.5,5,5,5,5,5,5,5,5,5,5,5,5,5,5,2.5,2.5,2.5,2.5,2.5,2.5,2.5,2.5,5,5,2.5,2.5,2.5,2.5,2.5
753793,"Far Eastside","Neighborhood","IN",240,"Indianapolis-Carmel-Anderson",394705,8.57,8.57,7.86,7.86,8.57,9.29,9.29,9.29,9.29,9.29,9.29,8.57,8.57,8.57,8.57,7.86,7.86,10,10,10,10,10,10,10,10,10,10,9.29,7.86,8.57,10,8.57,6.43,6.43,5,2.86,2.86,7.14,7.14,5,4.29,5,5,6.43,9.29,10,10,7.86,6.43,0.71,1.43,0.71,2.14,2.86,1.43,2.14,2.14,7.86,8.57,9.29,7.14,7.14,7.14,5.71,4.29,3.57,2.14,2.86,7.86,7.14,7.14,6.43,5,5,5.71,3.57,2.86,4.29,5,7.86,9.29,8.57,8.57,9.29,10,10,9.29,9.29,9.29,9.29,10,9.29,9.29,8.57,8.57,8.57,9.29,8.57,8.57,7.14,5.71,5.71,4.29,7.14,6.43,7.14
274834,"West Oak Lane","Neighborhood","PA",241,"Philadelphia-Camden-Wilmington",394974,4.52,6.94,9.03,7.9,3.71,2.74,2.1,2.42,2.9,3.06,3.71,5.48,5,4.19,3.23,3.06,3.06,3.06,4.52,4.03,3.87,2.58,1.94,1.29,3.23,6.13,7.9,7.26,6.13,5.97,6.45,6.61,5.16,2.42,1.61,2.1,4.03,4.52,5.81,5.16,5.97,3.23,1.77,1.45,3.87,6.45,7.74,7.74,6.45,6.13,6.29,6.77,6.29,5.48,4.68,4.03,3.23,1.61,1.45,2.42,4.19,5.32,6.29,6.94,7.1,7.42,7.1,6.13,5.97,4.68,2.9,2.1,1.29,1.61,1.77,3.39,5.81,5.81,5.48,4.35,3.87,5.32,5.81,6.45,6.45,3.71,2.9,2.9,3.23,3.87,3.39,3.23,4.19,5.48,5.48,5.81,5.32,4.68,5.48,4.84,5.81,6.13,6.29,5.32,5,4.68
47950,"Tarzana","Neighborhood","CA",242,"Los Angeles-Long Beach-Anaheim",753899,6.05,4.3,2.33,4.53,5.35,6.4,7.21,6.28,4.65,3.14,1.74,1.98,3.02,4.3,4.3,4.3,3.6,2.79,2.91,2.21,2.44,2.33,2.44,2.79,4.53,5.35,6.05,3.95,2.21,1.28,1.05,1.98,2.09,1.51,1.86,1.63,3.6,6.51,8.37,7.56,6.05,4.3,2.44,1.63,1.28,1.74,2.09,1.05,0.81,0.7,0.7,1.28,1.86,3.02,1.74,2.09,1.51,2.21,1.86,1.98,1.86,1.05,1.05,1.05,2.44,3.14,3.02,2.56,1.63,1.98,1.74,1.98,1.86,1.86,2.33,2.09,2.56,1.86,1.63,1.28,1.51,1.74,1.74,1.98,2.09,2.67,3.14,3.95,5.12,5.23,3.72,1.63,1.16,1.28,1.63,1.51,1.63,1.63,2.21,3.95,3.37,2.79,3.02,2.91,3.02,2.09
113455,"Anaheim Hills","Neighborhood","CA",243,"Los Angeles-Long Beach-Anaheim",753899,0.93,0.7,0.81,1.28,1.98,2.56,3.37,3.14,3.14,2.79,2.33,3.37,3.49,3.72,3.26,4.19,4.53,4.53,5,4.53,4.42,3.95,3.26,2.67,3.02,3.49,4.42,4.88,5.93,5.23,5.35,5.12,4.77,4.42,4.3,3.95,4.19,3.84,3.95,3.72,3.37,3.02,2.67,2.33,2.33,2.79,3.02,3.95,3.49,4.42,4.42,4.88,4.53,3.49,2.91,2.79,2.79,2.79,3.37,3.02,2.67,2.67,2.79,3.14,3.49,3.6,3.14,3.02,2.33,2.56,2.67,3.02,4.19,3.72,3.95,3.95,4.88,4.19,3.72,3.84,3.6,3.37,2.79,3.14,3.14,3.84,4.42,4.65,3.84,2.79,1.98,1.86,1.98,2.09,2.09,2.21,2.09,2.09,2.09,2.91,3.26,3.6,3.49,2.67,2.44,2.56
269608,"South Shore","Neighborhood","IL",244,"Chicago-Naperville-Elgin",394463,1.94,2.22,2.08,4.72,6.67,7.78,8.19,8.33,8.61,9.03,8.47,8.19,8.19,7.92,8.33,8.89,9.44,9.58,8.89,8.33,6.11,4.58,4.31,5.14,4.86,3.89,4.31,2.08,1.39,1.11,2.36,3.47,4.58,3.89,5.42,3.47,3.75,1.53,1.53,2.08,2.22,1.39,0.69,0.56,1.25,2.08,5.42,4.58,4.44,2.5,2.92,3.61,5.14,4.86,4.72,3.06,0.83,0.69,0.42,0.69,0.97,4.44,4.31,3.61,1.81,1.39,1.25,0.56,0.14,0.14,0.28,1.53,1.81,1.11,0.42,0.42,0.69,1.81,2.92,4.17,7.64,4.86,2.5,0.69,0.56,0.56,0.56,0.42,0.56,1.11,0.97,0.69,0.69,0.56,0.56,0.97,1.39,4.58,7.78,9.03,9.17,8.06,2.92,1.39,0.56,0.69
22021,"Fairport","Neighborhood","NY",245,"Rochester",395031,6.67,6.67,3.33,3.33,3.33,3.33,3.33,3.33,3.33,3.33,3.33,3.33,3.33,3.33,3.33,3.33,6.67,6.67,6.67,6.67,3.33,3.33,3.33,6.67,6.67,10,10,10,10,10,10,10,6.67,6.67,6.67,6.67,3.33,3.33,6.67,6.67,6.67,10,10,10,10,10,10,6.67,6.67,6.67,10,10,3.33,6.67,3.33,3.33,3.33,6.67,10,10,10,10,10,10,10,10,10,3.33,3.33,3.33,3.33,3.33,6.67,6.67,10,10,10,10,10,10,10,10,6.67,6.67,10,10,10,10,10,10,10,10,10,6.67,3.33,3.33,3.33,3.33,3.33,6.67,6.67,6.67,6.67,6.67,3.33,3.33
268588,"West Hills","Neighborhood","CA",246,"Los Angeles-Long Beach-Anaheim",753899,7.44,7.44,5.47,2.67,1.51,1.63,2.09,3.26,3.72,4.07,4.65,5.7,8.14,8.72,9.07,9.07,9.53,9.07,8.02,6.63,7.21,7.09,7.91,7.21,6.05,4.77,5.47,7.44,8.14,8.02,6.28,6.16,5.35,6.63,5.47,5.23,3.84,3.37,3.02,2.79,1.98,2.67,2.56,3.26,3.14,4.19,4.88,4.77,5,5.58,5.81,5.58,3.95,4.77,5.12,4.65,2.44,1.86,1.98,2.91,3.02,3.6,6.4,6.28,7.79,7.09,6.4,5.7,5.81,7.44,8.02,7.91,6.4,5.47,3.6,5.23,5.58,5.58,4.19,4.19,5.23,5.81,5,3.6,3.26,3.14,3.37,3.14,3.6,3.72,3.6,2.67,1.86,1.51,1.4,1.74,3.37,5.58,7.21,7.56,8.49,6.98,6.63,5,4.53,4.07
274717,"North Park","Neighborhood","CA",247,"San Diego-Carlsbad",395056,3.45,3.45,4.14,6.55,5.86,4.83,3.45,3.1,3.1,4.83,5.86,7.24,7.93,9.66,10,9.66,9.31,8.62,8.97,8.97,8.97,8.97,9.31,9.31,9.31,8.62,8.62,8.62,7.59,6.55,5.86,6.21,6.55,6.21,5.86,4.48,4.83,5.17,5.52,6.55,6.55,6.9,5.86,6.21,7.93,7.93,8.28,8.62,9.66,8.97,8.97,7.59,6.21,5.86,6.21,7.93,7.93,8.62,8.28,7.93,6.55,8.28,8.97,9.31,9.66,9.66,8.28,8.28,7.24,7.24,5.52,5.86,6.9,5.52,4.14,3.79,5.17,7.24,8.62,7.59,6.21,6.21,5.52,6.21,6.55,7.24,6.21,5.52,4.83,4.14,4.83,5.17,5.86,5.52,6.55,6.9,7.59,7.93,8.62,8.28,6.21,5.17,3.1,3.1,2.41,2.76
271409,"Greater Inwood","Neighborhood","TX",248,"Houston-The Woodlands-Sugar Land",394692,0.95,0.95,1.19,1.19,1.43,1.43,0.95,0.95,0.95,0.48,0.24,0.48,0.48,0.48,0.24,0.24,0.24,0.24,0.71,0.71,0.24,0.24,0.24,0.48,0.48,0.71,0.95,0.95,1.19,1.9,1.67,1.43,0.95,2.14,2.86,3.57,0.95,1.19,1.9,2.38,3.1,2.62,2.86,2.14,3.57,3.57,7.14,8.57,8.81,4.52,0.95,0.24,0.71,2.38,7.38,8.57,8.33,7.14,7.14,8.57,8.1,7.86,6.67,8.1,9.29,9.52,9.29,9.29,9.05,9.52,9.52,9.52,8.57,8.57,8.81,8.1,6.67,5.71,6.43,7.86,8.57,8.33,8.33,8.81,9.52,9.76,9.52,8.81,8.33,8.33,8.1,8.33,8.57,8.81,9.05,8.57,8.57,6.9,5.48,5.24,6.67,7.62,8.81,9.05,9.05,8.1
276253,"Charleston Heights","Neighborhood","NV",249,"Las Vegas-Henderson-Paradise",394775,7.35,8.16,8.16,7.96,7.55,7.96,7.76,7.76,6.53,5.92,6.53,8.16,8.57,7.35,6.73,6.12,7.76,8.37,8.78,8.57,8.78,8.16,7.55,5.51,5.71,7.35,8.37,8.57,7.96,6.94,3.88,2.04,2.45,3.67,4.69,6.12,4.49,4.49,4.29,4.69,4.49,3.06,3.47,3.47,5.51,5.51,5.31,5.51,4.9,6.12,7.76,7.76,6.73,6.53,8.16,8.37,8.57,6.94,5.71,4.69,6.73,6.73,6.94,7.35,7.96,6.53,4.29,3.67,4.9,4.9,5.51,7.35,8.57,8.78,8.98,8.16,8.98,8.98,9.18,7.55,6.53,6.94,8.16,8.37,6.94,5.1,5.1,6.33,7.55,6.53,6.73,6.73,5.1,4.29,4.08,5.31,4.69,4.9,4.49,7.96,8.57,9.18,6.12,4.69,4.49,7.14
155633,"South Boston","Neighborhood","MA",250,"Boston-Cambridge-Newton",394404,1.54,3.85,4.62,5.38,4.62,2.31,0.77,0.77,3.08,3.08,3.08,4.62,6.15,6.15,5.38,4.62,7.69,8.46,9.23,9.23,7.69,7.69,8.46,8.46,8.46,7.69,8.46,8.46,8.46,7.69,7.69,7.69,8.46,6.15,6.15,5.38,6.15,6.15,4.62,6.15,6.92,7.69,6.92,5.38,4.62,3.85,3.85,6.92,6.92,7.69,5.38,6.15,7.69,7.69,6.15,4.62,5.38,5.38,6.15,6.92,6.92,6.92,6.92,6.92,7.69,6.15,6.92,6.92,8.46,6.15,6.15,5.38,4.62,3.85,3.85,3.85,3.08,3.85,4.62,6.92,6.15,6.92,6.92,6.92,7.69,7.69,10,9.23,8.46,8.46,8.46,6.92,6.15,6.15,6.92,6.15,5.38,2.31,3.85,3.85,3.85,2.31,1.54,1.54,3.08,3.08
275084,"Powers","Neighborhood","CO",251,"Colorado Springs",394484,2.73,1.82,7.27,5.45,8.18,6.36,4.55,4.55,6.36,6.36,6.36,9.09,9.09,5.45,3.64,4.55,4.55,3.64,5.45,4.55,5.45,8.18,8.18,7.27,7.27,5.45,6.36,6.36,7.27,8.18,8.18,9.09,6.36,5.45,2.73,2.73,3.64,8.18,10,10,7.27,5.45,4.55,4.55,5.45,6.36,7.27,7.27,8.18,6.36,5.45,4.55,5.45,5.45,4.55,6.36,6.36,6.36,7.27,7.27,7.27,7.27,7.27,8.18,9.09,9.09,8.18,6.36,3.64,5.45,6.36,9.09,7.27,7.27,7.27,10,10,10,10,9.09,7.27,4.55,5.45,8.18,8.18,10,9.09,10,9.09,8.18,6.36,5.45,4.55,5.45,5.45,6.36,6.36,7.27,7.27,8.18,8.18,8.18,8.18,8.18,9.09,9.09
268002,"Arleta","Neighborhood","CA",252,"Los Angeles-Long Beach-Anaheim",753899,8.95,5,1.51,1.05,3.49,7.09,8.49,8.49,7.09,6.98,7.09,7.33,5.47,4.07,2.44,2.79,5.12,7.56,8.72,8.02,6.74,6.28,7.09,7.33,6.63,6.51,6.63,5.93,3.84,1.74,1.4,1.4,1.4,0.81,0.7,0.93,1.51,2.44,3.14,2.56,4.42,5.7,7.91,8.49,8.49,8.84,8.37,6.28,2.79,1.51,1.98,2.33,2.79,2.67,3.6,6.4,8.49,8.84,9.07,8.72,8.26,7.33,4.65,4.77,5.93,6.86,6.16,4.65,3.72,4.07,5.47,7.44,7.56,7.44,6.86,7.33,8.14,9.07,9.3,8.84,7.67,7.21,7.56,7.79,8.72,9.07,8.49,7.67,6.16,4.77,5,5.35,6.16,7.67,7.21,6.05,5.12,6.4,5.81,6.51,6.86,6.05,5.58,6.28,8.6,9.65
268473,"Silver Lake","Neighborhood","CA",253,"Los Angeles-Long Beach-Anaheim",753899,7.33,8.37,8.49,8.6,5.47,3.37,2.91,5.58,7.33,9.42,9.77,9.53,9.53,8.02,7.56,7.09,7.91,7.91,7.56,8.6,9.07,9.42,9.3,8.14,6.16,6.28,6.4,7.67,7.67,7.33,8.02,8.37,9.3,9.07,8.84,8.84,9.07,8.95,6.74,5.12,2.33,5,8.14,9.77,9.77,9.88,10,10,9.65,8.84,8.14,6.74,7.21,8.02,9.07,9.07,9.65,9.65,9.77,8.84,8.49,7.79,6.28,3.37,2.91,3.84,5.35,6.28,8.49,9.77,9.88,9.77,9.3,9.3,9.07,8.84,7.21,6.28,4.53,6.16,6.86,8.37,6.74,4.77,4.42,5,5.81,6.28,6.86,8.02,8.6,8.02,7.67,4.65,4.53,3.37,4.19,5.81,5.12,3.6,4.3,5.81,9.77,9.77,9.77,9.88
47880,"Studio City","Neighborhood","CA",255,"Los Angeles-Long Beach-Anaheim",753899,1.74,1.05,1.86,1.51,2.21,3.95,6.05,6.86,6.4,5.81,5.47,5.23,5.58,5.81,6.4,6.86,7.56,6.16,5.12,3.49,3.72,3.72,3.95,3.72,4.77,6.05,6.74,8.02,8.37,7.91,5.47,5.93,6.28,7.67,6.86,6.28,5.23,4.53,5.93,6.4,5,2.79,1.63,1.16,1.63,1.98,2.67,3.49,4.3,3.84,2.79,2.91,4.07,5.7,6.16,5.12,4.53,5.23,5.12,4.77,3.84,3.95,3.72,3.95,3.14,2.56,3.37,3.95,3.49,3.14,4.19,6.16,5.81,5.12,4.07,4.53,5.47,5.47,5.7,3.95,2.67,2.56,3.02,3.84,5,4.65,5.58,5.23,5.7,5.35,4.07,3.72,3.26,3.49,2.67,1.98,2.56,4.07,6.28,5.7,5.23,5,4.65,3.84,3.14,3.37
7877,"Westchester","Neighborhood","CA",257,"Los Angeles-Long Beach-Anaheim",753899,9.19,8.84,8.6,8.84,8.26,8.6,8.02,8.95,8.37,8.14,7.56,8.14,7.56,8.26,8.02,7.79,7.67,8.49,9.3,9.42,9.42,8.95,9.19,9.42,9.19,9.07,9.3,9.53,9.53,9.53,9.07,9.07,9.42,9.77,9.88,10,10,10,9.88,9.88,9.77,9.65,9.53,9.19,9.53,9.65,9.88,9.65,9.77,9.53,9.53,9.65,9.65,9.53,9.3,9.42,9.42,9.53,9.65,9.88,9.88,9.77,9.77,9.88,9.88,9.42,8.95,8.02,7.91,7.21,7.67,7.09,6.74,6.05,4.88,3.84,4.65,5.35,6.4,5.35,5.47,5.47,6.63,6.74,6.4,6.51,6.4,7.09,7.09,6.16,4.3,4.53,5,5.93,5.58,5.7,5.47,5.23,4.88,5.23,5,4.53,4.19,3.26,2.79,3.26
28173,"Cragin","Neighborhood","IL",258,"Chicago-Naperville-Elgin",394463,8.06,8.47,8.75,8.19,7.92,7.5,7.36,7.08,6.67,6.39,7.92,8.06,8.06,7.36,7.36,7.64,8.75,9.31,9.31,9.03,8.47,7.92,8.47,8.89,8.19,7.64,5.97,6.11,5.69,5,4.31,3.75,4.03,4.86,6.53,5.69,6.39,7.64,7.64,7.78,6.67,6.11,5.42,6.11,8.06,8.47,3.75,1.94,1.25,1.39,2.22,2.78,5,7.78,7.08,6.39,2.36,1.53,1.11,0.42,0.42,0.28,0.56,1.25,3.89,4.58,4.72,4.86,5.14,4.72,4.31,3.06,4.31,2.78,1.11,0.56,0.83,0.83,0.14,0.14,0.14,0.14,0.69,2.22,3.06,3.06,3.33,3.47,4.17,3.75,3.47,3.06,1.94,1.94,1.67,3.06,6.67,8.89,9.17,9.31,8.47,4.72,3.75,2.78,4.17,3.33
274451,"Mayfair","Neighborhood","PA",259,"Philadelphia-Camden-Wilmington",394974,9.68,9.68,8.55,6.77,7.42,8.71,8.55,8.06,6.29,5.97,6.77,8.06,7.9,5.97,5,3.87,3.71,2.58,1.77,2.42,3.06,3.55,3.55,3.87,4.35,6.45,7.74,8.87,7.1,5.65,3.87,3.55,4.52,6.61,6.94,6.29,6.61,3.87,2.58,0.81,1.29,4.68,6.77,8.39,7.74,7.9,7.42,7.1,8.23,8.71,8.23,7.58,6.45,6.13,6.13,6.45,7.58,8.55,9.19,8.87,8.55,8.71,8.39,8.87,8.87,9.03,9.52,9.84,10,10,9.68,9.68,9.68,10,10,9.35,8.39,8.23,8.06,8.87,8.55,8.39,8.55,8.87,8.71,8.87,8.55,7.74,8.87,9.52,9.68,9.68,9.52,9.68,9.84,9.84,10,9.52,8.71,8.87,8.23,8.06,7.9,7.9,7.74,7.42
37835,"Chatsworth","Neighborhood","CA",260,"Los Angeles-Long Beach-Anaheim",753899,5.23,3.02,1.16,0.12,0.12,0.35,1.74,4.42,5.93,6.51,8.49,9.19,8.02,3.84,2.09,1.16,2.56,4.19,6.4,7.67,6.51,5.12,3.14,4.07,5.7,7.91,7.21,5.12,5,5.93,8.26,6.98,5.58,6.05,6.05,6.51,3.72,4.07,2.09,1.63,1.16,1.51,2.91,4.42,5.7,5.35,5.35,3.02,2.56,2.56,4.19,2.79,1.63,0.81,1.05,1.74,3.02,2.67,2.67,3.37,4.53,6.98,7.91,7.91,5.58,4.77,4.3,5.81,6.51,5.93,3.84,3.14,3.26,3.84,3.84,5,6.16,6.86,7.91,8.49,8.84,7.33,3.6,2.67,4.07,4.3,4.88,3.72,3.72,4.19,6.74,6.4,5.47,3.84,4.07,3.26,2.79,2.56,3.37,2.67,1.63,1.51,1.74,4.77,5.35,6.4
275552,"St. Albans","Neighborhood","NY",261,"New York-Newark-Jersey City",394913,9.38,8.94,7.17,6.46,7.96,9.29,8.85,7.43,5.31,7.7,9.2,9.56,9.65,9.38,9.38,9.38,9.29,9.29,9.47,9.82,9.91,9.73,9.56,9.29,9.2,9.12,9.2,9.38,9.56,9.47,9.47,9.38,9.29,9.2,9.2,8.76,8.76,8.41,7.96,7.96,8.05,8.23,8.67,8.94,7.08,3.27,0.71,0.27,0.35,0.18,0.35,1.15,1.15,1.24,2.21,5.66,7.96,6.81,1.24,1.77,6.64,8.32,6.46,4.07,4.07,4.78,7.96,8.85,9.2,8.58,9.03,9.2,9.82,9.65,9.38,8.94,8.14,6.28,5.31,5.31,6.46,6.64,6.73,7.17,6.99,5.75,5.22,4.51,4.6,5.58,6.55,6.55,6.9,6.99,8.14,7.43,7.96,7.26,7.43,6.73,6.73,6.81,6.9,7.08,7.17,7.52
6952,"Saugus","Neighborhood","CA",263,"Los Angeles-Long Beach-Anaheim",753899,4.88,6.05,3.37,0.93,0.47,0.58,0.58,0.81,1.05,1.4,3.37,5.93,8.26,7.67,5.81,3.26,1.74,2.44,6.28,9.19,8.95,8.49,7.79,6.05,3.84,3.37,5.12,6.28,6.51,5.7,7.09,7.21,7.33,8.37,8.6,9.3,8.84,7.44,6.16,5,6.16,6.16,5.7,5.7,5.47,6.28,5.47,5.23,6.05,6.74,7.21,5.93,2.91,2.91,4.65,6.74,6.51,5.81,5.47,5.7,6.28,7.21,6.16,5.7,4.3,5.35,6.28,7.44,8.72,8.72,8.72,8.02,7.21,6.86,5.23,4.88,5.12,6.16,8.14,8.26,8.02,8.26,8.14,6.4,6.16,5.81,6.51,5.58,4.65,5.12,6.4,6.51,4.77,3.37,3.14,3.72,4.77,5.35,3.84,2.79,2.56,3.95,5.23,7.09,7.09,7.33
220532,"Central","Neighborhood","FL",264,"Miami-Fort Lauderdale-West Palm Beach",394856,8.96,7.76,6.72,5.97,6.27,6.42,6.27,4.93,4.78,5.52,7.16,5.82,4.48,2.99,2.39,2.99,2.39,2.84,3.13,4.18,4.03,4.93,4.78,6.42,7.76,8.06,8.06,7.76,6.42,3.28,1.49,1.34,1.19,1.34,1.49,1.19,1.34,1.64,1.49,1.49,1.34,1.64,2.39,3.28,2.84,3.43,3.73,3.88,4.93,5.82,7.16,8.66,7.31,5.07,4.48,5.37,6.57,7.01,6.42,5.67,5.82,5.67,5.67,5.97,6.72,6.72,6.72,5.82,5.82,5.82,6.27,6.57,7.91,8.51,8.51,7.61,7.46,7.16,6.27,5.52,5.52,6.87,7.46,6.12,4.03,3.43,4.03,6.87,7.61,8.21,7.16,6.42,5.67,5.82,5.52,5.82,6.87,8.66,9.85,9.55,9.25,8.51,7.76,7.91,7.61,6.12
343210,"Throggs Neck","Neighborhood","NY",265,"New York-Newark-Jersey City",394913,2.12,2.39,2.48,2.92,3.72,3.81,3.01,2.3,1.86,2.48,3.63,5.13,5.66,5.75,6.02,6.55,6.64,6.11,5.84,5.75,6.81,6.28,5.84,5.66,6.37,6.73,7.26,7.17,6.64,6.19,6.28,6.73,6.81,6.19,4.6,6.02,7.88,8.14,7.52,6.9,6.81,6.81,7.52,8.23,8.14,7.88,4.34,2.12,2.92,6.73,7.88,6.28,4.69,4.78,6.37,4.34,3.1,1.77,2.3,3.27,2.3,2.92,1.95,4.69,6.19,8.32,7.35,4.87,4.51,5.31,7.17,7.96,8.5,8.76,8.23,6.73,3.81,4.51,3.54,3.63,2.92,3.45,3.98,5.04,6.73,7.35,8.05,8.05,7.79,4.34,1.15,0.62,0.62,0.62,0.88,2.74,5.75,6.11,6.02,4.78,3.27,1.42,0.53,1.42,3.36,4.87
268118,"Downtown","Neighborhood","CA",266,"Los Angeles-Long Beach-Anaheim",753899,8.72,8.02,8.14,6.28,4.19,1.86,1.63,2.91,4.3,6.28,5.81,4.77,2.56,3.02,3.49,6.4,7.21,6.74,6.05,6.74,8.6,8.72,8.49,6.74,3.14,1.86,1.28,1.63,3.49,7.09,8.49,8.72,7.44,6.74,6.74,4.65,2.67,1.05,0.7,0.81,1.05,2.33,3.37,3.95,6.16,4.07,2.91,2.21,5.12,3.72,1.86,0.58,0.93,2.33,7.67,7.44,7.91,6.86,5.7,4.07,2.56,2.21,1.51,1.51,1.05,1.05,1.05,1.05,1.16,1.28,1.4,0.93,0.58,0.47,0.47,0.23,0.12,0.12,0.58,0.47,0.93,0.81,0.81,0.7,0.58,0.7,0.47,0.35,0.35,0.35,0.47,0.7,0.7,0.47,0.47,0.47,0.47,0.81,0.58,0.47,0.47,0.7,0.7,1.05,0.7,0.47
116035,"La Sierra","Neighborhood","CA",267,"Riverside-San Bernardino-Ontario",395025,2.86,2.86,2.86,2.86,2.86,2.86,2.86,2.14,3.57,5,9.29,10,10,9.29,9.29,8.57,10,8.57,8.57,8.57,7.14,5.71,6.43,7.14,7.86,7.14,5.71,7.14,7.86,9.29,10,8.57,7.14,9.29,10,10,9.29,7.86,5,6.43,7.86,8.57,7.86,7.14,5,5,5,5,5,6.43,9.29,8.57,8.57,5,3.57,4.29,5.71,8.57,7.14,8.57,7.86,9.29,9.29,9.29,7.14,5,2.86,3.57,7.14,9.29,9.29,10,9.29,9.29,7.86,8.57,7.86,7.86,7.86,8.57,8.57,8.57,9.29,7.14,8.57,6.43,7.14,6.43,5.71,5.71,6.43,9.29,9.29,9.29,8.57,7.14,6.43,7.86,8.57,9.29,9.29,9.29,7.14,6.43,5.71,6.43
276113,"Wolf Creek","Neighborhood","TX",268,"Dallas-Fort Worth-Arlington",394514,7.74,8.06,8.71,8.71,8.71,8.71,8.06,8.39,8.71,8.71,8.39,8.06,7.74,7.74,8.06,8.06,7.1,6.77,5.81,2.9,0.32,0.32,0.32,0.32,0.32,0.32,0.32,0.65,0.65,0.32,0.32,0.32,0.32,0.32,1.61,9.03,9.35,9.35,3.87,1.94,1.61,1.29,0.65,0.65,1.29,5.16,7.1,7.1,4.52,2.26,1.29,1.94,0.65,0.65,0.32,0.32,1.29,3.55,5.16,5.81,3.87,4.52,4.19,5.16,3.87,3.87,4.19,5.16,6.13,5.81,5.81,5.16,6.13,3.23,3.23,2.58,3.55,3.87,4.84,5.81,5.16,5.16,5.16,4.84,4.19,5.48,6.13,7.74,8.06,8.39,9.03,8.39,7.74,7.1,7.74,8.39,7.42,7.74,8.39,6.77,3.87,0.97,1.61,4.19,4.84,5.81
46087,"La Jolla","Neighborhood","CA",269,"San Diego-Carlsbad",395056,3.1,3.1,3.45,3.45,4.83,3.1,2.76,2.07,1.72,1.03,0.69,1.03,2.07,3.1,2.41,2.07,1.38,2.76,2.41,2.41,2.07,1.72,1.03,1.03,1.03,1.03,1.03,2.41,3.1,3.1,2.07,1.03,0.69,1.03,1.03,2.07,2.07,1.38,1.38,1.03,1.72,1.72,1.72,1.38,2.41,2.41,2.76,1.72,2.07,2.76,3.1,3.1,3.79,4.14,4.14,3.1,2.07,1.72,1.72,2.41,2.07,1.03,0.34,0.34,0.69,0.34,0.34,0.34,0.34,0.34,0.69,1.03,1.38,1.38,1.72,1.38,1.72,1.38,2.07,1.38,1.03,1.38,1.38,1.38,1.38,0.69,0.69,0.69,0.69,1.03,1.38,1.38,1.38,1.03,1.03,1.38,2.07,3.45,2.76,2.07,1.03,1.38,1.38,1.38,1.38,1.72
273809,"Gateway - Green Valley Ranch","Neighborhood","CO",270,"Denver-Aurora-Lakewood",394530,9.23,8.85,8.08,7.31,7.31,6.15,6.92,7.69,8.08,8.08,8.85,9.62,10,10,10,9.62,9.62,9.23,9.23,9.62,9.62,10,10,10,9.62,9.23,9.62,9.62,10,10,9.23,8.46,8.46,8.46,8.85,8.46,8.46,8.46,8.08,7.31,8.46,8.85,9.23,8.46,8.08,8.46,8.46,8.85,9.23,9.62,9.23,9.23,8.85,7.69,7.31,7.69,7.69,8.46,8.85,8.46,8.85,8.85,9.62,9.62,8.85,8.85,8.46,8.08,8.08,8.46,8.85,8.46,8.46,8.46,8.46,6.92,6.92,7.31,8.46,9.23,9.62,9.62,10,10,9.62,9.62,9.23,9.23,9.23,9.62,8.85,9.23,9.23,8.46,7.31,8.85,9.23,8.46,8.46,9.23,9.62,9.62,9.23,9.23,9.62,9.23
275500,"Southwest Colorado Springs","Neighborhood","CO",271,"Colorado Springs",394484,3.64,7.27,8.18,8.18,9.09,7.27,2.73,0.91,0.91,0.91,0.91,0.91,0.91,0.91,0.91,2.73,3.64,6.36,8.18,8.18,3.64,1.82,0.91,0.91,0.91,0.91,0.91,0.91,1.82,1.82,2.73,2.73,1.82,0.91,0.91,0.91,0.91,0.91,1.82,2.73,4.55,3.64,3.64,2.73,1.82,0.91,0.91,1.82,1.82,1.82,1.82,0.91,0.91,0.91,0.91,0.91,0.91,0.91,0.91,0.91,0.91,1.82,4.55,5.45,4.55,2.73,0.91,0.91,0.91,0.91,0.91,0.91,0.91,0.91,1.82,1.82,1.82,0.91,0.91,0.91,0.91,0.91,0.91,0.91,0.91,0.91,0.91,0.91,0.91,1.82,1.82,1.82,1.82,1.82,1.82,1.82,1.82,2.73,2.73,1.82,1.82,1.82,1.82,0.91,0.91,0.91
276525,"Rancho Charleston","Neighborhood","NV",272,"Las Vegas-Henderson-Paradise",394775,7.14,3.67,0.82,1.02,1.02,3.06,6.12,8.57,8.37,8.78,6.33,7.76,7.76,7.96,7.55,8.57,8.98,9.39,8.16,6.33,3.88,5.31,4.9,5.71,4.9,4.9,3.47,4.08,2.86,2.24,1.02,1.02,1.84,2.45,3.88,3.27,3.67,1.22,2.04,2.04,3.88,5.1,8.16,8.57,8.78,9.18,8.57,8.57,6.94,7.55,8.37,8.98,8.37,6.73,4.69,5.31,7.55,8.98,8.57,8.78,8.57,8.37,6.33,4.69,3.27,1.43,1.02,1.02,1.63,3.88,6.53,5.1,3.06,2.86,3.27,3.27,3.67,4.69,5.31,6.53,5.92,3.67,2.65,2.04,1.84,2.45,3.67,3.47,2.65,2.04,2.04,2.45,3.06,2.24,2.04,1.63,2.04,1.63,3.47,3.06,2.24,0.61,0.61,0.41,1.63,4.29
274695,"North Central","Neighborhood","CA",273,"Los Angeles-Long Beach-Anaheim",753899,1.98,2.44,4.65,3.95,5.23,6.98,8.14,8.37,8.49,7.67,6.63,8.02,8.49,8.95,8.26,7.67,7.33,7.21,6.51,6.28,5.81,5.23,5.23,3.6,3.49,3.26,3.84,3.6,3.37,4.07,4.77,4.77,4.65,4.19,4.19,3.37,5.12,5.12,5,5.58,4.88,3.49,2.33,2.67,3.02,3.72,4.07,4.53,5.23,5.12,6.28,7.33,8.26,8.26,8.26,7.67,8.02,7.91,7.79,8.14,7.91,8.37,8.49,8.6,8.6,8.02,7.33,6.51,6.63,7.67,8.49,8.26,8.37,7.21,6.28,6.05,6.74,6.05,5.47,4.77,6.16,6.16,6.05,5.58,5.47,5.58,6.16,7.21,7.44,6.4,5.93,5.7,6.05,7.09,6.74,6.98,6.4,7.09,7.44,7.09,5.81,5.12,4.53,4.88,3.72,3.95
343864,"West Raleigh","Neighborhood","NC",274,"Raleigh",395012,1.82,2.73,1.82,1.82,2.73,5.45,5.45,2.73,0.91,1.82,1.82,1.82,1.82,1.82,2.73,1.82,3.64,2.73,1.82,3.64,4.55,6.36,3.64,4.55,8.18,10,10,10,7.27,7.27,8.18,8.18,5.45,6.36,5.45,6.36,6.36,3.64,4.55,3.64,9.09,10,10,10,10,10,10,10,10,10,9.09,10,10,10,9.09,9.09,9.09,8.18,8.18,8.18,9.09,9.09,9.09,9.09,9.09,9.09,9.09,9.09,9.09,9.09,9.09,9.09,9.09,9.09,9.09,8.18,9.09,9.09,8.18,8.18,8.18,8.18,7.27,7.27,7.27,7.27,9.09,9.09,8.18,8.18,7.27,8.18,8.18,9.09,9.09,8.18,9.09,10,10,9.09,9.09,7.27,6.36,7.27,7.27,8.18
403146,"Back of the Yards","Neighborhood","IL",275,"Chicago-Naperville-Elgin",394463,7.22,7.22,6.94,6.67,5.56,5.42,5.56,5.69,5.69,6.11,6.94,7.22,7.64,7.08,6.25,5.56,5.28,5.56,5.14,4.31,4.17,3.61,3.47,3.47,3.47,3.06,3.06,2.22,1.81,2.08,2.08,2.5,2.22,1.53,3.61,7.92,10,9.86,9.72,8.06,5.83,4.31,5.69,6.67,7.64,6.67,4.72,5.42,5.83,3.47,3.89,7.78,10,10,10,10,9.86,9.72,9.86,9.86,10,9.72,8.89,9.31,9.44,9.72,9.58,8.33,6.53,6.94,7.78,8.61,5.69,5.28,2.64,7.92,9.03,9.72,9.31,8.89,8.89,8.33,4.17,3.06,4.44,4.31,5.28,4.31,6.11,6.25,7.64,8.33,8.89,9.44,9.58,8.47,8.47,9.44,9.44,9.72,9.58,9.31,6.67,2.92,1.67,3.75
154775,"Hyde Park","Neighborhood","MA",276,"Boston-Cambridge-Newton",394404,2.31,0.77,1.54,3.08,9.23,6.92,8.46,6.15,8.46,7.69,8.46,6.15,4.62,2.31,3.08,3.08,3.08,3.08,3.08,3.08,2.31,2.31,3.08,3.08,4.62,6.15,5.38,1.54,0.77,0.77,0.77,1.54,3.85,4.62,3.85,3.08,3.08,3.08,3.08,3.08,3.08,4.62,3.08,3.08,3.08,4.62,3.08,3.08,2.31,1.54,1.54,1.54,0.77,0.77,0.77,1.54,1.54,3.08,3.08,2.31,2.31,1.54,2.31,1.54,1.54,1.54,1.54,2.31,1.54,4.62,3.85,3.85,3.85,4.62,3.08,2.31,2.31,2.31,3.08,3.08,3.85,3.08,3.85,3.08,3.08,2.31,3.08,1.54,3.08,1.54,2.31,3.85,6.92,6.92,3.85,3.85,3.85,6.92,8.46,6.92,5.38,3.85,5.38,6.92,7.69,6.92
269614,"West Lawn","Neighborhood","IL",277,"Chicago-Naperville-Elgin",394463,8.33,8.33,8.61,8.75,6.25,3.61,2.08,1.94,1.53,1.53,2.22,5.83,7.92,8.47,6.94,5,3.89,5,6.39,7.36,8.33,9.17,9.03,8.19,7.08,5.42,4.03,2.92,2.5,3.06,4.17,5.14,5.42,4.72,4.17,3.61,3.06,3.47,3.33,5,4.44,4.03,4.58,5.97,7.78,7.78,7.5,6.25,5.69,6.94,7.22,7.5,5.56,6.53,7.22,8.89,9.58,9.31,8.33,5.56,3.75,4.31,4.72,6.39,6.11,5.42,5.97,6.39,7.22,5.42,4.86,3.19,2.22,3.06,4.31,5.42,3.75,1.53,0.83,0.97,1.67,3.19,5.83,7.36,4.31,2.36,1.67,2.64,2.5,2.78,2.92,3.19,6.53,8.06,9.17,9.44,9.58,9.31,6.67,4.72,3.33,4.44,3.89,3.89,4.44,7.64
396209,"Summerlin South","Neighborhood","NV",278,"Las Vegas-Henderson-Paradise",394775,0.82,0.82,1.22,1.43,2.04,1.84,2.86,3.47,4.08,4.49,4.9,5.1,3.06,2.86,2.04,2.45,3.06,3.27,3.06,2.65,2.65,2.86,2.45,1.84,1.84,2.45,3.67,5.71,6.33,6.33,5.51,4.9,3.88,3.88,3.67,4.69,6.73,7.14,5.31,3.06,2.65,4.08,4.08,3.67,2.86,2.45,3.27,3.06,3.27,3.27,3.27,2.45,2.65,2.65,2.65,2.24,1.84,1.63,1.43,1.43,1.22,1.22,1.63,3.27,5.1,4.29,3.47,2.86,2.24,1.43,1.43,1.22,1.43,1.63,1.22,1.02,1.63,1.63,1.22,1.22,1.43,1.43,1.63,1.84,1.63,1.43,1.22,1.02,1.84,1.63,1.02,1.22,1.02,1.22,1.22,1.84,2.24,1.84,2.24,2.24,1.63,1.43,1.22,1.43,0.82,0.82
403167,"Overbrook","Neighborhood","PA",279,"Philadelphia-Camden-Wilmington",394974,7.42,9.52,9.68,9.84,9.68,8.87,7.9,7.26,7.58,8.39,5.32,2.1,0.97,1.13,2.42,3.71,4.03,3.71,3.87,4.19,4.19,3.87,3.87,6.29,7.42,8.87,6.61,3.87,1.77,2.1,2.1,2.1,1.94,1.94,3.23,3.55,3.55,2.9,3.39,4.19,2.58,2.26,1.45,3.71,4.84,5.65,5,5.97,5.32,5.65,4.84,5,4.84,5.16,2.42,0.81,0.97,2.58,7.74,6.29,5.81,4.19,5.81,6.13,6.77,7.1,5.97,4.03,1.77,1.45,1.29,1.61,2.26,3.55,4.52,4.03,4.68,3.71,3.71,3.87,4.19,4.35,6.45,7.42,8.55,8.06,7.26,6.45,5.16,2.9,2.42,3.39,5.65,7.42,5.81,5.16,4.35,4.35,3.71,5.16,5.32,5.48,5.48,5.65,5.32,4.35
271166,"Cobbs Creek","Neighborhood","PA",280,"Philadelphia-Camden-Wilmington",394974,8.23,9.35,9.84,9.68,10,10,10,9.52,8.71,6.77,6.29,4.68,5.81,5.48,5.48,2.9,2.26,2.26,3.71,6.77,9.52,9.35,8.87,5.65,2.9,3.06,6.29,9.19,9.19,8.71,8.23,7.42,6.29,5.32,5.81,5.81,5.32,5.81,5.32,3.87,0.97,1.77,2.42,4.68,5.16,5.16,7.1,8.71,9.19,6.45,2.9,2.42,2.42,3.06,2.9,3.06,3.06,2.9,4.68,7.42,8.06,9.03,9.52,10,9.84,9.68,8.23,7.74,7.1,8.55,8.71,9.03,9.19,9.52,9.84,9.68,8.71,8.06,5.97,6.94,8.06,9.03,8.87,9.19,9.19,9.52,9.19,8.87,7.42,8.55,7.74,8.39,8.23,7.9,6.77,5.65,4.52,3.71,3.55,4.52,5.16,6.61,6.61,5.48,3.71,3.55
115729,"Hyde Park","Neighborhood","CA",281,"Los Angeles-Long Beach-Anaheim",753899,7.67,4.77,2.44,1.98,1.74,2.33,2.67,2.67,2.09,3.49,3.26,0.81,0.12,0.23,0.7,1.28,1.4,1.63,1.28,0.7,0.35,0.47,0.47,1.05,1.28,1.74,0.58,0.23,0.23,0.58,0.93,1.51,1.98,1.63,0.58,0.58,0.58,0.7,0.81,1.28,0.93,0.7,0.81,1.4,2.56,2.09,1.05,1.63,2.91,4.19,3.14,2.21,2.09,0.7,0.58,0.47,3.6,3.26,3.14,2.09,2.79,3.84,5.47,4.42,6.86,8.6,9.19,9.3,9.19,9.3,5,1.28,0.93,3.02,4.19,3.26,3.84,5.81,7.56,6.74,5.12,3.26,2.09,2.56,2.91,2.33,1.51,0.81,1.05,0.7,1.4,1.28,2.21,1.4,1.98,2.44,5.93,4.19,2.91,1.16,1.05,1.63,2.91,2.56,2.33,1.86
403184,"Del Rey","Neighborhood","CA",282,"Los Angeles-Long Beach-Anaheim",753899,3.26,5.93,7.79,8.95,8.6,7.91,5.23,6.05,6.05,9.53,9.53,9.65,9.42,8.37,5.58,2.91,1.16,0.81,0.47,0.47,1.28,3.49,5.35,4.88,6.86,7.44,8.14,8.6,9.3,9.88,9.77,9.77,8.95,6.86,4.07,4.88,4.88,4.65,5.81,6.86,7.56,8.26,9.19,8.84,9.19,8.14,8.02,7.91,8.72,9.07,9.77,10,10,9.88,9.53,9.19,9.53,9.42,9.53,10,10,10,9.65,9.42,9.07,9.19,9.07,8.6,8.02,7.91,7.91,6.4,4.88,5.58,7.44,7.91,7.44,5.23,4.88,4.42,5.81,6.98,8.02,7.91,8.26,8.49,8.02,8.6,9.19,9.77,9.07,7.33,7.44,6.28,6.28,6.4,6.28,3.95,3.14,3.49,4.65,6.4,7.79,7.44,5,5.12
272701,"M Streets","Neighborhood","TX",283,"Dallas-Fort Worth-Arlington",394514,2.9,3.87,6.45,6.77,5.81,2.58,1.29,0.97,0.97,1.61,0.97,0.97,0.97,0.65,0.65,0.32,0.32,0.32,0.97,2.58,5.81,4.52,3.87,4.19,4.19,4.19,6.45,8.71,9.68,10,10,9.68,6.13,7.1,7.74,8.71,8.71,8.39,8.06,4.84,4.52,4.52,5.81,5.81,6.45,5.48,6.13,5.48,7.74,8.06,7.74,7.74,8.39,9.03,9.03,8.06,8.06,7.42,7.74,8.06,8.39,8.39,8.06,7.1,4.52,4.52,4.52,4.19,2.9,2.9,2.58,1.94,1.61,2.26,2.26,2.9,3.23,3.23,2.9,3.23,2.58,2.9,3.87,3.87,3.55,2.9,2.9,3.87,3.55,3.55,2.9,2.9,2.9,2.9,3.55,4.19,4.19,3.87,4.84,4.84,5.48,4.84,3.23,1.94,1.61,1.94
274049,"Hollywood Hills","Neighborhood","CA",284,"Los Angeles-Long Beach-Anaheim",753899,4.53,3.26,3.26,3.14,4.65,4.42,3.72,1.98,1.16,0.81,0.7,1.4,1.16,1.16,1.4,1.63,1.86,1.51,1.51,1.4,1.86,1.86,1.63,1.51,1.51,1.98,1.74,1.05,0.93,0.93,0.47,0.58,0.58,1.05,1.63,1.16,0.81,0.81,1.63,3.26,3.49,2.91,3.26,2.91,2.09,0.81,0.58,0.47,1.05,1.98,3.49,4.42,4.77,4.42,2.56,2.33,2.21,2.44,2.33,1.86,1.74,1.16,1.28,0.81,0.47,0.35,0.7,0.58,0.58,0.47,0.81,1.51,1.4,1.4,1.28,1.63,2.67,2.79,2.21,1.4,0.58,0.35,0.35,0.47,0.47,0.58,0.81,1.05,1.16,0.93,0.58,0.47,0.47,0.58,0.7,0.7,0.7,0.58,0.93,1.05,1.51,1.4,1.4,1.16,0.81,0.81
275359,"Shelby Forest-Frayser","Neighborhood","TN",285,"Memphis",394849,8.18,8.18,7.27,7.27,6.36,5.45,5.45,5.45,7.27,8.18,8.18,7.27,7.27,8.18,9.09,10,10,10,8.18,6.36,8.18,9.09,9.09,9.09,8.18,6.36,6.36,6.36,7.27,7.27,7.27,6.36,5.45,5.45,6.36,7.27,7.27,8.18,10,10,9.09,9.09,5.45,5.45,6.36,8.18,2.73,2.73,2.73,2.73,1.82,0.91,1.82,2.73,8.18,8.18,8.18,7.27,7.27,7.27,8.18,8.18,8.18,8.18,4.55,4.55,5.45,6.36,4.55,4.55,5.45,5.45,5.45,6.36,7.27,2.73,1.82,3.64,4.55,3.64,1.82,4.55,1.82,2.73,0.91,0.91,0.91,0.91,0.91,0.91,0.91,0.91,0.91,0.91,0.91,0.91,0.91,2.73,6.36,7.27,5.45,3.64,0.91,0.91,0.91,1.82
10768,"Central Islip","Neighborhood","NY",286,"New York-Newark-Jersey City",394913,5.66,4.34,4.87,6.11,6.9,5.66,4.78,6.19,7.88,8.23,7.35,6.64,4.51,4.34,3.27,2.3,1.42,0.8,0.8,0.53,0.88,1.86,4.87,6.64,4.6,1.77,1.15,1.5,2.21,2.48,2.74,3.63,5.58,7.88,8.76,7.43,5.58,3.36,2.65,2.83,4.07,6.02,6.81,5.22,3.81,3.36,3.98,3.89,3.45,2.74,2.65,3.19,3.63,3.72,4.16,4.69,5.13,4.78,3.72,2.92,2.83,3.63,4.6,5.22,6.55,4.87,3.27,1.95,1.15,1.42,2.3,3.81,4.51,3.98,3.45,1.86,2.12,4.34,7.52,8.32,8.5,7.61,5.93,5.22,5.49,6.11,6.37,7.08,7.52,7.79,6.11,4.25,3.45,4.16,6.37,5.75,6.28,6.55,7.7,7.88,7.52,7.35,6.64,7.43,7.52,8.05
273554,"East Las Vegas","Neighborhood","NV",287,"Las Vegas-Henderson-Paradise",394775,9.18,8.57,8.57,8.57,9.39,8.78,9.39,9.59,9.59,9.59,9.39,9.39,9.39,9.18,8.98,9.18,9.18,9.18,8.98,9.39,9.18,8.98,8.57,7.35,7.35,6.94,8.57,7.14,5.71,4.69,4.29,4.08,3.27,3.27,4.49,4.9,4.69,5.31,6.33,8.78,7.96,8.37,6.33,6.33,3.27,2.86,3.67,3.67,2.86,2.65,3.06,2.86,2.86,2.45,2.86,3.06,3.67,2.45,2.45,2.65,3.27,3.27,3.67,5.51,7.35,8.98,8.16,7.14,5.71,6.12,7.55,7.76,7.14,6.53,5.31,6.73,6.33,6.33,5.1,4.08,3.88,5.92,5.51,5.51,5.51,6.12,6.12,5.71,5.1,4.29,3.47,4.29,5.31,7.96,8.16,8.78,8.37,7.76,8.16,8.16,8.98,9.39,9.18,8.57,8.37,7.35
192889,"Whitney","Neighborhood","NV",288,"Las Vegas-Henderson-Paradise",394775,4.08,4.08,4.49,3.88,4.08,5.1,5.92,5.51,5.1,3.67,3.27,4.08,4.49,5.31,6.53,7.76,7.14,5.92,4.29,4.49,6.94,7.14,6.73,7.14,6.94,7.76,8.16,7.55,7.14,6.12,5.71,6.33,4.69,3.06,2.45,2.04,1.84,3.06,3.67,3.67,4.29,3.47,2.65,1.43,1.43,1.43,2.86,2.86,3.06,3.06,3.67,4.29,4.08,4.29,4.49,4.49,3.47,3.47,4.49,5.92,6.33,6.12,5.92,6.12,5.71,5.92,6.33,6.73,7.35,7.76,5.92,4.69,4.29,4.69,5.1,6.53,6.94,6.53,5.71,5.71,7.55,8.78,9.18,9.39,9.59,9.59,8.78,8.78,8.98,9.59,9.59,10,10,10,9.8,9.59,9.59,9.39,8.98,8.78,7.96,6.53,5.31,4.9,4.9,2.45
117954,"Sawtelle","Neighborhood","CA",289,"Los Angeles-Long Beach-Anaheim",753899,1.86,1.86,3.84,1.74,2.44,1.16,1.05,0.23,0.23,0.7,1.51,4.65,1.63,4.42,5.23,9.3,6.51,2.91,1.16,0.93,1.05,1.16,1.4,0.58,0.7,0.58,0.93,0.7,1.05,1.51,4.42,7.79,7.21,5.81,6.4,8.72,7.91,4.19,3.37,4.53,5.81,6.05,7.21,7.44,8.26,7.79,8.72,8.84,9.42,9.3,8.37,7.91,7.33,8.49,8.72,9.53,8.95,9.07,8.14,7.91,8.14,8.72,8.95,8.49,8.95,9.3,9.65,9.42,9.53,9.19,9.19,9.19,9.88,10,9.88,9.53,9.65,9.88,9.88,9.3,9.3,9.07,9.3,8.84,9.07,9.19,9.3,9.77,9.88,10,10,10,10,10,10,9.88,9.77,9.65,9.88,9.88,9.88,8.26,6.86,6.63,7.79,9.19
250206,"Capitol Hill","Neighborhood","WA",290,"Seattle-Tacoma-Bellevue",395078,7.06,7.65,7.65,7.06,6.47,8.24,7.65,7.65,7.65,7.65,7.65,7.65,8.24,8.82,8.82,8.82,8.82,9.41,8.82,8.24,8.24,7.06,7.65,8.24,8.24,8.82,8.24,9.41,9.41,8.82,9.41,9.41,7.65,8.24,8.24,7.06,8.24,8.24,8.82,9.41,9.41,9.41,8.24,7.06,8.82,7.65,9.41,9.41,9.41,9.41,8.82,9.41,8.82,8.82,9.41,9.41,9.41,9.41,9.41,9.41,8.82,8.82,9.41,9.41,9.41,9.41,9.41,9.41,10,10,10,10,10,10,10,10,8.82,8.24,8.24,8.24,8.24,8.82,8.82,8.82,8.82,8.82,9.41,8.82,8.82,8.24,7.06,7.65,7.06,8.24,9.41,8.82,9.41,8.24,7.06,6.47,6.47,3.53,2.35,1.18,1.18,1.18
403529,"Fort Bend - Houston","Neighborhood","TX",291,"Houston-The Woodlands-Sugar Land",394692,9.52,9.52,9.52,9.52,9.29,9.52,9.52,9.52,9.52,9.52,9.52,9.52,9.52,9.52,9.52,9.52,9.29,9.05,8.33,8.33,9.05,9.29,9.52,9.76,9.52,9.52,9.29,8.33,7.62,6.19,5.48,5.71,5.48,5.24,5.24,4.76,5.71,5.48,5.48,5.48,6.19,6.67,6.43,5.48,6.43,6.19,8.57,9.29,10,9.05,8.1,3.57,1.9,2.14,2.62,5.95,4.52,5.95,5.95,7.62,8.57,9.76,9.76,9.76,9.76,10,9.76,9.76,9.52,9.76,10,9.76,9.29,9.52,9.52,9.76,10,10,10,10,10,10,9.76,10,9.76,9.29,9.05,6.67,6.67,7.38,9.29,10,10,10,10,10,9.76,9.76,9.05,9.05,8.81,9.29,9.52,10,10,10
417703,"Corona Valley","Neighborhood","CA",292,"Riverside-San Bernardino-Ontario",395025,7.14,7.14,7.86,7.86,6.43,5,5,6.43,9.29,10,10,8.57,7.86,6.43,7.14,7.14,9.29,9.29,9.29,10,10,10,10,8.57,7.14,6.43,7.86,9.29,8.57,7.86,7.86,10,8.57,8.57,5.71,6.43,3.57,2.86,2.86,2.86,3.57,5,5,2.14,2.14,1.43,1.43,1.43,2.14,2.14,2.14,2.14,2.86,4.29,7.14,6.43,6.43,5.71,4.29,4.29,3.57,3.57,5,5.71,3.57,3.57,4.29,5.71,5.71,5,5,5.71,7.86,7.86,7.14,5.71,5,5.71,6.43,10,9.29,9.29,7.86,7.86,7.14,9.29,10,10,9.29,8.57,8.57,7.14,7.14,5.71,5,5,5.71,5.71,4.29,2.86,2.14,2.14,2.86,3.57,4.29,3.57
121697,"Columbia Heights","Neighborhood","DC",293,"Washington-Arlington-Alexandria",395209,4.62,3.85,5.38,2.31,2.31,3.08,6.15,6.15,5.38,3.08,3.08,3.08,3.85,4.62,4.62,6.15,5.38,7.69,8.46,10,10,7.69,7.69,7.69,7.69,5.38,3.85,6.15,8.46,7.69,6.15,4.62,3.85,2.31,3.08,6.15,4.62,4.62,4.62,7.69,7.69,6.92,4.62,6.15,7.69,8.46,6.15,6.15,6.15,6.15,6.15,5.38,6.15,6.15,6.15,6.15,6.92,6.15,7.69,9.23,9.23,9.23,7.69,7.69,6.92,6.15,6.15,6.15,6.15,7.69,7.69,6.92,5.38,6.15,5.38,5.38,3.08,3.08,3.08,3.85,4.62,4.62,5.38,5.38,4.62,6.15,6.15,7.69,8.46,7.69,6.92,6.15,6.15,5.38,6.15,6.15,6.92,7.69,6.92,6.15,6.15,6.15,4.62,3.08,2.31,2.31
25219,"Huntington Station","Neighborhood","NY",294,"New York-Newark-Jersey City",394913,0.88,1.59,0.88,0.44,0.44,0.97,1.42,1.42,2.04,3.27,5.58,5.66,5.13,4.78,4.51,3.72,2.92,2.39,2.92,3.27,2.74,2.04,1.5,2.12,2.12,3.1,2.57,2.12,1.59,1.77,1.68,1.42,1.77,2.48,4.69,4.78,4.25,4.51,5.58,7.08,7.17,5.4,4.51,4.25,5.13,4.42,3.54,4.34,5.22,4.69,3.1,2.3,2.57,3.1,3.01,2.65,3.01,3.89,4.6,3.89,2.12,1.68,2.04,3.1,4.25,3.81,3.1,3.1,2.83,1.68,1.06,1.24,1.68,2.3,3.72,5.66,7.43,8.14,8.5,8.23,7.96,6.02,4.87,4.07,4.78,6.37,7.96,8.41,8.67,8.85,8.14,7.26,5.84,5.75,7.08,8.14,8.05,8.32,8.05,8.41,8.58,8.85,9.12,9.2,9.12,8.58
272942,"Berclair-Highland Heights","Neighborhood","TN",295,"Memphis",394849,10,10,8.18,6.36,5.45,7.27,10,10,10,9.09,9.09,9.09,8.18,7.27,6.36,7.27,8.18,7.27,10,10,10,10,10,10,9.09,9.09,10,10,9.09,8.18,6.36,5.45,6.36,7.27,9.09,9.09,8.18,9.09,8.18,9.09,10,10,10,10,10,10,10,10,10,10,10,10,10,10,9.09,9.09,10,10,10,9.09,9.09,10,10,9.09,8.18,3.64,9.09,10,10,10,10,10,10,10,10,10,10,10,10,10,10,10,9.09,9.09,9.09,9.09,9.09,7.27,9.09,9.09,9.09,9.09,9.09,9.09,8.18,8.18,9.09,10,10,10,10,10,10,10,9.09,9.09
271026,"Old Brooklyn","Neighborhood","OH",297,"Cleveland-Elyria",394475,5.56,6.67,8.89,8.89,8.89,6.67,3.33,2.22,1.11,2.22,6.67,7.78,5.56,2.22,3.33,4.44,4.44,3.33,3.33,3.33,2.22,8.89,6.67,5.56,4.44,5.56,5.56,5.56,4.44,4.44,4.44,5.56,6.67,5.56,4.44,4.44,4.44,3.33,3.33,1.11,2.22,3.33,4.44,5.56,6.67,5.56,5.56,4.44,6.67,7.78,6.67,5.56,5.56,4.44,3.33,4.44,3.33,4.44,5.56,8.89,6.67,6.67,4.44,4.44,5.56,5.56,5.56,7.78,7.78,5.56,4.44,3.33,3.33,3.33,2.22,2.22,3.33,4.44,8.89,8.89,8.89,5.56,5.56,5.56,5.56,6.67,7.78,8.89,7.78,5.56,5.56,6.67,7.78,6.67,6.67,6.67,6.67,8.89,7.78,6.67,5.56,6.67,6.67,8.89,8.89,10
21056,"Venice","Neighborhood","CA",298,"Los Angeles-Long Beach-Anaheim",753899,1.16,1.4,2.91,2.56,1.05,0.7,0.93,2.56,4.07,5,3.49,2.09,1.51,1.74,1.63,2.67,5.35,6.98,5.58,2.33,1.98,2.44,3.72,3.95,4.07,2.79,2.33,2.91,4.07,6.4,8.37,7.56,4.53,2.44,1.74,1.98,3.37,2.91,1.16,0.7,0.7,1.74,4.07,5.58,6.51,5.81,5.12,4.07,1.74,2.44,3.6,5,5.47,6.63,7.21,6.98,6.86,4.77,2.09,1.05,0.58,0.47,0.58,1.28,1.63,2.33,3.49,4.3,4.19,3.84,3.6,4.07,3.84,2.44,1.63,1.28,1.28,1.16,1.51,1.74,1.98,2.09,1.86,1.51,1.28,1.4,1.4,1.4,0.81,0.47,0.35,0.35,0.58,0.7,0.58,0.58,0.81,0.93,1.4,1.28,0.93,0.93,0.81,0.93,0.93,0.93
417708,"South Corona","Neighborhood","CA",299,"Riverside-San Bernardino-Ontario",395025,9.29,9.29,10,10,10,7.14,3.57,2.86,2.86,2.86,4.29,5,4.29,3.57,4.29,6.43,7.14,5.71,5.71,5.71,5,5,4.29,4.29,3.57,4.29,2.86,2.86,4.29,6.43,7.14,7.86,6.43,7.14,7.86,8.57,7.86,8.57,8.57,7.86,7.14,6.43,6.43,5.71,4.29,3.57,2.14,3.57,3.57,4.29,4.29,5.71,6.43,6.43,5,3.57,3.57,5,5.71,5.71,5.71,6.43,6.43,7.86,5.71,4.29,2.14,2.86,2.86,2.86,2.86,2.86,2.86,2.86,3.57,5,5.71,5,4.29,3.57,3.57,5,5.71,5.71,5,5,5,7.14,7.14,6.43,5.71,5,2.86,2.14,2.14,2.14,2.86,3.57,2.86,4.29,5,6.43,6.43,4.29,2.14,2.86
152379,"Little Woods","Neighborhood","LA",300,"New Orleans-Metairie",394910,10,10,10,10,10,10,10,10,10,10,10,10,10,10,10,10,10,10,10,10,10,10,10,5,5,5,5,5,5,5,5,5,5,5,5,5,5,5,5,5,5,5,5,5,5,5,5,5,5,5,5,5,5,5,5,5,5,5,5,5,5,5,5,5,5,5,5,5,5,5,5,5,5,5,5,5,5,10,10,10,10,5,5,5,5,5,5,5,5,5,5,10,10,10,10,10,5,5,5,5,5,5,5,5,5,5
245508,"Mears Corner","Neighborhood","VA",301,"Virginia Beach-Norfolk-Newport News",395194,6.52,4.57,5,5,5.43,6.74,7.61,8.26,8.26,8.26,8.26,8.7,8.7,9.35,9.35,8.7,8.04,8.7,8.91,9.13,8.48,8.48,8.7,8.7,8.48,8.91,8.91,8.91,8.91,9.35,9.57,9.57,9.35,9.57,9.78,9.35,9.35,9.57,9.57,10,9.78,9.57,9.35,9.35,9.57,10,9.57,8.04,7.83,6.96,6.52,6.3,6.74,6.09,5.65,6.3,6.96,7.61,8.7,8.48,9.13,8.91,9.13,9.57,9.78,9.78,9.78,9.13,9.35,9.13,9.57,9.57,9.35,9.35,9.35,8.91,8.7,8.7,8.48,7.61,7.61,7.61,8.26,8.7,7.83,7.83,8.04,8.04,8.04,6.96,6.09,5.22,6.09,5.43,5.65,7.83,9.13,9.13,9.13,9.57,9.57,9.57,9.57,9.78,9.78,9.57
215792,"Somerton","Neighborhood","PA",302,"Philadelphia-Camden-Wilmington",394974,4.68,4.35,3.71,4.03,3.39,3.87,5.48,7.74,9.35,9.68,7.74,5.81,3.39,2.74,0.65,0.32,1.13,4.03,8.39,8.55,6.29,6.61,4.35,4.68,3.71,4.35,4.52,4.03,2.74,1.13,1.29,1.94,2.74,2.26,3.55,2.42,2.42,2.42,2.42,3.71,1.45,0.65,0.48,2.74,3.71,5.81,5.16,5.81,7.42,7.9,6.77,4.19,1.77,1.61,3.87,5.16,5.65,4.35,3.39,2.9,3.55,3.39,3.23,3.06,2.1,1.94,1.77,2.58,4.19,5.81,6.29,4.84,2.74,2.42,1.94,3.06,5.32,7.74,9.68,9.03,8.39,6.61,6.94,7.9,7.9,8.23,8.87,8.71,9.52,8.39,8.23,7.26,7.74,8.39,8.71,9.35,9.35,9.35,9.35,8.55,7.74,6.94,6.94,7.26,7.9,9.03
272875,"Bay Terraces","Neighborhood","CA",303,"San Diego-Carlsbad",395056,5.17,6.55,9.31,9.66,10,10,9.66,10,9.66,9.66,8.62,9.66,10,10,8.62,8.28,8.62,8.28,7.59,7.93,7.93,8.28,5.86,3.45,3.45,3.1,3.79,3.45,3.79,2.07,2.41,1.72,2.07,2.76,3.45,3.45,4.48,4.14,5.86,4.83,7.24,7.93,8.62,8.97,8.62,9.31,9.31,8.97,8.97,9.66,10,10,9.31,8.62,6.9,4.14,3.79,5.17,9.31,10,10,10,10,10,9.31,8.97,9.31,9.66,10,9.66,9.66,9.66,8.97,9.66,10,10,9.66,8.62,6.55,5.17,6.9,7.93,8.28,5.86,3.79,3.45,2.76,2.76,2.07,3.1,5.52,8.28,6.9,6.55,5.86,6.21,7.24,7.24,7.24,7.59,8.28,7.59,6.55,6.55,6.21,6.9
113910,"Brentwood","Neighborhood","CA",305,"Los Angeles-Long Beach-Anaheim",753899,1.63,2.21,4.77,3.6,1.16,0.81,1.28,3.49,3.95,3.37,2.21,4.42,4.19,1.51,0.81,0.81,5,7.67,7.79,7.91,6.98,5.81,4.88,4.42,3.95,3.84,4.88,6.86,6.63,5.12,4.19,2.67,2.56,2.79,2.67,3.14,3.26,3.72,4.3,6.28,6.98,6.63,5.81,5.23,5.23,6.63,7.67,8.72,9.07,8.95,8.72,8.84,7.91,7.91,7.33,7.79,6.98,6.74,4.53,3.6,4.3,5.7,7.21,5.58,5.23,4.42,3.84,2.79,3.37,3.95,4.88,5.23,5.12,4.53,4.53,4.77,6.28,6.4,4.77,2.67,2.21,2.67,3.84,3.37,2.67,3.49,5.35,3.84,2.33,1.86,1.51,1.98,2.56,2.21,1.16,1.4,1.28,1.28,1.28,2.44,3.14,3.26,1.86,1.4,1.16,1.05
155995,"West Roxbury","Neighborhood","MA",306,"Boston-Cambridge-Newton",394404,7.69,8.46,6.92,7.69,6.92,7.69,7.69,4.62,5.38,5.38,5.38,7.69,8.46,8.46,7.69,6.92,5.38,5.38,6.15,5.38,4.62,3.85,3.85,3.85,3.08,1.54,0.77,0.77,1.54,1.54,3.08,3.08,2.31,3.08,3.08,3.85,4.62,5.38,8.46,6.92,5.38,3.85,4.62,4.62,6.15,6.92,5.38,4.62,4.62,5.38,7.69,7.69,6.15,3.85,3.85,5.38,6.92,6.92,6.92,6.15,6.15,4.62,5.38,6.15,6.15,7.69,6.15,4.62,4.62,3.85,3.08,1.54,1.54,1.54,1.54,3.08,8.46,8.46,7.69,3.85,3.08,3.85,5.38,6.15,3.85,3.85,2.31,3.85,3.85,6.15,3.85,3.08,2.31,2.31,1.54,1.54,2.31,5.38,6.92,7.69,6.92,6.92,3.85,7.69,6.92,7.69
269071,"Little Haiti","Neighborhood","FL",307,"Miami-Fort Lauderdale-West Palm Beach",394856,10,9.85,9.7,9.7,9.25,8.96,7.61,8.36,8.96,8.21,6.42,3.43,1.64,0.9,0.75,1.04,3.13,6.42,8.96,9.4,8.51,6.72,5.37,5.22,2.99,2.24,2.09,3.28,5.22,5.82,6.12,4.18,5.22,5.52,5.22,6.72,8.66,10,10,9.7,9.25,6.27,4.18,3.13,5.37,8.51,9.7,9.85,9.25,9.1,8.96,9.25,9.1,7.46,4.78,1.49,1.64,2.39,5.22,4.78,6.57,7.91,9.4,9.1,7.31,7.01,7.61,8.36,7.31,6.87,6.57,6.87,6.27,6.57,5.97,6.72,5.52,6.87,7.31,8.21,7.61,5.22,2.54,3.58,4.93,6.42,5.82,4.63,6.42,7.46,8.51,8.51,8.51,8.06,7.91,4.18,3.43,3.13,4.48,6.42,7.61,7.16,5.82,5.97,4.93,4.78
9632,"Mount Lebanon","Neighborhood","PA",308,"Pittsburgh",394982,6.25,7.5,6.25,8.75,8.75,8.75,8.75,7.5,7.5,7.5,6.25,3.75,5,5,5,5,7.5,6.25,6.25,5,5,6.25,7.5,6.25,6.25,7.5,7.5,7.5,8.75,8.75,8.75,8.75,8.75,6.25,7.5,7.5,7.5,7.5,6.25,6.25,7.5,8.75,8.75,10,6.25,3.75,3.75,5,6.25,7.5,7.5,7.5,8.75,8.75,7.5,7.5,6.25,5,3.75,5,5,5,3.75,6.25,6.25,10,7.5,7.5,6.25,6.25,7.5,6.25,5,6.25,6.25,7.5,7.5,5,3.75,3.75,3.75,3.75,7.5,5,5,6.25,7.5,8.75,7.5,6.25,2.5,3.75,3.75,2.5,2.5,2.5,3.75,5,8.75,7.5,7.5,7.5,6.25,6.25,6.25,6.25
271585,"Spring Branch West","Neighborhood","TX",309,"Houston-The Woodlands-Sugar Land",394692,9.76,9.76,9.76,9.76,9.76,9.76,9.76,9.76,9.76,9.76,9.76,9.76,9.76,9.76,9.76,9.76,9.76,9.52,8.81,8.81,9.29,9.52,8.57,7.14,5.48,4.76,4.52,5,4.52,4.05,5,6.19,7.14,7.14,5.95,7.86,8.81,7.86,6.19,8.1,9.52,9.29,9.76,9.76,10,10,9.76,9.52,9.52,9.52,9.52,9.29,10,9.52,8.81,8.81,8.81,9.05,6.67,6.67,7.38,7.14,6.9,6.43,6.9,7.14,7.14,6.43,4.05,3.33,4.52,5.48,6.43,5.48,5.24,3.81,2.38,1.9,2.86,5.48,6.67,6.67,5.95,4.76,2.86,3.1,2.38,2.62,3.57,4.05,5.24,3.81,4.29,3.57,2.62,2.62,3.81,3.57,3.33,3.81,5.24,6.67,5.95,5.48,5.95,6.67
204284,"Westwood","Neighborhood","OH",310,"Cincinnati",394466,6,5,4,2,2,2,3,3,4,3,1,1,1,1,1,1,3,6,7,5,3,1,2,2,4,3,6,3,3,3,2,4,3,2,2,2,5,4,5,4,3,3,2,1,1,1,1,1,3,4,5,5,4,2,2,3,3,6,6,5,4,2,2,2,2,2,2,2,3,5,3,3,3,3,3,2,2,2,1,1,4,6,7,6,7,8,6,5,4,3,2,4,6,6,7,7,7,7,6,4,5,6,8,8,8,7
236102,"Winnetka Heights","Neighborhood","TX",311,"Dallas-Fort Worth-Arlington",394514,0.97,0.65,0.97,0.65,1.94,2.26,3.23,2.9,3.55,3.87,1.94,1.29,1.29,0.97,0.97,0.97,1.29,1.94,2.58,1.61,3.55,4.19,5.16,4.84,7.1,9.35,10,9.35,5.48,4.19,3.87,3.87,5.16,4.84,5.48,6.77,6.77,7.1,4.52,4.52,3.87,3.87,2.58,4.19,4.19,5.81,6.77,8.71,5.81,5.16,4.52,2.58,3.23,3.23,3.55,3.87,3.87,4.19,2.58,2.58,1.94,1.94,2.58,3.87,4.19,4.19,1.29,0.65,0.65,3.23,3.55,2.9,1.94,1.94,2.58,3.23,4.19,5.48,5.81,4.19,2.26,1.61,1.61,1.94,3.23,4.84,5.48,5.48,4.52,4.52,3.55,2.58,0.65,0.65,0.65,1.29,2.26,1.94,2.9,3.23,2.58,2.58,3.87,5.16,5.48,4.19
196338,"Middle Village","Neighborhood","NY",312,"New York-Newark-Jersey City",394913,8.14,8.41,7.96,4.34,2.39,1.86,3.63,4.78,7.61,7.96,7.08,5.04,2.83,2.83,3.36,3.63,3.98,4.07,4.25,5.04,6.02,5.93,5.04,4.42,4.42,4.51,4.51,4.78,4.87,4.87,5.22,5.31,5.13,4.42,3.01,1.77,1.59,1.15,1.42,1.42,1.5,1.5,0.97,1.77,1.06,2.39,3.63,7.08,7.79,8.85,8.94,8.67,8.05,7.7,7.08,7.43,7.79,7.35,5.93,4.69,4.16,5.04,6.64,7.61,8.14,8.14,8.14,7.17,6.99,6.37,6.28,6.02,6.81,8.05,8.67,9.2,9.2,7.88,7.26,6.9,7.35,6.46,6.99,7.43,6.55,5.4,4.96,6.19,5.84,6.73,6.46,5.93,4.34,2.83,1.42,1.42,2.04,3.36,4.42,4.69,6.46,4.6,4.25,2.57,4.69,5.75
343429,"Makiki-Lower Punchbowl-Tantalus","Neighborhood","HI",313,"Urban Honolulu",753924,6.36,5.45,3.64,4.55,2.73,3.64,3.64,4.55,5.45,3.64,2.73,4.55,6.36,6.36,6.36,4.55,5.45,5.45,5.45,4.55,3.64,6.36,7.27,9.09,6.36,4.55,4.55,4.55,4.55,5.45,6.36,8.18,4.55,4.55,5.45,7.27,8.18,10,8.18,5.45,8.18,9.09,7.27,5.45,4.55,6.36,7.27,7.27,6.36,6.36,4.55,2.73,2.73,4.55,8.18,8.18,6.36,7.27,6.36,8.18,7.27,5.45,5.45,5.45,6.36,5.45,5.45,9.09,9.09,9.09,8.18,7.27,9.09,9.09,9.09,7.27,6.36,4.55,7.27,8.18,6.36,5.45,5.45,5.45,6.36,4.55,4.55,5.45,6.36,8.18,10,10,10,9.09,9.09,8.18,7.27,6.36,8.18,8.18,8.18,8.18,9.09,6.36,4.55,2.73
343430,"Aliamanu-Salt Lake-Foster Village","Neighborhood","HI",314,"Urban Honolulu",753924,8.18,9.09,8.18,8.18,8.18,9.09,10,10,10,10,8.18,3.64,1.82,1.82,4.55,6.36,7.27,7.27,9.09,9.09,10,10,10,10,10,10,10,10,9.09,6.36,7.27,9.09,9.09,10,10,9.09,9.09,8.18,4.55,1.82,0.91,1.82,5.45,7.27,10,9.09,10,10,10,10,10,10,10,10,10,10,10,10,10,10,10,10,10,10,9.09,10,10,10,10,10,10,10,10,10,10,10,10,10,10,10,10,10,9.09,9.09,10,10,10,9.09,9.09,10,9.09,8.18,7.27,6.36,8.18,9.09,10,10,9.09,9.09,9.09,7.27,8.18,9.09,10,10
275695,"The Colony","Neighborhood","CA",315,"Los Angeles-Long Beach-Anaheim",753899,2.09,1.63,3.02,2.44,3.14,3.72,5.58,5.7,5.47,6.16,7.79,6.86,6.63,7.33,8.37,8.37,8.6,8.37,7.21,7.21,7.56,7.33,6.63,5.7,5.35,5,4.65,5,4.53,4.53,3.72,3.72,1.74,1.86,1.51,1.4,1.16,1.86,1.74,1.98,1.63,1.4,1.16,1.51,2.21,3.14,3.84,3.26,2.21,2.09,2.09,2.56,2.33,1.86,1.28,0.93,1.05,1.28,1.63,2.56,2.33,2.33,2.33,2.56,2.79,2.67,3.26,3.37,3.6,4.42,4.42,5.47,5.23,5.81,5.93,6.63,7.33,6.98,5.12,4.07,4.07,3.95,3.14,2.21,1.98,2.79,2.21,2.33,2.44,2.21,2.21,2.33,2.67,2.44,3.6,4.07,4.88,5.7,7.33,7.44,6.4,6.74,6.98,8.37,6.98,7.21
208850,"Bustleton","Neighborhood","PA",316,"Philadelphia-Camden-Wilmington",394974,3.71,4.03,6.45,6.13,3.23,1.61,0.32,0.48,1.77,4.03,4.35,4.03,3.23,4.68,7.42,9.03,7.74,5.32,2.9,3.55,2.74,3.39,2.58,4.19,5.65,7.42,8.39,7.58,5.48,2.9,3.71,5.16,7.42,6.45,4.03,2.58,4.35,4.19,4.84,3.23,4.19,4.52,4.84,3.87,2.9,3.06,3.39,3.06,3.39,3.23,4.03,3.06,2.9,1.94,3.23,3.71,4.03,3.23,3.55,4.35,4.03,4.68,4.52,5.81,5.97,5.65,4.35,5,5.65,7.1,7.26,6.94,5,4.19,5.48,5.48,5,4.52,4.68,6.77,7.26,6.77,6.13,5.48,5.81,6.29,7.1,7.9,8.23,8.87,9.03,9.19,9.19,8.71,8.87,8.87,9.03,9.68,9.68,9.52,9.35,9.03,8.55,7.58,7.42,8.23
117156,"Pacific Beach","Neighborhood","CA",318,"San Diego-Carlsbad",395056,6.21,6.9,5.52,2.76,3.45,4.48,9.31,7.24,5.17,1.72,1.03,0.69,0.69,0.69,1.03,1.03,0.34,0.34,0.69,1.38,2.41,3.45,2.76,2.41,3.1,2.76,1.38,1.03,0.69,1.38,1.72,3.45,4.83,5.17,2.76,2.41,2.41,3.1,4.48,3.79,4.48,4.14,4.83,2.41,2.07,2.07,1.72,2.41,2.76,2.41,1.72,1.38,1.72,2.76,4.48,5.86,4.14,2.76,0.69,0.69,0.69,1.38,1.03,1.03,1.03,1.38,2.07,2.41,2.76,6.21,4.83,6.21,3.1,2.76,2.41,2.07,2.76,2.76,3.45,4.14,2.41,2.07,2.41,2.76,3.1,3.1,3.45,3.1,1.72,1.72,1.72,6.9,7.24,5.17,5.17,5.17,6.21,6.55,6.21,4.83,3.45,2.76,3.45,4.48,5.17,4.83
273587,"Eastside-ENACT","Neighborhood","WA",319,"Seattle-Tacoma-Bellevue",395078,5.29,6.47,8.82,9.41,7.06,3.53,2.94,4.12,5.29,4.71,1.76,1.76,1.18,2.35,2.94,2.94,4.71,5.29,4.71,2.94,1.76,1.18,2.94,3.53,3.53,3.53,2.94,2.94,2.94,4.12,6.47,5.88,5.29,5.88,5.88,4.71,3.53,2.94,4.12,4.71,4.71,2.94,2.94,2.94,2.94,2.94,2.94,2.35,2.35,2.35,1.18,1.76,2.94,5.29,5.88,5.88,5.29,5.29,4.71,1.18,1.18,1.18,1.18,4.12,4.71,2.94,2.35,2.35,4.12,4.12,4.12,4.12,2.35,1.76,1.76,1.76,2.35,1.76,3.53,4.71,4.12,4.12,4.12,4.12,4.12,3.53,2.94,2.35,2.35,2.35,2.35,5.88,7.65,8.82,8.82,8.24,7.65,7.06,7.65,8.24,8.24,8.82,10,9.41,10,10
403557,"Neartown - Montrose","Neighborhood","TX",320,"Houston-The Woodlands-Sugar Land",394692,6.9,7.14,5.24,5.95,5.24,5.24,4.76,4.52,3.1,2.38,1.67,1.67,1.9,1.9,3.33,4.05,5.24,5.24,4.29,4.76,4.76,5.95,6.9,6.9,6.9,6.67,6.9,7.14,6.9,6.43,5.95,5.24,5.71,5.95,6.43,6.43,6.9,6.19,6.67,7.14,7.38,6.9,6.9,7.86,7.38,7.38,7.38,7.14,6.19,5.48,4.29,4.52,4.29,3.81,3.57,4.76,4.76,4.52,4.29,4.29,4.05,4.05,3.81,4.29,4.76,5,4.52,4.05,2.38,2.38,2.14,2.62,1.9,3.57,2.38,2.62,2.86,1.67,1.43,1.67,2.14,1.19,1.43,1.67,2.38,4.29,4.76,4.76,4.52,4.29,3.81,2.62,2.14,1.43,1.67,2.14,2.62,1.67,1.19,1.43,1.19,1.43,1.19,0.95,1.19,0.71
114808,"Eagle Rock","Neighborhood","CA",321,"Los Angeles-Long Beach-Anaheim",753899,7.79,8.95,9.65,9.42,9.77,8.72,9.07,8.72,9.3,5.93,5.7,7.67,9.65,9.88,9.88,10,10,10,10,10,9.88,9.77,10,9.77,7.09,2.56,2.67,4.65,5.35,3.95,3.95,4.53,8.49,8.72,9.42,9.77,9.88,9.88,10,10,10,10,10,10,10,9.77,9.77,9.07,8.84,9.19,9.3,8.14,6.63,6.05,8.6,9.88,10,9.77,9.19,7.44,5.7,5.81,8.26,9.65,9.65,10,10,9.88,9.65,9.53,9.42,9.3,9.53,9.53,7.56,4.19,1.74,2.33,3.95,8.02,8.72,7.56,4.65,5.47,6.98,9.3,9.42,8.84,8.37,8.6,9.65,9.88,9.53,9.42,8.95,8.72,8.37,7.21,7.09,6.16,7.21,8.6,9.88,10,10,9.77
273483,"Downtown","Neighborhood","NJ",322,"New York-Newark-Jersey City",394913,8.85,9.12,9.29,9.12,8.67,8.05,8.41,7.79,7.79,5.75,6.11,6.11,4.78,4.51,5.22,6.99,7.35,7.52,6.55,6.64,7.35,8.5,9.12,9.38,9.47,9.47,9.56,9.65,9.73,9.82,9.82,9.82,9.82,9.56,9.56,9.65,9.73,9.65,9.65,9.65,9.65,9.73,9.65,9.73,9.73,9.73,9.65,9.73,9.82,9.82,9.82,9.82,9.82,9.82,9.73,9.82,9.65,9.65,9.82,9.82,9.82,9.82,9.91,10,10,10,9.91,9.73,9.73,9.73,9.82,9.91,9.73,9.91,9.91,9.91,9.82,9.82,9.82,9.73,9.73,9.82,9.82,9.91,9.82,9.65,9.73,9.65,9.56,9.38,9.38,9.12,8.76,8.58,8.58,8.32,8.32,8.41,8.58,8.85,8.85,8.67,8.41,8.41,8.5,8.67
240748,"Sugar House","Neighborhood","UT",324,"Salt Lake City",395053,6.67,6.67,6.67,10,10,10,10,6.67,3.33,6.67,6.67,3.33,3.33,3.33,6.67,6.67,6.67,6.67,6.67,6.67,3.33,3.33,3.33,6.67,3.33,6.67,6.67,6.67,6.67,6.67,10,10,10,6.67,3.33,3.33,3.33,3.33,6.67,6.67,10,10,10,6.67,6.67,6.67,6.67,6.67,6.67,6.67,6.67,6.67,10,10,6.67,3.33,3.33,3.33,3.33,6.67,6.67,6.67,10,10,10,10,6.67,6.67,6.67,6.67,6.67,10,10,10,10,10,10,6.67,6.67,6.67,3.33,3.33,6.67,6.67,6.67,6.67,6.67,6.67,6.67,3.33,3.33,3.33,6.67,6.67,6.67,6.67,6.67,6.67,10,10,10,10,10,10,10,10
274990,"Payne Phalen","Neighborhood","MN",325,"Minneapolis-St. Paul-Bloomington",394865,2.22,2.22,2.22,2.22,2.22,2.22,2.22,4.44,5.56,5.56,6.67,6.67,7.78,8.89,8.89,8.89,10,10,8.89,10,7.78,7.78,5.56,6.67,6.67,5.56,4.44,5.56,7.78,5.56,5.56,3.33,3.33,3.33,4.44,4.44,4.44,3.33,4.44,5.56,4.44,2.22,3.33,4.44,8.89,4.44,5.56,3.33,2.22,1.11,2.22,5.56,6.67,6.67,4.44,3.33,1.11,1.11,3.33,3.33,4.44,4.44,3.33,3.33,5.56,6.67,5.56,3.33,3.33,2.22,2.22,1.11,2.22,4.44,4.44,5.56,6.67,5.56,5.56,4.44,3.33,3.33,3.33,6.67,7.78,8.89,7.78,8.89,8.89,6.67,6.67,7.78,7.78,6.67,5.56,7.78,6.67,7.78,10,10,10,10,6.67,6.67,6.67,7.78
275429,"South End","Neighborhood","MA",326,"Boston-Cambridge-Newton",394404,4.62,3.08,3.08,6.92,6.15,5.38,3.85,7.69,7.69,8.46,6.92,5.38,3.85,5.38,6.92,8.46,6.92,4.62,5.38,6.15,8.46,9.23,9.23,9.23,9.23,9.23,9.23,9.23,9.23,9.23,9.23,9.23,9.23,9.23,8.46,6.15,5.38,7.69,7.69,8.46,8.46,8.46,9.23,9.23,9.23,7.69,7.69,7.69,7.69,8.46,9.23,10,9.23,8.46,9.23,9.23,9.23,9.23,8.46,8.46,8.46,9.23,9.23,9.23,6.92,8.46,9.23,9.23,9.23,9.23,9.23,9.23,8.46,8.46,8.46,6.92,4.62,5.38,9.23,10,10,9.23,8.46,7.69,8.46,8.46,8.46,3.08,1.54,3.08,4.62,7.69,8.46,9.23,7.69,4.62,3.08,3.08,3.08,4.62,2.31,1.54,2.31,3.08,5.38,6.15
271637,"Westchase","Neighborhood","TX",327,"Houston-The Woodlands-Sugar Land",394692,1.19,1.9,1.9,1.9,1.67,1.19,1.19,1.19,1.67,1.43,1.9,1.9,2.38,2.14,2.38,1.43,1.19,0.48,0.24,0.24,1.43,1.9,3.33,3.1,3.1,2.86,2.86,1.67,2.14,1.67,1.43,0.95,0.48,0.48,0.48,0.48,0.71,2.38,4.29,4.52,4.52,5,8.33,9.29,8.81,5.95,3.33,1.43,0.95,0.24,0.48,0.95,2.38,3.57,5.71,6.67,6.19,6.67,6.43,8.33,8.33,9.29,7.86,4.76,1.9,2.62,5.24,7.14,6.67,6.67,6.43,7.14,7.38,7.86,8.1,7.86,7.38,6.19,5.95,5.71,5.48,5.48,7.14,6.19,5,0.48,0.71,0.71,0.71,0.48,2.86,6.9,6.67,3.1,2.38,3.1,4.05,4.05,4.52,4.76,4.76,5,3.57,2.62,2.14,3.33
403145,"Bronzeville","Neighborhood","IL",328,"Chicago-Naperville-Elgin",394463,6.67,6.94,6.39,7.22,7.5,8.19,5.97,2.78,0.42,0.28,3.06,5.97,5.28,3.19,2.64,3.33,5.14,7.22,8.75,8.61,7.64,5.56,3.61,5.69,4.17,4.31,2.78,2.78,3.61,2.78,1.67,0.56,0.42,0.28,0.69,0.83,0.56,0.56,0.28,0.28,0.14,0.14,0.28,0.14,0.14,0.28,0.56,1.25,2.22,5,8.06,5,0.97,0.14,0.14,0.69,5,3.06,0.69,0.28,0.14,0.14,0.14,0.14,0.28,0.28,0.28,0.42,0.42,1.11,1.11,2.5,1.67,0.56,0.14,0.28,0.56,1.39,1.25,1.39,1.11,0.97,0.42,0.56,0.83,1.11,0.69,0.14,0.14,0.56,2.5,5.69,7.5,3.06,1.11,0.69,0.42,0.69,0.83,1.53,2.08,0.56,0.28,0.14,0.42,1.81
403226,"Bellerose","Neighborhood","NY",329,"New York-Newark-Jersey City",394913,7.35,7.7,8.23,7.43,5.93,4.69,4.16,4.25,4.07,4.07,3.45,3.89,4.16,4.25,3.98,4.78,4.69,4.42,4.6,4.96,6.11,5.84,5.22,4.69,5.04,5.13,4.96,5.4,5.22,5.22,5.58,5.58,5.84,5.75,4.51,5.04,5.84,6.19,6.11,6.28,6.19,6.19,7.35,7.7,7.52,7.17,6.37,4.78,4.16,4.16,4.78,4.07,3.81,3.89,3.27,2.48,1.59,2.04,3.36,5.4,3.45,2.74,1.42,1.86,1.95,2.48,2.65,2.57,3.81,4.87,4.96,2.83,1.33,0.88,0.27,0.35,0.44,1.5,3.72,6.11,5.22,4.87,4.16,3.19,3.19,3.19,3.89,5.22,6.73,7.17,4.07,1.68,1.33,2.48,4.51,6.11,5.49,4.69,4.69,4.87,5.75,5.84,5.22,4.78,4.87,5.31
403552,"Washington Avenue Coalition - Memorial Park","Neighborhood","TX",330,"Houston-The Woodlands-Sugar Land",394692,4.52,4.76,4.29,4.29,4.05,3.1,3.33,3.57,2.86,2.62,2.14,2.14,3.1,2.86,3.1,4.29,4.52,5.71,5,5.48,5.24,5.71,6.67,7.38,8.1,8.81,8.33,8.1,8.57,8.1,8.1,7.38,8.57,9.29,9.52,9.52,9.52,9.52,9.29,9.52,9.29,8.81,8.81,8.1,8.1,7.14,6.43,6.9,5.95,5.71,4.52,4.76,4.76,4.05,3.1,2.38,1.9,2.14,2.14,1.19,1.19,1.67,1.67,1.9,2.86,3.1,2.62,1.43,0.95,0.71,1.67,1.9,1.67,3.1,3.33,4.29,4.52,3.57,2.38,2.38,2.38,2.62,2.14,2.38,2.14,2.86,2.62,2.38,2.38,2.62,2.14,1.9,1.19,0.95,0.71,1.19,2.38,2.86,2.62,3.57,4.05,4.52,4.52,4.05,3.33,3.57
403109,"Belmont Central","Neighborhood","IL",331,"Chicago-Naperville-Elgin",394463,8.89,9.03,9.03,9.17,9.03,9.03,9.03,9.58,9.58,9.72,9.58,9.72,9.72,9.03,8.89,8.61,7.92,6.25,6.67,7.92,9.17,8.06,7.5,5.42,7.36,6.25,6.25,5.42,6.11,6.53,7.22,6.67,5.14,5,4.86,7.78,9.03,9.44,7.78,5.69,3.89,4.86,2.5,2.64,1.94,3.33,4.03,6.67,7.36,7.92,8.19,4.72,2.78,1.53,1.39,1.67,1.67,2.08,2.22,1.81,1.81,1.53,2.78,2.22,0.69,0.56,0.97,2.08,4.58,5.83,2.36,0.97,0.56,0.97,1.53,3.33,3.19,3.19,3.19,5.28,5.28,2.78,1.81,0.97,0.97,0.97,1.25,1.39,0.69,0.83,0.69,1.67,7.64,8.19,7.5,5.28,1.81,0.97,1.11,2.22,2.92,2.64,2.64,2.5,3.61,5.56
155506,"Roslindale","Neighborhood","MA",332,"Boston-Cambridge-Newton",394404,5.38,4.62,7.69,9.23,8.46,6.15,5.38,6.92,6.92,6.92,7.69,10,9.23,9.23,10,10,10,9.23,8.46,7.69,6.92,6.15,5.38,5.38,2.31,2.31,1.54,2.31,3.85,3.85,3.85,4.62,4.62,8.46,9.23,9.23,8.46,8.46,6.15,5.38,4.62,5.38,6.15,6.15,5.38,5.38,6.92,5.38,6.15,6.15,6.92,5.38,5.38,5.38,5.38,6.15,3.85,4.62,3.85,4.62,4.62,6.15,3.85,4.62,4.62,4.62,4.62,6.15,6.15,6.92,8.46,6.92,6.92,5.38,5.38,6.15,5.38,3.08,3.85,6.15,8.46,8.46,7.69,8.46,9.23,9.23,7.69,8.46,9.23,9.23,9.23,8.46,7.69,8.46,9.23,9.23,9.23,8.46,9.23,10,10,10,10,9.23,9.23,9.23
38268,"Eagle River","Neighborhood","AK",333,"Anchorage",394327,5,5.83,4.17,4.17,1.67,3.33,5.83,6.67,8.33,6.67,5,3.33,3.33,5,5,6.67,7.5,7.5,6.67,6.67,5.83,5,3.33,3.33,5,5.83,7.5,7.5,9.17,10,9.17,8.33,5,2.5,2.5,4.17,5,4.17,4.17,3.33,4.17,5,3.33,3.33,2.5,2.5,2.5,1.67,1.67,2.5,3.33,3.33,3.33,5.83,6.67,7.5,6.67,6.67,8.33,9.17,9.17,6.67,5,6.67,6.67,5.83,2.5,1.67,1.67,3.33,3.33,3.33,3.33,2.5,4.17,5.83,5.83,1.67,2.5,5,5,5,7.5,7.5,9.17,10,9.17,9.17,8.33,8.33,8.33,6.67,3.33,3.33,4.17,5.83,6.67,5.83,6.67,6.67,7.5,7.5,5.83,5,5.83,7.5
118229,"Southridge Village","Neighborhood","CA",334,"Riverside-San Bernardino-Ontario",395025,4.29,1.43,0.71,0.71,0.71,1.43,4.29,4.29,2.14,2.14,1.43,2.86,5,5,5.71,3.57,2.86,2.86,4.29,6.43,6.43,6.43,5,2.86,2.14,5.71,6.43,3.57,2.86,4.29,6.43,4.29,5,6.43,9.29,9.29,10,10,10,9.29,10,9.29,10,9.29,10,9.29,9.29,8.57,6.43,5,7.14,9.29,10,10,10,10,9.29,10,9.29,7.86,7.14,7.14,7.14,7.14,7.86,8.57,7.86,8.57,7.86,7.86,7.14,7.86,7.14,6.43,6.43,7.14,7.14,6.43,7.14,9.29,10,10,8.57,8.57,7.86,7.86,8.57,7.86,6.43,7.14,10,10,10,10,9.29,10,10,10,9.29,8.57,7.86,7.14,9.29,9.29,10,10
121685,"Capitol Hill","Neighborhood","DC",335,"Washington-Arlington-Alexandria",395209,5.38,6.15,6.92,7.69,9.23,8.46,8.46,8.46,8.46,8.46,9.23,9.23,9.23,9.23,9.23,9.23,10,6.15,5.38,3.85,3.85,4.62,4.62,5.38,5.38,6.15,5.38,3.85,3.85,4.62,4.62,6.92,6.92,6.15,6.92,6.92,5.38,5.38,5.38,6.15,6.15,6.15,5.38,7.69,8.46,7.69,8.46,8.46,6.92,7.69,6.92,9.23,9.23,9.23,8.46,7.69,7.69,7.69,6.92,7.69,7.69,6.92,6.92,6.92,7.69,7.69,6.92,8.46,10,10,10,8.46,8.46,7.69,8.46,8.46,9.23,8.46,8.46,7.69,7.69,8.46,8.46,9.23,9.23,8.46,9.23,9.23,9.23,9.23,8.46,9.23,9.23,8.46,9.23,9.23,9.23,9.23,8.46,8.46,6.92,6.92,7.69,6.15,6.92,6.92
270835,"Financial District","Neighborhood","NY",337,"New York-Newark-Jersey City",394913,5.31,5.75,6.02,6.73,7.26,7.17,6.73,6.99,6.73,7.35,8.58,9.2,9.47,9.56,9.47,9.47,9.38,9.38,9.73,10,9.56,8.67,8.23,8.32,8.58,8.5,8.32,8.14,7.88,7.88,7.26,6.46,6.19,5.66,5.13,3.72,3.98,4.34,4.42,4.07,3.36,3.89,5.22,6.55,7.17,7.7,7.79,8.58,8.23,7.7,7.17,7.35,8.85,8.85,9.2,8.23,6.28,4.42,5.4,7.26,8.76,8.5,8.5,8.41,8.5,7.88,6.64,7.08,6.73,7.52,4.07,1.42,0.35,0.53,0.88,1.95,2.57,3.45,2.48,0.97,0.8,0.71,2.04,3.01,4.07,2.04,0.88,0.62,1.59,2.65,3.72,2.92,2.39,1.95,0.97,0.71,1.42,4.07,6.46,7.96,6.81,4.78,4.34,4.6,3.27,2.48
269548,"Southeast Boise","Neighborhood","ID",338,"Boise City",394399,10,10,6.67,10,10,10,10,10,10,10,10,6.67,6.67,6.67,6.67,3.33,3.33,3.33,3.33,3.33,10,10,6.67,6.67,6.67,10,10,10,10,10,10,10,10,10,10,10,10,10,10,10,10,10,10,10,10,10,10,10,10,10,10,10,10,10,10,10,10,10,10,10,10,10,10,10,10,10,10,10,10,10,10,10,10,10,6.67,10,10,10,10,10,10,10,10,10,10,10,10,10,10,10,10,10,10,10,10,10,10,10,6.67,6.67,6.67,6.67,10,10,10,10
403148,"Marquette Park","Neighborhood","IL",339,"Chicago-Naperville-Elgin",394463,9.58,9.86,9.86,9.72,9.86,10,10,10,9.86,8.75,1.81,0.14,0.14,0.14,0.14,0.14,2.64,7.78,7.36,8.47,8.19,6.67,5.28,4.44,3.75,4.72,5.83,8.06,7.5,4.72,1.94,1.67,1.94,3.61,5.14,7.36,7.5,7.08,5.69,4.58,3.75,2.64,0.97,0.42,0.28,1.67,3.06,4.44,2.64,2.78,2.78,2.5,2.36,2.92,4.17,4.44,5.28,4.72,4.31,2.64,3.89,5.14,5.56,5.69,5.97,7.36,8.89,8.61,8.06,7.64,6.81,5.42,3.19,3.47,3.89,2.92,1.67,1.67,2.5,2.36,2.22,1.25,1.11,1.39,2.36,4.17,6.67,9.31,9.17,7.5,5.28,3.61,4.72,4.03,4.58,2.92,2.22,2.64,3.33,5.69,7.64,9.03,9.44,9.58,8.61,4.86
111869,"Drexel Heights","Neighborhood","AZ",340,"Tucson",395167,1.67,1.67,1.67,1.67,3.33,3.33,3.33,3.33,3.33,3.33,5,5,5,8.33,8.33,8.33,3.33,3.33,3.33,3.33,3.33,6.67,5,5,6.67,5,5,6.67,8.33,10,8.33,6.67,6.67,6.67,6.67,6.67,6.67,6.67,5,5,5,5,6.67,8.33,6.67,10,8.33,10,10,8.33,8.33,8.33,8.33,6.67,8.33,8.33,8.33,8.33,8.33,6.67,6.67,6.67,6.67,5,5,5,5,6.67,6.67,6.67,6.67,6.67,6.67,5,6.67,6.67,6.67,6.67,6.67,6.67,6.67,6.67,6.67,8.33,8.33,6.67,6.67,5,6.67,6.67,6.67,6.67,6.67,5,5,5,5,6.67,6.67,6.67,6.67,6.67,6.67,6.67,6.67,6.67
342700,"Paradise Hills","Neighborhood","NM",342,"Albuquerque",394312,3.33,3.33,3.33,3.33,6.67,10,10,10,10,10,6.67,6.67,3.33,3.33,6.67,6.67,6.67,6.67,6.67,3.33,3.33,3.33,3.33,3.33,3.33,6.67,10,10,10,6.67,6.67,6.67,6.67,6.67,6.67,10,10,10,10,10,6.67,3.33,6.67,6.67,6.67,10,6.67,6.67,6.67,3.33,3.33,6.67,6.67,6.67,3.33,3.33,3.33,3.33,6.67,6.67,6.67,6.67,6.67,3.33,3.33,3.33,3.33,6.67,6.67,6.67,3.33,3.33,3.33,6.67,6.67,6.67,6.67,6.67,3.33,3.33,3.33,3.33,3.33,3.33,3.33,3.33,3.33,3.33,6.67,6.67,6.67,3.33,3.33,3.33,3.33,3.33,3.33,6.67,6.67,6.67,6.67,3.33,3.33,3.33,3.33,3.33
275989,"West Side","Neighborhood","CA",343,"Los Angeles-Long Beach-Anaheim",753899,8.6,8.72,8.72,9.3,9.19,9.42,9.3,9.19,8.72,7.91,7.21,5.81,5.12,4.88,4.88,5.47,5.47,6.63,6.98,5.23,5.12,2.79,2.79,2.33,3.72,4.19,3.6,3.37,3.02,2.67,1.98,1.16,1.28,1.16,0.93,1.28,1.4,2.79,4.65,6.05,5.58,4.77,5.58,7.33,8.37,8.02,8.14,7.21,6.4,5.35,4.77,3.72,3.14,2.79,1.63,0.81,0.81,0.58,1.05,0.93,1.05,1.28,1.86,2.44,2.56,2.21,2.09,1.86,1.74,1.74,2.09,2.67,2.91,3.26,3.02,5.12,4.53,3.37,2.67,3.26,4.53,4.77,3.95,4.65,5.35,4.77,4.19,2.56,2.56,2.09,3.14,3.14,4.07,4.53,5.47,6.16,6.98,6.86,6.74,6.28,7.33,6.86,4.42,3.02,2.56,3.72
274279,"Las Tierras","Neighborhood","TX",344,"El Paso",394561,6.25,6.25,6.25,6.25,3.75,3.75,3.75,2.5,2.5,1.25,2.5,2.5,2.5,2.5,5,6.25,6.25,6.25,7.5,6.25,7.5,7.5,7.5,7.5,7.5,5,1.25,3.75,5,5,2.5,2.5,2.5,3.75,5,6.25,7.5,7.5,7.5,2.5,2.5,1.25,1.25,2.5,6.25,6.25,7.5,8.75,8.75,5,3.75,3.75,5,6.25,8.75,10,8.75,8.75,6.25,5,6.25,6.25,6.25,6.25,7.5,7.5,7.5,5,3.75,3.75,7.5,8.75,8.75,8.75,7.5,3.75,3.75,2.5,3.75,5,6.25,6.25,6.25,5,3.75,3.75,5,8.75,10,3.75,6.25,3.75,7.5,3.75,3.75,3.75,2.5,6.25,7.5,7.5,8.75,10,10,7.5,6.25,3.75
275306,"Santa Teresa","Neighborhood","CA",345,"San Jose-Sunnyvale-Santa Clara",395059,0.91,0.91,0.91,0.91,0.91,1.82,5.45,6.36,5.45,4.55,1.82,0.91,0.91,0.91,2.73,6.36,3.64,1.82,0.91,2.73,4.55,6.36,6.36,6.36,9.09,6.36,7.27,7.27,7.27,7.27,7.27,5.45,3.64,3.64,4.55,5.45,7.27,7.27,4.55,3.64,0.91,1.82,1.82,1.82,1.82,2.73,4.55,7.27,7.27,6.36,5.45,6.36,6.36,6.36,7.27,7.27,6.36,5.45,6.36,6.36,5.45,7.27,7.27,9.09,9.09,9.09,7.27,6.36,8.18,9.09,7.27,6.36,5.45,6.36,6.36,6.36,7.27,6.36,7.27,7.27,6.36,6.36,7.27,8.18,7.27,7.27,7.27,6.36,7.27,7.27,4.55,2.73,1.82,0.91,2.73,1.82,2.73,4.55,4.55,2.73,2.73,1.82,2.73,3.64,3.64,3.64
753778,"Near Eastside","Neighborhood","IN",346,"Indianapolis-Carmel-Anderson",394705,10,10,10,10,10,10,10,10,10,10,10,10,10,10,10,10,10,9.29,9.29,9.29,9.29,7.14,7.14,5,5,5,5,5,5.71,6.43,6.43,7.86,10,10,7.86,7.86,7.86,7.86,7.86,4.29,2.14,3.57,2.14,1.43,1.43,2.14,2.86,5.71,4.29,4.29,0.71,1.43,1.43,1.43,2.14,3.57,6.43,3.57,0.71,0.71,1.43,2.14,0.71,0.71,0.71,2.14,5,5.71,2.86,0.71,0.71,0.71,0.71,2.14,2.14,2.14,2.14,2.14,0.71,0.71,0.71,0.71,1.43,1.43,4.29,5,4.29,4.29,2.86,1.43,1.43,0.71,3.57,4.29,5.71,2.14,2.14,2.14,2.14,1.43,2.14,2.14,2.14,2.14,2.14,1.43
270764,"The Lakes","Neighborhood","NV",347,"Las Vegas-Henderson-Paradise",394775,1.02,1.02,1.43,2.04,2.45,2.86,3.88,3.67,3.47,2.65,1.63,2.65,3.67,5.51,5.71,4.69,5.51,5.31,5.71,5.1,5.51,6.73,6.53,6.12,5.92,5.71,7.76,8.16,8.37,7.55,7.14,6.94,5.71,4.69,5.1,5.92,6.94,6.33,4.9,4.49,5.51,5.92,6.53,7.35,6.53,6.94,5.51,5.31,4.29,4.08,4.69,5.71,6.12,5.51,4.9,4.9,4.29,3.88,4.08,3.88,3.47,3.47,4.49,3.67,4.29,3.06,3.06,2.65,2.65,2.04,2.04,2.45,2.86,4.29,4.49,5.71,5.92,5.92,4.69,4.49,4.29,4.08,4.08,4.29,4.08,4.49,4.29,4.49,3.27,2.65,1.84,2.04,2.24,2.65,3.06,3.88,4.08,3.47,3.27,3.27,5.31,5.92,5.92,5.92,6.73,6.33
763902,"East Central","Neighborhood","UT",348,"Ogden-Clearfield",394931,6.67,6.67,6.67,6.67,6.67,6.67,10,10,6.67,6.67,6.67,6.67,6.67,6.67,3.33,3.33,3.33,3.33,3.33,6.67,6.67,10,3.33,6.67,6.67,6.67,6.67,6.67,3.33,3.33,3.33,3.33,6.67,6.67,6.67,6.67,6.67,6.67,6.67,6.67,6.67,6.67,6.67,6.67,6.67,6.67,10,10,10,10,10,10,6.67,6.67,6.67,6.67,6.67,6.67,3.33,6.67,6.67,6.67,3.33,3.33,3.33,3.33,3.33,10,10,10,6.67,3.33,3.33,6.67,6.67,6.67,10,10,10,10,10,3.33,3.33,3.33,6.67,6.67,3.33,3.33,3.33,3.33,6.67,10,10,10,10,6.67,3.33,6.67,6.67,6.67,6.67,6.67,10,10,10,10
763905,"North End","Neighborhood","UT",349,"Ogden-Clearfield",394931,10,10,10,10,10,10,6.67,6.67,10,10,10,10,10,10,10,10,10,10,10,10,10,6.67,10,10,10,10,10,10,10,10,10,10,10,10,10,10,10,10,10,10,10,10,10,10,10,10,6.67,6.67,6.67,6.67,6.67,6.67,10,10,10,10,10,10,10,10,10,10,10,10,10,6.67,6.67,3.33,6.67,6.67,10,10,10,10,10,10,6.67,6.67,6.67,6.67,6.67,10,10,10,10,10,10,10,10,10,10,6.67,6.67,6.67,6.67,10,10,10,10,10,10,10,6.67,6.67,6.67,6.67
118541,"Tierrasanta","Neighborhood","CA",350,"San Diego-Carlsbad",395056,2.07,2.41,2.07,2.07,1.38,1.72,2.07,2.76,4.48,4.14,3.79,3.45,3.45,3.45,3.45,3.1,4.14,3.79,4.48,5.17,4.83,4.14,3.45,3.79,4.14,4.83,5.17,6.21,6.21,5.86,4.83,3.79,4.48,4.83,6.21,5.86,5.86,6.9,6.9,5.86,4.14,3.79,3.1,4.48,3.79,4.14,4.14,4.83,4.48,4.48,4.83,5.86,8.28,8.28,8.28,7.59,7.24,6.21,5.52,5.86,6.21,5.52,6.21,5.86,5.52,4.48,4.48,4.83,5.86,5.17,4.48,4.48,5.52,4.83,4.83,5.52,5.52,4.83,4.83,4.83,5.52,6.55,6.55,6.9,7.93,8.28,8.28,6.9,6.55,6.55,7.93,8.97,8.97,8.97,9.31,9.31,9.31,8.28,7.93,6.9,7.24,6.21,7.24,5.86,5.52,6.21
271568,"South Dallas","Neighborhood","TX",351,"Dallas-Fort Worth-Arlington",394514,10,10,10,10,10,10,10,10,10,10,10,10,10,10,10,10,9.68,9.68,9.68,9.68,9.68,10,10,10,10,9.68,9.68,10,9.03,7.74,7.1,8.71,7.74,8.71,8.71,8.39,8.39,8.06,6.45,5.16,5.81,7.42,7.74,6.13,2.9,2.26,2.9,3.55,3.87,2.9,3.87,4.52,6.45,7.74,3.87,2.26,2.26,2.9,4.52,5.16,2.58,1.29,0.65,1.61,1.61,1.61,1.61,2.9,4.52,3.87,2.9,3.23,4.52,4.52,2.9,1.94,1.94,2.58,3.23,3.87,3.55,2.58,2.26,2.58,2.58,3.23,4.19,5.16,5.81,3.87,4.52,5.48,6.45,7.42,7.42,6.77,6.13,5.48,5.16,6.13,7.42,8.06,8.06,7.74,6.77,4.84
753788,"Chapel Hill-Ben Davis","Neighborhood","IN",352,"Indianapolis-Carmel-Anderson",394705,3.57,3.57,3.57,3.57,2.14,2.14,2.86,3.57,3.57,3.57,3.57,3.57,3.57,3.57,3.57,4.29,3.57,3.57,3.57,3.57,2.86,3.57,4.29,6.43,7.14,7.14,7.14,7.14,7.14,7.14,7.14,10,7.86,7.14,6.43,5.71,6.43,2.86,2.14,1.43,6.43,6.43,8.57,8.57,7.86,6.43,3.57,1.43,2.14,1.43,3.57,2.86,4.29,5,5.71,6.43,7.86,10,10,6.43,2.14,1.43,4.29,7.14,8.57,6.43,4.29,3.57,5.71,9.29,9.29,5.71,2.86,2.86,3.57,2.86,5.71,5.71,6.43,5,5,5,7.86,7.86,8.57,8.57,10,10,10,8.57,7.86,7.14,7.86,9.29,10,9.29,8.57,9.29,5.71,4.29,3.57,4.29,7.86,8.57,10,10
343237,"Otay Ranch","Neighborhood","CA",353,"San Diego-Carlsbad",395056,2.41,2.76,1.72,1.03,1.03,0.69,1.03,1.72,2.41,2.41,2.76,2.76,2.41,1.38,0.34,0.34,1.03,2.07,2.07,1.72,1.72,1.03,0.69,0.69,0.69,0.69,0.34,0.34,0.34,0.34,0.34,0.34,1.72,3.45,5.17,5.17,5.52,5.52,4.14,5.17,6.9,8.97,6.9,5.52,6.9,8.97,10,9.66,7.24,6.9,6.9,7.24,5.52,4.48,4.83,5.52,4.83,4.14,4.48,4.83,4.48,4.48,4.14,3.79,4.48,5.17,5.86,7.93,8.62,7.59,7.59,6.9,7.59,7.59,7.93,6.21,6.21,5.17,6.21,7.24,7.24,7.24,5.86,5.52,4.48,4.83,4.83,4.83,4.48,3.79,3.1,2.41,3.45,3.79,3.79,4.48,3.79,4.14,4.14,4.48,2.41,2.07,2.41,4.14,6.55,7.93
267847,"Northeast","Neighborhood","AK",354,"Anchorage",394327,2.5,1.67,1.67,3.33,3.33,4.17,5,2.5,2.5,2.5,1.67,1.67,1.67,3.33,5.83,5,5,3.33,3.33,3.33,1.67,1.67,1.67,1.67,1.67,2.5,2.5,4.17,3.33,5,8.33,9.17,7.5,5.83,5,7.5,6.67,5.83,5,5.83,6.67,7.5,6.67,4.17,3.33,3.33,4.17,4.17,4.17,4.17,4.17,4.17,4.17,3.33,2.5,3.33,5,5,4.17,3.33,0.83,0.83,0.83,0.83,2.5,1.67,1.67,2.5,4.17,5,5.83,4.17,5,5.83,5.83,4.17,5,4.17,0.83,0.83,0.83,0.83,0.83,0.83,0.83,0.83,1.67,4.17,4.17,4.17,3.33,1.67,2.5,2.5,2.5,2.5,2.5,2.5,2.5,3.33,3.33,3.33,3.33,4.17,3.33,3.33
133141,"Hawaii Kai","Neighborhood","HI",355,"Urban Honolulu",753924,3.64,4.55,4.55,3.64,6.36,7.27,8.18,9.09,8.18,8.18,4.55,6.36,3.64,5.45,5.45,3.64,4.55,3.64,1.82,2.73,2.73,3.64,3.64,5.45,4.55,2.73,2.73,3.64,6.36,7.27,8.18,6.36,5.45,5.45,3.64,4.55,5.45,7.27,10,9.09,6.36,7.27,8.18,8.18,8.18,8.18,6.36,8.18,7.27,8.18,7.27,8.18,7.27,5.45,2.73,1.82,0.91,0.91,5.45,7.27,8.18,8.18,6.36,7.27,7.27,6.36,6.36,7.27,6.36,6.36,4.55,2.73,4.55,3.64,3.64,2.73,5.45,8.18,6.36,4.55,2.73,6.36,7.27,8.18,7.27,6.36,5.45,6.36,5.45,6.36,7.27,6.36,6.36,8.18,10,10,9.09,8.18,6.36,3.64,2.73,1.82,5.45,7.27,8.18,7.27
268076,"Clairemont Mesa East","Neighborhood","CA",356,"San Diego-Carlsbad",395056,9.66,9.66,9.66,9.31,8.97,8.62,4.83,3.79,6.21,9.31,10,10,8.62,7.93,7.93,7.93,7.93,6.55,5.86,6.9,7.24,6.9,7.24,7.59,7.59,7.93,6.21,4.48,4.14,3.79,4.48,8.28,7.93,8.28,7.24,8.97,9.66,10,9.66,9.31,8.62,8.28,8.97,9.66,10,8.62,7.59,7.24,7.93,7.93,7.59,5.52,6.9,9.31,9.66,8.97,8.62,7.59,5.86,6.21,8.62,8.97,9.31,9.66,10,10,9.66,9.31,8.28,8.62,8.62,8.62,8.62,7.93,8.28,8.28,8.62,9.66,8.97,8.97,7.59,7.59,7.59,8.97,8.62,8.97,9.31,10,10,8.28,5.86,5.86,8.28,9.31,8.97,7.59,5.86,6.21,6.55,6.55,6.9,7.93,8.28,7.93,7.93,7.24
270797,"Auburndale","Neighborhood","NY",357,"New York-Newark-Jersey City",394913,6.28,6.64,6.46,4.6,1.5,0.35,0.35,1.15,3.45,4.78,6.02,6.37,6.11,6.28,6.28,6.37,6.9,6.99,7.52,7.79,7.79,7.35,6.55,6.28,6.73,7.26,7.7,7.88,7.61,7.52,7.35,7.7,7.88,7.26,6.28,4.51,4.16,4.25,4.6,4.51,3.98,4.87,5.49,7.17,7.61,8.85,8.41,8.94,8.5,8.76,8.76,8.41,7.7,6.55,5.93,6.02,6.37,7.96,9.03,8.58,6.9,4.96,6.28,6.11,3.45,1.24,1.06,1.68,4.34,6.73,8.58,6.81,5.4,4.78,4.96,6.64,6.9,6.37,3.36,4.07,4.34,5.31,4.34,4.96,3.36,2.39,1.5,1.86,3.27,4.96,5.58,1.95,1.5,1.24,3.19,3.72,4.69,5.04,4.96,4.51,5.4,6.11,6.02,5.4,5.66,5.04
271582,"Spring Branch Central","Neighborhood","TX",358,"Houston-The Woodlands-Sugar Land",394692,10,10,10,10,10,10,10,10,10,10,10,10,10,10,10,10,10,10,9.76,9.76,10,10,10,10,10,10,10,10,10,9.52,9.52,9.29,6.67,4.29,2.62,2.14,2.62,3.33,2.14,2.14,2.38,5.95,5.71,7.14,6.9,7.62,6.19,5.24,4.76,4.29,3.81,4.29,6.19,5.95,4.29,5,5.95,7.38,8.57,6.43,5,3.33,5,5.48,6.19,4.76,4.29,4.76,5.71,7.62,7.62,5.71,3.57,1.43,1.19,0.71,1.43,2.86,7.38,8.1,8.33,8.57,8.81,8.33,7.86,6.67,3.81,2.14,0.95,1.43,3.33,6.19,7.62,6.19,3.81,1.9,1.43,1.9,3.81,5.95,7.38,8.81,6.67,3.81,0.95,1.67
269584,"Garfield Ridge","Neighborhood","IL",360,"Chicago-Naperville-Elgin",394463,0.56,0.42,0.28,0.42,0.69,1.25,2.22,1.39,1.94,2.64,5,5.56,4.86,5,4.31,4.17,2.92,3.19,4.58,5,4.03,1.81,1.11,1.11,2.22,5.56,6.67,7.36,4.03,1.25,1.25,2.64,6.25,7.5,7.5,7.5,6.53,5.14,3.61,1.53,0.97,0.28,0.14,0.28,0.69,3.75,9.17,10,10,9.03,4.17,1.53,1.25,2.22,1.81,4.31,4.72,6.25,4.58,5.14,5.69,6.25,6.39,6.53,3.75,0.97,0.42,0.28,1.39,2.08,3.06,1.94,2.64,2.5,5.56,6.11,6.94,4.17,3.75,3.19,5.97,6.53,5.97,5,6.39,5.97,5,4.03,2.36,2.08,1.94,2.78,5.97,7.22,8.89,8.89,9.31,8.47,7.92,5.83,5,2.78,4.03,6.11,7.64,7.78
273877,"Greater Eastside","Neighborhood","MN",361,"Minneapolis-St. Paul-Bloomington",394865,4.44,4.44,4.44,4.44,3.33,3.33,4.44,3.33,2.22,4.44,4.44,5.56,4.44,7.78,6.67,6.67,4.44,7.78,7.78,7.78,8.89,6.67,6.67,5.56,7.78,10,10,10,10,8.89,6.67,7.78,8.89,10,8.89,7.78,6.67,6.67,7.78,10,10,8.89,8.89,6.67,3.33,1.11,2.22,6.67,7.78,2.22,1.11,2.22,7.78,8.89,7.78,6.67,6.67,7.78,10,10,10,10,10,8.89,8.89,10,10,10,10,8.89,5.56,5.56,7.78,7.78,8.89,7.78,5.56,4.44,4.44,5.56,4.44,4.44,5.56,10,10,10,10,10,10,10,7.78,6.67,5.56,7.78,8.89,10,10,10,8.89,8.89,8.89,8.89,8.89,7.78,10,10
8731,"Fort Hamilton","Neighborhood","NY",362,"New York-Newark-Jersey City",394913,4.51,4.87,5.22,5.49,5.58,5.22,4.51,3.98,4.6,0.88,0.09,0.09,0.09,0.09,0.09,0.09,0.09,0.09,0.09,0.09,0.09,0.09,0.09,0.09,0.09,0.09,0.09,0.09,0.09,0.09,0.09,0.09,0.09,0.27,0.35,0.8,0.18,0.35,0.35,0.44,0.44,0.27,0.09,0.97,2.48,5.22,4.16,3.19,1.95,3.01,3.81,4.78,3.54,2.57,1.68,1.33,1.68,2.65,4.16,6.11,6.99,6.81,5.93,4.51,3.27,3.1,3.63,3.27,3.89,3.98,5.4,5.58,4.42,3.63,3.36,4.25,3.19,4.07,4.34,6.02,3.54,1.95,0.88,1.24,2.48,2.74,1.68,1.5,1.06,1.24,3.36,4.78,3.81,1.59,0.62,0.35,1.15,1.33,1.59,0.71,1.42,1.86,2.65,1.24,0.62,1.24
214976,"Richmond","Neighborhood","PA",363,"Philadelphia-Camden-Wilmington",394974,6.61,8.23,5.97,5.16,4.19,4.68,4.35,3.23,2.74,2.9,4.19,6.77,5.48,4.84,3.87,5.81,7.1,8.23,8.06,5.81,4.84,4.19,4.19,4.84,6.45,5.48,5,2.42,2.58,3.06,5.65,7.74,7.9,7.74,8.55,9.68,9.68,9.52,9.03,9.35,9.68,7.1,6.61,6.77,9.68,9.35,8.06,6.29,4.19,5,4.52,6.29,6.13,8.55,8.55,9.52,9.35,9.52,9.68,9.52,9.19,9.52,7.9,5.48,4.84,6.77,8.39,9.35,9.19,8.06,8.23,8.23,8.71,8.87,9.19,8.23,6.29,4.35,3.39,3.71,4.03,4.68,3.55,2.74,3.55,6.13,8.06,8.55,7.26,6.13,4.68,4.35,4.03,4.68,3.87,2.26,1.61,2.1,2.74,3.71,3.71,4.19,3.06,4.52,4.84,5.32
30360,"Bay Shore","Neighborhood","NY",364,"New York-Newark-Jersey City",394913,0.8,1.5,2.3,2.57,2.21,4.78,8.14,9.65,8.58,6.64,3.54,3.1,6.37,7.79,6.55,3.1,0.97,1.06,1.59,2.04,3.1,4.34,6.19,4.51,1.5,0.35,0.27,0.27,0.35,0.27,0.35,0.53,0.88,1.59,2.74,2.74,1.86,2.21,2.3,3.01,2.21,1.59,0.88,1.24,0.97,0.71,0.53,0.53,1.42,4.25,3.98,2.39,0.88,0.71,0.62,1.77,2.92,4.51,4.25,2.39,1.42,0.35,0.53,0.27,0.27,0.35,0.27,0.8,1.24,2.21,2.04,1.95,1.77,1.77,1.33,3.27,6.02,8.23,8.05,5.22,3.89,3.54,5.49,4.34,3.98,4.78,6.02,5.13,3.1,2.57,3.01,3.1,2.21,2.12,3.27,6.81,7.88,8.5,8.85,9.2,9.2,8.5,8.05,7.88,8.41,8.85
269597,"Near North","Neighborhood","IL",365,"Chicago-Naperville-Elgin",394463,4.72,3.47,2.64,3.19,4.03,5.14,5.14,4.31,3.75,4.31,4.58,4.17,3.19,2.92,4.03,5.97,6.67,6.11,5.83,6.25,7.5,7.64,7.92,7.92,8.33,8.61,8.33,7.92,7.78,7.64,8.06,6.94,7.22,8.33,8.61,8.61,7.92,8.47,9.03,9.31,8.75,7.64,7.22,7.64,7.08,5.97,5.14,5.56,5.28,5.56,5,6.94,5.97,6.67,5.56,6.11,5.69,5.69,5.97,6.94,7.78,7.22,6.67,6.81,7.22,7.22,7.36,7.5,7.36,5.97,5.83,5.97,7.08,7.78,8.06,7.36,7.78,7.64,8.19,7.36,6.67,5.69,6.67,7.22,8.06,8.06,8.19,8.33,9.44,9.58,9.17,7.36,3.06,2.92,2.5,2.22,2.36,2.78,1.67,1.94,0.83,0.69,1.11,1.11,2.08,2.5
274157,"Journal Square","Neighborhood","NJ",366,"New York-Newark-Jersey City",394913,5.22,5.66,5.84,6.55,7.43,7.08,6.46,5.93,6.02,6.28,7.17,7.88,8.23,8.23,7.88,7.96,7.52,6.55,5.22,4.16,4.34,5.58,6.37,6.73,6.19,6.11,5.75,6.11,5.66,5.66,5.75,6.19,7.08,8.32,9.29,9.38,9.38,9.29,9.12,8.85,8.76,8.76,9.03,9.12,9.82,9.82,9.82,9.47,9.29,8.41,9.12,9.47,9.65,9.56,9.56,9.65,9.82,9.73,9.91,9.91,10,9.91,9.03,5.4,4.69,8.58,9.73,9.91,9.91,9.91,9.91,9.73,9.03,8.85,8.85,9.56,9.73,10,10,10,9.91,9.91,9.91,9.82,9.56,9.38,9.47,9.29,8.5,7.26,7.35,8.41,9.29,9.73,9.82,9.73,9.82,9.47,9.03,8.05,7.96,7.96,8.14,8.5,8.94,9.29
763369,"Meridian Avenue Corridor","Neighborhood","OK",368,"Oklahoma City",394935,10,10,10,10,10,7.5,2.5,2.5,2.5,2.5,2.5,2.5,5,2.5,5,2.5,2.5,5,2.5,5,5,5,5,7.5,7.5,10,5,5,5,5,5,5,5,2.5,5,5,7.5,7.5,7.5,10,5,5,5,5,5,5,7.5,5,7.5,7.5,7.5,7.5,5,7.5,7.5,2.5,2.5,2.5,2.5,5,7.5,7.5,7.5,7.5,7.5,7.5,5,2.5,5,10,10,10,10,10,10,10,10,2.5,5,5,5,5,2.5,2.5,5,5,5,5,5,5,5,7.5,7.5,7.5,7.5,7.5,10,7.5,7.5,7.5,10,10,10,7.5,7.5,7.5
274359,"Los Feliz","Neighborhood","CA",369,"Los Angeles-Long Beach-Anaheim",753899,6.86,1.51,0.58,0.47,8.02,9.88,10,9.88,9.88,10,9.3,8.95,8.84,9.42,9.65,9.53,9.07,9.53,8.26,8.49,8.14,8.02,7.67,7.44,8.37,8.72,9.07,8.95,9.42,9.42,9.19,7.91,5.12,4.65,3.02,4.07,5,8.6,8.95,9.19,9.07,8.84,8.02,7.79,8.02,7.44,7.79,7.79,7.56,8.14,8.84,9.42,8.37,7.44,8.37,8.49,8.26,7.56,7.44,7.33,5.58,3.26,3.26,4.07,3.95,2.44,1.51,1.63,2.44,4.77,5.7,4.65,3.6,3.14,2.79,1.51,0.47,0.23,0.7,0.7,0.81,0.93,1.05,1.74,3.49,4.19,4.53,4.42,6.74,4.88,3.37,1.74,2.09,2.91,4.19,5.58,5.23,6.16,6.4,7.79,6.74,5.58,4.07,4.3,3.49,3.6
269563,"West Valley","Neighborhood","ID",370,"Boise City",394399,3.33,3.33,3.33,3.33,3.33,3.33,6.67,6.67,6.67,6.67,6.67,10,3.33,3.33,3.33,10,10,10,6.67,6.67,3.33,3.33,3.33,3.33,10,6.67,6.67,3.33,3.33,3.33,3.33,3.33,6.67,6.67,6.67,6.67,3.33,6.67,6.67,6.67,6.67,3.33,3.33,3.33,6.67,6.67,6.67,6.67,6.67,6.67,3.33,6.67,6.67,6.67,6.67,6.67,6.67,6.67,6.67,6.67,6.67,6.67,6.67,6.67,6.67,6.67,3.33,6.67,6.67,6.67,6.67,6.67,6.67,6.67,10,6.67,3.33,3.33,6.67,6.67,6.67,6.67,6.67,6.67,6.67,6.67,6.67,3.33,3.33,3.33,3.33,3.33,3.33,3.33,3.33,3.33,6.67,6.67,10,10,10,10,6.67,6.67,6.67,3.33
753773,"Snacks-Guion Creek","Neighborhood","IN",371,"Indianapolis-Carmel-Anderson",394705,0.71,0.71,0.71,0.71,0.71,0.71,0.71,0.71,0.71,0.71,0.71,0.71,0.71,0.71,0.71,0.71,0.71,0.71,0.71,0.71,0.71,0.71,0.71,0.71,0.71,0.71,0.71,0.71,1.43,2.86,5.71,5.71,5.71,5.71,8.57,8.57,8.57,8.57,8.57,8.57,3.57,2.14,1.43,2.14,2.14,1.43,0.71,2.86,5.71,6.43,5.71,2.14,0.71,0.71,0.71,0.71,1.43,6.43,6.43,3.57,2.86,3.57,2.86,3.57,6.43,8.57,9.29,6.43,6.43,4.29,5,2.14,1.43,3.57,5,5,4.29,2.86,2.86,2.86,5.71,9.29,9.29,8.57,7.14,5.71,5,5,4.29,7.14,8.57,8.57,10,10,9.29,10,10,10,10,9.29,9.29,9.29,9.29,10,9.29,8.57
214954,"Rhawnhurst","Neighborhood","PA",373,"Philadelphia-Camden-Wilmington",394974,4.03,3.39,2.42,1.94,1.77,2.9,3.39,4.68,3.87,6.45,7.9,8.39,7.42,7.58,7.1,7.26,5.65,6.13,5.81,5.65,5.32,5.48,7.42,9.03,8.23,4.68,3.06,1.94,3.06,3.71,5.81,6.13,7.58,8.06,7.74,8.55,8.06,7.42,3.71,3.39,2.42,6.13,7.42,9.19,8.71,8.39,8.55,9.03,7.1,7.26,6.45,7.9,8.06,8.71,8.71,9.19,9.84,9.68,9.35,6.94,5.32,4.03,5,7.1,7.74,8.23,7.74,7.26,7.26,7.58,7.9,8.39,8.06,7.74,7.74,7.9,8.55,8.39,9.35,8.39,8.23,8.23,8.71,9.68,9.35,9.68,9.52,9.52,6.61,5.48,7.26,9.84,10,9.84,8.55,7.58,7.42,8.55,9.19,9.19,9.19,9.84,9.35,9.03,8.06,8.06
154558,"Forest Park","Neighborhood","MA",374,"Springfield",395115,4,4,4,4,6,8,8,6,6,6,2,2,4,4,4,4,6,6,4,2,2,2,2,4,6,2,4,4,6,6,8,4,4,2,2,2,2,2,4,4,4,6,6,6,2,2,2,2,2,2,2,2,2,4,4,2,2,2,2,2,2,2,2,2,4,4,2,2,2,2,2,2,2,2,2,4,8,10,10,6,2,4,4,4,4,4,4,4,2,2,4,4,4,4,6,8,10,10,8,10,8,10,2,2,2,2
344035,"Nevada-Lidgerwood","Neighborhood","WA",375,"Spokane-Spokane Valley",395113,3.75,2.5,2.5,2.5,2.5,2.5,2.5,2.5,3.75,3.75,5,6.25,5,5,6.25,5,3.75,1.25,1.25,2.5,5,10,10,10,10,10,7.5,6.25,5,10,10,10,8.75,8.75,6.25,6.25,7.5,6.25,8.75,6.25,5,3.75,3.75,3.75,5,3.75,6.25,3.75,3.75,3.75,3.75,3.75,3.75,3.75,3.75,3.75,6.25,6.25,6.25,6.25,5,2.5,2.5,3.75,5,6.25,7.5,6.25,6.25,7.5,6.25,3.75,3.75,2.5,2.5,6.25,6.25,6.25,6.25,10,10,8.75,8.75,7.5,7.5,6.25,6.25,3.75,7.5,8.75,8.75,8.75,8.75,7.5,7.5,10,8.75,7.5,7.5,7.5,7.5,8.75,10,10,10,10
274729,"North Linden","Neighborhood","OH",376,"Columbus",394492,5,5,5,5,5,5,5,5,5,5,10,10,10,10,10,10,10,10,10,10,10,10,10,10,10,10,10,10,10,10,10,10,10,10,10,10,10,10,10,10,10,10,10,5,5,5,5,5,5,5,5,5,10,10,10,10,10,10,10,10,10,10,10,10,10,10,10,10,10,10,10,10,10,10,10,10,10,10,10,10,10,10,10,10,10,10,10,10,10,10,10,10,10,10,10,10,10,10,10,10,10,10,10,10,10,10
140913,"West Pullman","Neighborhood","IL",377,"Chicago-Naperville-Elgin",394463,9.86,9.72,9.72,9.86,9.72,8.89,8.33,7.92,8.33,8.47,7.22,5.69,3.61,4.31,4.44,5.42,5.97,6.39,7.08,5.42,2.22,1.11,1.53,0.97,1.11,0.42,0.56,0.42,2.64,4.58,6.11,6.53,7.36,4.31,3.06,2.36,3.89,3.75,3.19,2.5,1.81,2.22,2.36,2.22,0.97,0.83,0.69,1.81,4.58,8.06,9.17,8.89,9.44,9.44,9.31,8.33,6.39,3.47,2.78,2.5,1.53,1.39,0.83,0.56,1.11,3.75,3.75,1.67,0.56,0.69,1.25,4.03,5.56,6.67,6.11,4.72,3.06,2.78,1.53,1.53,0.97,2.08,2.08,1.25,0.69,0.83,1.81,2.36,1.39,0.69,0.56,0.83,4.03,5.28,3.19,1.25,0.97,0.42,0.56,0.83,1.53,1.25,0.56,0.56,1.11,1.67
268551,"Valley Village","Neighborhood","CA",378,"Los Angeles-Long Beach-Anaheim",753899,6.4,7.09,7.44,8.26,7.91,5.23,4.3,6.63,9.07,8.84,5.23,2.21,1.86,2.91,4.07,5.93,6.4,7.44,7.33,5.58,5.23,5,6.51,6.63,5.23,3.72,2.44,1.98,1.51,1.4,1.51,1.86,3.37,5.12,7.91,6.74,6.63,6.74,8.72,8.84,9.3,9.19,8.95,6.28,3.6,3.95,4.65,6.74,7.09,7.67,7.56,7.44,7.56,6.98,7.09,6.16,5.93,5.47,5.58,6.16,5.12,5.47,8.02,9.53,10,9.77,9.42,7.91,7.09,6.05,6.05,6.05,7.09,7.91,7.21,6.28,4.77,4.53,4.07,5,4.77,5.93,8.26,9.77,10,9.77,8.72,6.98,6.05,6.28,7.33,8.72,8.95,9.19,8.37,7.21,4.53,4.42,5,6.63,8.26,8.02,7.44,6.16,6.51,6.28
27484,"Tujunga","Neighborhood","CA",379,"Los Angeles-Long Beach-Anaheim",753899,6.28,9.3,9.77,9.53,8.84,8.95,9.19,9.77,10,9.88,8.84,8.26,6.98,5.7,1.86,1.05,0.93,2.09,3.26,6.51,7.67,7.44,6.05,6.86,5.12,3.02,1.63,1.16,1.16,1.63,3.84,5.81,7.91,8.95,9.77,9.65,7.09,5,4.53,4.77,2.21,1.05,1.98,3.49,5.81,4.65,5.23,5.35,6.51,6.16,5.7,6.63,8.95,9.65,8.84,6.63,6.28,6.05,7.21,5.81,5.93,4.42,3.6,2.67,2.33,3.26,4.53,6.4,6.28,5.47,4.65,6.86,7.91,9.19,7.91,6.4,5.7,7.44,8.84,9.19,8.26,7.79,7.09,5.12,5.12,4.88,6.74,6.51,5,3.14,3.95,7.09,9.65,9.77,9.42,8.49,8.02,6.05,3.6,3.02,3.02,4.19,5.7,7.79,8.95,9.3
274804,"Northwest Colorado Springs","Neighborhood","CO",380,"Colorado Springs",394484,0.91,0.91,2.73,7.27,6.36,1.82,1.82,2.73,5.45,4.55,5.45,4.55,6.36,3.64,2.73,0.91,1.82,2.73,1.82,1.82,2.73,4.55,3.64,3.64,3.64,8.18,9.09,10,8.18,6.36,6.36,6.36,8.18,8.18,8.18,9.09,9.09,3.64,0.91,0.91,0.91,0.91,0.91,1.82,3.64,2.73,2.73,2.73,0.91,0.91,0.91,1.82,1.82,1.82,2.73,4.55,4.55,5.45,5.45,4.55,5.45,5.45,3.64,3.64,3.64,4.55,4.55,7.27,6.36,3.64,4.55,3.64,4.55,2.73,0.91,0.91,0.91,1.82,2.73,7.27,2.73,2.73,2.73,4.55,4.55,4.55,3.64,3.64,2.73,2.73,4.55,6.36,5.45,2.73,2.73,2.73,2.73,1.82,0.91,0.91,0.91,0.91,0.91,2.73,3.64,3.64
271583,"Spring Branch East","Neighborhood","TX",381,"Houston-The Woodlands-Sugar Land",394692,8.81,8.81,8.33,8.33,8.1,8.1,7.38,7.14,7.14,7.38,7.14,5.48,5.48,6.43,6.9,6.9,7.14,7.14,8.1,8.1,6.9,4.05,3.57,3.57,4.05,5,5.48,5.24,5.24,6.67,7.14,7.62,7.38,7.86,6.9,6.19,7.14,8.1,9.05,6.67,3.33,1.9,0.95,1.19,3.1,3.81,3.1,1.67,1.43,2.62,4.76,5.24,5.24,4.76,4.76,5.24,5.24,5.48,5.48,5.71,3.1,0.71,0.24,0.24,0.24,0.24,0.24,0.24,0.24,4.05,4.76,6.9,2.14,0.71,0.48,0.48,0.48,0.48,0.48,0.95,1.19,0.71,0.48,0.71,0.95,1.19,1.67,1.43,4.05,6.43,7.62,7.14,5,5,4.05,1.43,0.48,0.48,0.71,1.19,0.95,0.71,0.24,0.24,1.43,2.62
343428,"McCully-Moiliili","Neighborhood","HI",382,"Urban Honolulu",753924,9.09,10,10,10,10,8.18,7.27,8.18,9.09,9.09,9.09,8.18,10,10,10,10,9.09,8.18,8.18,7.27,4.55,5.45,6.36,7.27,7.27,6.36,5.45,7.27,7.27,8.18,4.55,2.73,1.82,1.82,2.73,3.64,3.64,4.55,5.45,10,10,8.18,6.36,9.09,9.09,10,9.09,9.09,8.18,7.27,9.09,9.09,9.09,8.18,6.36,3.64,4.55,4.55,2.73,4.55,4.55,6.36,7.27,8.18,8.18,8.18,7.27,8.18,8.18,8.18,7.27,6.36,6.36,6.36,7.27,3.64,2.73,3.64,3.64,1.82,1.82,1.82,4.55,7.27,8.18,7.27,6.36,4.55,3.64,3.64,6.36,9.09,8.18,7.27,6.36,2.73,0.91,0.91,3.64,6.36,5.45,4.55,1.82,2.73,2.73,4.55
203134,"Reynolds Corners","Neighborhood","OH",383,"Toledo",395160,4.17,3.33,2.5,2.5,1.67,3.33,10,9.17,3.33,0.83,0.83,0.83,0.83,3.33,5,8.33,7.5,3.33,3.33,5.83,6.67,5.83,3.33,0.83,0.83,1.67,2.5,2.5,2.5,0.83,1.67,2.5,3.33,2.5,1.67,2.5,3.33,3.33,3.33,3.33,4.17,4.17,1.67,0.83,0.83,0.83,1.67,3.33,2.5,0.83,0.83,1.67,5,4.17,7.5,8.33,8.33,7.5,5,3.33,2.5,2.5,4.17,5,4.17,2.5,2.5,2.5,4.17,5.83,7.5,6.67,5,4.17,4.17,7.5,6.67,5,2.5,2.5,3.33,5.83,4.17,5,5.83,7.5,7.5,8.33,8.33,7.5,8.33,9.17,8.33,7.5,8.33,7.5,7.5,7.5,8.33,9.17,7.5,5,5,8.33,8.33,9.17
270145,"North End","Neighborhood","MN",384,"Minneapolis-St. Paul-Bloomington",394865,10,8.89,5.56,7.78,7.78,10,10,8.89,4.44,2.22,2.22,2.22,3.33,3.33,2.22,2.22,2.22,2.22,5.56,4.44,6.67,10,8.89,10,8.89,7.78,7.78,6.67,5.56,3.33,3.33,5.56,7.78,6.67,2.22,2.22,3.33,5.56,3.33,3.33,7.78,10,10,8.89,7.78,2.22,3.33,5.56,6.67,4.44,4.44,3.33,4.44,4.44,6.67,10,10,8.89,7.78,8.89,7.78,7.78,5.56,4.44,4.44,4.44,4.44,4.44,5.56,6.67,8.89,3.33,3.33,2.22,3.33,4.44,4.44,7.78,8.89,10,10,8.89,7.78,8.89,6.67,6.67,5.56,6.67,6.67,7.78,10,10,10,8.89,7.78,6.67,7.78,8.89,6.67,6.67,7.78,7.78,7.78,8.89,7.78,8.89
21970,"Howard Beach","Neighborhood","NY",385,"New York-Newark-Jersey City",394913,6.81,7.35,8.05,8.14,8.41,7.96,7.43,6.73,6.37,5.58,5.93,4.07,2.57,1.77,1.59,2.04,2.65,2.74,2.74,3.01,3.45,3.19,3.36,2.65,2.21,2.83,3.27,3.1,3.27,3.19,3.54,3.98,4.25,6.11,7.43,8.94,8.58,8.23,7.79,7.79,8.14,8.5,6.11,2.74,0.62,0.44,0.35,0.18,0.09,0.09,0.09,0.09,0.71,1.33,2.04,3.63,4.25,6.55,6.37,5.58,4.87,3.01,2.74,2.12,2.83,2.57,2.92,3.72,4.42,3.72,1.77,0.71,0.44,0.71,0.8,0.62,1.33,3.01,1.86,0.88,0.44,0.88,1.68,1.59,2.74,4.69,6.99,7.35,7.26,4.78,3.63,3.01,3.19,2.74,2.74,2.92,3.63,3.98,2.65,2.04,1.24,2.48,3.54,5.49,6.11,6.55
403206,"Flatiron District","Neighborhood","NY",386,"New York-Newark-Jersey City",394913,8.32,8.85,9.12,9.56,9.56,9.56,9.56,9.03,8.94,8.41,8.32,7.61,7.7,7.08,7.43,7.61,7.88,7.96,5.13,2.57,2.12,5.22,7.35,7.35,4.34,2.74,3.72,5.04,7.17,6.02,5.04,4.34,5.49,6.55,7.26,5.84,5.93,6.81,7.7,8.41,8.41,7.61,7.7,8.5,9.03,9.38,8.76,7.88,7.08,7.35,7.26,7.26,7.52,6.73,5.84,5.58,7.17,8.23,8.23,8.5,8.32,8.67,8.58,8.5,7.88,6.28,3.89,3.36,3.63,3.45,3.54,4.34,5.31,4.51,1.15,0.18,0.09,0.09,0.35,1.77,5.66,8.41,8.23,5.75,4.6,1.86,1.42,0.53,2.3,5.22,7.88,8.76,8.5,8.23,6.28,4.34,2.65,3.19,3.36,3.45,3.63,4.16,5.04,2.48,1.86,2.21
275499,"Southwest Ada County","Neighborhood","ID",387,"Boise City",394399,6.67,6.67,10,6.67,6.67,6.67,3.33,3.33,3.33,3.33,3.33,3.33,10,10,10,6.67,6.67,6.67,10,10,6.67,6.67,10,10,3.33,3.33,3.33,6.67,6.67,6.67,6.67,6.67,3.33,3.33,3.33,3.33,6.67,3.33,3.33,3.33,3.33,6.67,6.67,6.67,3.33,3.33,3.33,3.33,3.33,3.33,6.67,3.33,3.33,3.33,3.33,3.33,3.33,3.33,3.33,3.33,3.33,3.33,3.33,3.33,3.33,3.33,6.67,3.33,3.33,3.33,3.33,3.33,3.33,3.33,3.33,3.33,6.67,6.67,3.33,3.33,3.33,3.33,3.33,3.33,3.33,3.33,3.33,6.67,6.67,6.67,6.67,6.67,6.67,6.67,6.67,6.67,3.33,3.33,3.33,3.33,3.33,3.33,3.33,3.33,3.33,6.67
276389,"Indian River","Neighborhood","VA",388,"Virginia Beach-Norfolk-Newport News",395194,4.57,6.52,8.04,3.91,2.17,2.39,5.43,9.57,9.78,9.57,6.3,5.22,4.57,5,5.65,5.65,6.3,6.3,6.52,5.43,3.7,3.7,3.48,3.7,3.26,3.91,5,6.52,4.35,3.04,2.39,3.7,5.22,5,3.48,2.83,3.26,3.91,4.35,6.3,7.83,8.91,8.91,9.13,9.35,9.57,8.26,5.87,5.22,3.91,5,4.57,4.13,4.57,4.13,4.35,5.87,8.26,7.61,6.74,5.87,6.3,5,5.43,4.13,4.35,4.13,4.57,4.13,4.57,5.87,7.61,8.48,8.26,8.48,8.26,6.3,6.09,5.87,6.96,8.04,8.7,9.35,9.57,9.78,9.35,8.26,8.26,9.78,10,9.57,8.91,8.7,7.83,6.74,6.52,5.65,6.74,7.17,8.04,8.26,9.13,9.13,9.13,8.91,8.04
152160,"Jones Creek","Neighborhood","LA",389,"Baton Rouge",394367,8.89,7.78,8.89,8.89,7.78,8.89,8.89,10,8.89,7.78,3.33,3.33,2.22,2.22,2.22,4.44,4.44,3.33,1.11,1.11,1.11,1.11,2.22,5.56,5.56,5.56,4.44,3.33,4.44,4.44,6.67,5.56,4.44,6.67,5.56,5.56,4.44,3.33,4.44,6.67,7.78,8.89,7.78,7.78,6.67,4.44,3.33,2.22,3.33,4.44,4.44,4.44,4.44,2.22,2.22,3.33,3.33,4.44,6.67,3.33,4.44,5.56,7.78,8.89,7.78,7.78,7.78,7.78,3.33,4.44,3.33,4.44,6.67,7.78,7.78,7.78,6.67,6.67,10,10,10,7.78,5.56,5.56,6.67,7.78,4.44,4.44,2.22,3.33,3.33,5.56,6.67,6.67,6.67,4.44,5.56,5.56,5.56,5.56,8.89,8.89,7.78,6.67,5.56,5.56
21885,"Holbrook","Neighborhood","NY",391,"New York-Newark-Jersey City",394913,6.46,6.81,5.04,3.19,1.86,1.33,2.21,3.72,6.28,7.52,6.46,5.4,1.86,0.97,0.53,0.71,1.06,0.97,1.06,1.68,3.72,5.75,6.02,5.58,5.93,3.54,1.95,0.62,0.8,1.15,0.8,0.35,0.62,2.21,5.84,4.34,6.19,6.55,6.73,5.84,4.42,2.12,1.33,1.5,2.12,1.86,2.57,3.45,4.34,4.51,3.19,2.48,1.42,1.06,1.5,1.5,2.04,1.95,3.01,4.07,1.86,1.33,0.88,2.3,4.16,3.54,1.68,1.24,2.3,4.07,5.22,5.13,6.46,7.52,7.52,5.31,2.83,3.63,4.25,6.19,5.49,5.4,5.66,6.9,7.43,7.88,7.88,7.79,8.14,8.67,8.41,7.7,4.69,5.4,7.43,8.85,8.94,9.38,9.47,9.47,8.94,8.23,8.58,8.76,8.85,8.23
268284,"Meadowview","Neighborhood","CA",392,"Sacramento--Roseville--Arden-Arcade",395045,4.55,3.64,6.36,8.18,8.18,9.09,6.36,6.36,6.36,6.36,4.55,5.45,6.36,5.45,6.36,8.18,9.09,9.09,4.55,4.55,2.73,3.64,4.55,3.64,2.73,1.82,0.91,0.91,0.91,1.82,2.73,2.73,8.18,10,10,10,10,10,9.09,9.09,8.18,8.18,8.18,8.18,7.27,4.55,2.73,4.55,6.36,7.27,10,10,10,9.09,5.45,4.55,1.82,1.82,3.64,8.18,9.09,10,9.09,10,9.09,9.09,9.09,7.27,5.45,4.55,4.55,1.82,0.91,1.82,1.82,2.73,1.82,1.82,1.82,2.73,2.73,4.55,7.27,7.27,9.09,10,9.09,7.27,3.64,0.91,0.91,0.91,0.91,0.91,0.91,0.91,0.91,0.91,0.91,1.82,2.73,2.73,2.73,2.73,3.64,5.45
270549,"Westgate Hts","Neighborhood","NM",393,"Albuquerque",394312,6.67,10,10,6.67,3.33,3.33,6.67,6.67,6.67,6.67,3.33,3.33,6.67,10,10,10,10,10,10,10,6.67,6.67,10,6.67,6.67,3.33,3.33,6.67,6.67,10,10,10,3.33,3.33,3.33,3.33,3.33,3.33,3.33,6.67,10,6.67,3.33,3.33,3.33,6.67,10,10,10,10,10,10,10,10,10,6.67,10,10,10,10,10,10,10,10,10,10,10,10,10,10,6.67,10,10,10,10,10,10,10,10,10,10,10,10,10,10,10,10,10,10,10,10,10,10,10,10,10,10,10,10,10,10,10,6.67,6.67,10,10
268409,"Pocket","Neighborhood","CA",394,"Sacramento--Roseville--Arden-Arcade",395045,1.82,2.73,4.55,3.64,3.64,5.45,10,8.18,7.27,4.55,2.73,3.64,2.73,3.64,3.64,3.64,4.55,4.55,8.18,8.18,5.45,6.36,7.27,10,10,7.27,5.45,5.45,3.64,3.64,3.64,3.64,4.55,4.55,4.55,4.55,3.64,3.64,4.55,6.36,2.73,0.91,0.91,4.55,9.09,9.09,9.09,7.27,10,10,9.09,9.09,8.18,8.18,9.09,8.18,8.18,8.18,10,10,10,8.18,7.27,5.45,1.82,1.82,3.64,5.45,10,10,10,9.09,10,10,10,10,10,9.09,7.27,7.27,8.18,10,10,10,10,9.09,10,10,10,7.27,7.27,9.09,8.18,8.18,9.09,10,10,10,7.27,3.64,5.45,8.18,9.09,9.09,8.18,8.18
270881,"Marine Park","Neighborhood","NY",396,"New York-Newark-Jersey City",394913,5.04,4.78,4.34,5.13,5.13,5.58,4.96,5.84,6.46,6.73,6.28,7.26,7.26,7.52,7.79,8.05,8.05,8.23,8.32,8.05,7.88,7.7,7.88,7.96,8.41,8.41,8.58,8.41,8.41,8.41,8.23,7.43,6.9,6.64,6.9,6.64,6.64,6.02,5.66,5.58,5.58,5.49,5.93,5.49,4.87,3.98,3.72,4.25,4.69,4.96,5.22,4.87,5.13,6.37,6.99,7.35,7.08,6.19,5.66,5.66,6.37,6.64,7.35,7.08,7.17,7.17,6.28,5.13,4.6,4.16,3.45,4.07,3.89,4.69,4.51,5.75,6.28,6.46,6.46,6.46,5.13,4.16,3.72,3.27,3.27,3.36,3.1,3.36,3.36,2.48,2.3,1.24,1.24,0.8,0.8,1.24,2.3,3.1,3.72,3.98,4.07,5.13,5.58,5.66,5.75,5.22
268489,"South Natomas","Neighborhood","CA",398,"Sacramento--Roseville--Arden-Arcade",395045,8.18,8.18,7.27,7.27,5.45,6.36,4.55,4.55,4.55,5.45,5.45,7.27,7.27,4.55,5.45,5.45,7.27,8.18,5.45,6.36,8.18,7.27,6.36,5.45,7.27,9.09,10,10,10,10,9.09,8.18,7.27,8.18,9.09,9.09,9.09,9.09,10,10,10,10,10,10,10,10,10,10,8.18,9.09,8.18,8.18,9.09,10,10,10,10,10,9.09,6.36,6.36,7.27,8.18,8.18,7.27,7.27,7.27,8.18,8.18,6.36,6.36,5.45,7.27,6.36,9.09,8.18,8.18,8.18,10,9.09,9.09,8.18,8.18,8.18,8.18,8.18,8.18,8.18,8.18,10,10,10,9.09,9.09,10,8.18,9.09,9.09,10,10,10,10,10,10,10,10
5568,"Lawndale","Neighborhood","PA",399,"Philadelphia-Camden-Wilmington",394974,5.32,3.87,4.03,4.52,4.03,3.55,3.71,4.52,5.32,5,6.61,7.58,8.06,7.1,6.61,6.45,7.58,7.74,8.55,7.58,8.87,6.94,6.94,4.35,4.68,3.23,5.32,5,6.29,7.74,8.71,9.68,8.23,5.16,3.06,3.06,4.68,5.48,5,2.42,4.03,5.81,6.13,4.52,3.23,3.71,2.74,3.55,6.13,8.06,7.58,6.61,7.1,7.26,6.29,4.68,4.19,6.29,8.23,9.19,9.03,9.19,8.87,8.71,7.58,6.94,6.45,5.16,4.52,4.03,4.19,3.23,4.68,4.68,5.97,6.94,8.06,9.19,8.55,7.26,6.61,6.29,5.97,7.1,6.94,6.77,6.77,7.26,7.9,6.29,5.81,5.16,5,6.61,7.58,7.9,6.77,6.94,7.58,9.03,9.03,8.71,8.39,8.06,7.26,7.74
267830,"Abbott Loop","Neighborhood","AK",400,"Anchorage",394327,3.33,3.33,5.83,8.33,7.5,5.83,3.33,3.33,5,8.33,10,10,10,10,8.33,9.17,9.17,9.17,9.17,10,10,9.17,6.67,9.17,9.17,9.17,8.33,8.33,8.33,6.67,5.83,5.83,4.17,7.5,9.17,10,9.17,8.33,9.17,7.5,10,10,10,9.17,7.5,7.5,9.17,10,10,9.17,8.33,8.33,9.17,9.17,10,8.33,9.17,8.33,9.17,8.33,8.33,8.33,9.17,8.33,9.17,10,10,8.33,7.5,7.5,7.5,7.5,6.67,10,9.17,7.5,6.67,5.83,5.83,6.67,8.33,7.5,5.83,5.83,5.83,9.17,10,10,10,10,10,10,10,9.17,7.5,7.5,7.5,6.67,7.5,7.5,5,5.83,7.5,9.17,9.17,10
275126,"Ramona","Neighborhood","CA",401,"Riverside-San Bernardino-Ontario",395025,10,10,8.57,7.14,7.14,6.43,10,10,10,9.29,7.86,7.86,8.57,8.57,2.86,5.71,6.43,10,10,9.29,9.29,8.57,9.29,10,10,10,10,10,10,10,8.57,6.43,4.29,5.71,6.43,3.57,2.86,4.29,5.71,5.71,6.43,7.14,9.29,10,9.29,10,10,10,9.29,10,10,10,7.86,7.14,4.29,5,5,6.43,10,10,10,10,10,10,10,7.14,7.14,7.14,6.43,4.29,4.29,3.57,4.29,7.14,9.29,9.29,9.29,10,10,5.71,5.71,7.14,10,10,10,10,9.29,9.29,8.57,9.29,7.14,7.86,8.57,7.86,7.86,5.71,5,4.29,7.14,7.86,8.57,8.57,8.57,8.57,7.86,7.14
140437,"South Chicago","Neighborhood","IL",402,"Chicago-Naperville-Elgin",394463,8.75,8.06,8.06,8.06,8.19,7.08,6.94,7.36,7.92,8.61,9.17,9.17,8.89,8.19,8.06,7.5,7.78,7.92,8.47,8.89,8.75,7.78,5.83,2.78,2.64,4.44,6.81,7.5,7.22,6.81,5,1.53,0.56,0.69,2.08,2.5,0.69,0.14,0.14,0.14,0.42,0.56,1.53,2.36,2.36,1.94,1.67,1.39,0.83,0.56,0.69,1.25,2.5,7.36,8.89,6.67,0.56,0.42,2.64,7.22,6.94,3.89,3.61,2.08,2.92,3.06,3.06,1.11,0.69,0.56,0.83,1.67,3.89,5.42,5.97,2.22,0.97,0.28,0.28,0.28,0.83,0.28,0.28,0.14,0.28,0.28,0.28,0.28,0.42,0.28,0.28,0.28,0.14,0.14,0.42,0.83,0.69,0.56,0.42,0.28,0.56,0.83,0.42,0.42,0.28,0.28
38888,"Harbor City","Neighborhood","CA",403,"Los Angeles-Long Beach-Anaheim",753899,10,10,9.53,7.67,2.79,1.74,3.84,5.47,4.53,2.56,0.58,0.23,0.35,0.35,1.05,0.93,1.05,1.28,1.63,1.05,0.93,1.4,3.84,7.67,10,9.65,7.09,4.42,2.67,3.02,3.14,4.65,8.02,9.3,10,9.88,9.53,8.84,5.58,5.23,4.19,3.95,2.21,2.79,2.44,4.53,3.95,1.98,2.09,2.33,3.26,0.93,0.47,0.23,0.47,1.16,1.98,1.4,1.28,1.16,2.09,2.56,1.63,1.16,1.98,2.91,5.93,5.35,5.47,5.12,6.63,5.93,5.35,6.4,6.4,7.56,7.56,8.02,8.26,7.33,6.05,4.19,4.88,4.88,3.72,1.98,2.09,2.44,3.49,3.6,4.42,5,6.4,7.44,7.56,6.74,6.51,8.84,10,10,10,9.42,5.35,3.37,6.05,7.79
207384,"Powellhurst Gilbert","Neighborhood","OR",404,"Portland-Vancouver-Hillsboro",394998,5.5,6,6.5,6,6.5,6.5,7.5,7.5,8,6,6,6,5.5,5.5,5,4.5,5,5,5,4.5,4,4,3,4,3,3,2.5,4,4.5,5,4,3,3,2.5,2.5,1.5,1.5,3,3.5,3.5,4.5,5.5,5,5,3.5,3.5,3.5,3,2.5,4.5,4.5,4.5,5,4.5,4,3,3,2,2.5,2.5,2.5,2.5,3,3.5,4,2.5,3,3.5,3.5,3,3.5,5,5.5,6,7.5,6.5,7,6,4.5,4.5,3.5,4,4,5,6,6,6.5,6,6,4,3,3.5,3.5,4,4,4,4,5,6,5.5,6,5.5,4.5,4,4,3.5
270815,"Clinton Hill","Neighborhood","NY",405,"New York-Newark-Jersey City",394913,1.06,0.71,0.62,0.8,0.97,1.95,2.48,2.65,0.97,1.06,1.33,3.19,3.81,4.96,6.11,6.28,6.55,6.64,6.9,7.17,6.19,5.13,4.25,4.16,4.87,5.49,5.84,6.37,6.37,7.26,7.79,7.52,7.61,8.05,8.23,8.32,8.67,8.58,8.23,8.23,7.96,7.79,7.08,4.87,4.16,4.51,6.81,6.46,6.81,7.26,6.9,5.84,6.73,7.88,8.23,8.32,8.23,5.75,4.34,2.12,3.36,4.69,7.08,7.26,8.23,7.79,7.26,7.43,7.43,7.43,6.81,7.26,8.14,8.67,8.76,9.03,8.76,8.67,8.41,7.7,6.81,5.66,6.55,6.99,7.08,6.46,6.55,6.28,6.02,5.66,6.19,6.64,6.37,6.37,5.49,6.46,5.84,5.13,5.13,6.81,8.14,7.61,7.17,6.19,6.46,6.37
272724,"Bethel","Neighborhood","OR",406,"Eugene",394576,2,2,2,2,4,6,8,8,8,8,8,8,8,6,6,8,8,6,8,10,10,6,6,6,6,6,8,8,8,8,8,8,8,8,8,8,8,10,10,8,6,4,2,2,4,6,4,4,4,4,6,8,8,8,8,6,6,8,10,10,10,10,10,10,10,10,10,10,10,10,10,10,10,8,10,10,10,8,8,8,8,10,10,10,10,10,10,10,10,10,10,10,10,8,10,10,10,10,10,10,8,10,10,10,10,10
251975,"South Tacoma","Neighborhood","WA",407,"Seattle-Tacoma-Bellevue",395078,2.94,1.18,2.35,7.65,9.41,7.06,3.53,0.59,1.18,1.18,3.53,3.53,3.53,2.94,2.35,1.18,1.18,2.94,7.06,6.47,4.71,2.94,4.12,4.12,5.88,4.12,1.18,0.59,0.59,1.18,1.76,4.71,4.12,3.53,1.76,1.76,4.12,4.71,5.29,2.94,1.18,1.18,1.18,2.35,3.53,4.12,4.12,4.71,4.71,4.12,2.94,2.94,2.35,1.76,1.18,1.18,1.18,4.12,5.29,5.88,5.29,5.29,4.71,2.94,1.76,0.59,1.18,1.18,3.53,3.53,2.94,1.76,0.59,0.59,0.59,2.35,1.76,1.18,1.18,2.94,3.53,4.71,4.71,3.53,2.94,2.35,0.59,0.59,0.59,1.76,5.29,6.47,8.24,7.06,6.47,6.47,7.06,7.65,6.47,4.71,3.53,5.88,7.65,10,9.41,9.41
125257,"Meadow Woods","Neighborhood","FL",408,"Orlando-Kissimmee-Sanford",394943,6,7,7,7,6,4,4,4,6,7,5,2,2,2,2,2,2,4,5,4,3,3,5,5,6,7,10,9,5,3,3,4,5,6,3,3,3,3,8,9,9,8,6,6,5,3,5,5,5,5,3,2,3,3,4,5,6,6,6,6,6,7,5,5,4,4,4,6,6,6,7,7,4,2,2,3,3,3,3,3,2,2,3,6,4,3,3,4,4,3,3,5,7,9,9,8,7,7,6,6,8,8,8,7,4,4
273478,"Douglaston-Little Neck","Neighborhood","NY",409,"New York-Newark-Jersey City",394913,0.71,0.88,1.15,1.5,1.95,1.42,0.97,0.97,1.15,2.21,2.83,3.81,3.54,4.07,4.6,5.22,5.31,4.96,4.96,5.31,6.64,6.11,5.31,4.78,5.13,5.31,5.22,5.84,5.49,5.58,5.93,6.02,6.37,5.4,4.96,5.22,7.43,8.85,9.03,9.56,8.58,7.96,6.55,6.9,5.58,2.92,1.5,0.8,1.77,1.24,3.63,4.42,5.22,3.27,2.12,2.21,4.78,7.52,8.14,6.9,3.98,2.3,1.33,3.36,3.54,1.86,0.71,0.62,0.97,2.74,3.89,4.42,2.48,2.12,2.3,2.65,2.74,3.98,2.65,2.57,2.39,2.83,3.63,3.63,3.1,1.15,0.97,1.33,0.97,0.8,0.71,0.97,2.12,2.92,3.89,4.51,4.96,3.72,3.19,1.24,1.33,1.15,2.39,3.01,3.89,3.54
272015,"West End","Neighborhood","WA",411,"Seattle-Tacoma-Bellevue",395078,4.71,5.88,4.71,1.76,1.18,1.18,1.18,1.76,0.59,0.59,0.59,1.18,1.76,0.59,0.59,0.59,0.59,0.59,0.59,0.59,2.35,2.35,2.35,1.76,1.76,2.94,4.71,4.12,4.12,2.35,1.18,1.18,0.59,1.76,2.94,3.53,4.71,4.12,4.71,5.29,5.29,5.29,5.29,5.29,5.29,4.71,4.71,4.12,3.53,4.71,4.71,4.71,4.12,4.12,4.12,5.29,4.71,4.71,4.12,1.76,0.59,0.59,0.59,0.59,2.94,5.29,5.29,2.94,1.18,1.76,1.76,2.94,3.53,4.12,4.12,4.12,3.53,4.71,4.12,3.53,2.35,1.76,1.76,1.76,1.76,2.94,3.53,3.53,3.53,2.94,1.76,1.76,3.53,4.12,5.29,7.06,6.47,6.47,8.82,9.41,9.41,7.65,4.71,2.94,2.94,3.53
195087,"Great Kills","Neighborhood","NY",412,"New York-Newark-Jersey City",394913,0.97,1.06,1.42,2.12,2.92,2.65,0.88,0.35,0.62,0.97,3.19,6.73,7.08,7.35,7.52,4.87,1.86,0.71,0.53,1.59,4.16,7.08,6.46,5.93,5.75,3.98,3.98,3.54,4.07,2.21,0.88,0.44,0.97,3.19,6.11,6.99,7.17,6.28,5.75,5.4,5.75,2.92,1.15,0.53,1.77,2.04,2.12,2.3,1.59,1.33,0.88,0.71,0.8,0.35,0.71,1.68,3.27,3.81,3.63,2.04,0.62,0.97,1.68,4.34,3.81,3.27,3.45,4.78,6.02,6.28,7.43,7.43,6.9,6.81,6.37,5.58,4.87,3.54,3.45,4.96,6.64,6.81,6.11,4.78,4.51,4.51,4.78,5.49,5.4,4.6,2.74,1.5,1.77,2.21,3.36,4.42,4.42,4.78,4.16,3.36,3.36,3.54,4.42,5.31,5.31,4.25
23991,"Cave Spring","Neighborhood","VA",413,"Roanoke",395028,10,5,5,5,5,5,5,5,5,5,5,5,5,5,5,5,5,5,5,5,5,5,5,5,5,5,5,5,5,5,5,5,10,5,5,5,5,5,5,5,5,5,5,5,5,5,5,5,5,5,5,5,5,5,5,5,5,5,5,5,5,5,5,5,10,10,10,10,5,5,5,5,5,5,10,10,10,10,5,5,5,5,5,5,5,5,5,5,5,5,5,5,5,5,5,5,5,5,5,5,5,5,5,5,5,5
276119,"Woodbridge","Neighborhood","CA",414,"Los Angeles-Long Beach-Anaheim",753899,3.14,4.65,5,4.42,2.91,3.6,3.14,1.86,1.51,2.33,3.95,4.3,2.79,2.09,0.93,0.7,0.58,0.47,0.23,0.81,2.67,7.91,8.37,8.49,8.72,7.79,8.49,8.37,8.95,9.65,9.65,9.53,9.19,8.26,7.79,8.6,9.3,9.3,9.3,8.14,7.21,7.33,6.63,8.02,5.35,5.47,4.77,5,1.86,1.63,1.63,3.95,6.28,5.81,4.3,2.67,3.26,4.19,6.16,6.98,6.51,7.09,7.79,8.37,8.26,7.33,7.21,7.09,7.79,7.33,8.37,8.37,7.67,7.33,7.33,8.14,8.49,8.14,8.02,6.51,5.58,3.6,2.91,4.53,5.93,8.14,9.19,9.88,10,9.88,9.88,8.26,7.79,6.05,4.65,4.65,8.49,9.19,8.84,5.81,4.42,4.3,4.77,5.7,6.63,5.35
15772,"Mercerville","Neighborhood","NJ",415,"Trenton",395164,10,10,10,10,10,7.5,5,2.5,5,7.5,7.5,7.5,5,5,5,5,5,5,2.5,2.5,5,7.5,7.5,7.5,7.5,7.5,7.5,10,10,10,10,10,7.5,7.5,7.5,7.5,5,2.5,7.5,7.5,7.5,5,7.5,7.5,7.5,5,5,7.5,7.5,2.5,2.5,2.5,2.5,2.5,2.5,7.5,5,5,2.5,5,2.5,5,7.5,7.5,7.5,5,7.5,5,2.5,2.5,2.5,5,7.5,5,5,5,5,2.5,2.5,7.5,7.5,5,5,5,5,2.5,5,10,5,7.5,5,7.5,7.5,7.5,7.5,5,5,5,5,5,5,5,5,7.5,2.5,2.5
192895,"Winchester","Neighborhood","NV",416,"Las Vegas-Henderson-Paradise",394775,5.92,6.53,6.12,5.71,3.27,0.41,2.24,3.27,7.96,8.16,7.55,7.55,8.78,8.98,8.57,8.98,8.16,7.76,7.35,7.76,7.14,7.35,7.35,7.96,9.18,7.96,5.1,2.45,1.63,2.45,4.9,8.16,8.16,4.9,2.04,1.02,0.82,0.61,0.82,0.61,0.41,0.2,2.24,4.9,4.69,4.08,2.24,1.22,0.61,0.41,1.63,2.24,4.49,3.27,3.06,2.45,2.24,2.24,2.86,3.06,1.63,2.04,2.24,6.53,3.47,1.84,1.63,2.04,2.86,3.27,3.47,4.08,2.45,3.06,2.86,2.86,2.65,2.86,3.47,2.45,2.04,2.04,4.9,4.9,4.29,3.27,3.27,3.27,3.47,2.86,2.86,3.47,3.88,3.88,4.69,8.16,9.18,8.98,7.55,4.29,3.88,2.86,2.86,2.45,2.04,2.24
126210,"South Bradenton","Neighborhood","FL",417,"North Port-Sarasota-Bradenton",753906,6.43,7.86,7.14,7.14,6.43,5.71,5.71,5,3.57,4.29,3.57,5,6.43,7.14,7.14,5.71,5,2.86,1.43,0.71,1.43,4.29,3.57,2.86,3.57,4.29,4.29,4.29,4.29,5.71,5,5.71,4.29,4.29,4.29,4.29,3.57,3.57,2.14,0.71,0.71,2.86,6.43,8.57,8.57,7.86,7.14,5,5.71,4.29,5,5.71,7.86,7.14,5.71,3.57,2.14,4.29,8.57,9.29,9.29,9.29,10,10,10,10,10,9.29,10,10,9.29,9.29,8.57,7.86,9.29,10,9.29,10,9.29,10,9.29,9.29,9.29,9.29,10,10,10,10,7.86,7.86,10,10,10,10,9.29,10,10,10,10,9.29,9.29,9.29,9.29,9.29,10,10
15191,"Highview","Neighborhood","KY",418,"Louisville/Jefferson County",394807,10,7.5,5,7.5,10,10,10,7.5,2.5,2.5,2.5,5,5,10,7.5,7.5,7.5,2.5,2.5,2.5,2.5,2.5,5,5,5,5,7.5,7.5,7.5,7.5,7.5,7.5,7.5,7.5,7.5,7.5,2.5,2.5,2.5,2.5,5,2.5,2.5,5,2.5,7.5,7.5,7.5,5,5,7.5,10,7.5,5,5,5,2.5,2.5,2.5,5,7.5,10,10,10,10,10,10,10,10,7.5,10,10,10,7.5,10,10,10,10,10,10,7.5,7.5,7.5,10,10,10,10,10,10,10,10,7.5,7.5,5,7.5,5,5,5,5,2.5,2.5,5,5,7.5,10,5
269973,"Creston","Neighborhood","MI",419,"Grand Rapids-Wyoming",394640,5,5,5,5,5,5,5,5,5,5,5,5,5,5,5,5,5,5,5,5,5,5,5,5,5,5,5,5,5,5,5,5,5,5,10,5,5,5,5,10,10,10,5,5,5,5,5,5,5,5,5,5,5,5,5,10,10,10,10,10,10,10,10,10,10,10,10,10,10,10,10,10,10,10,10,10,10,10,10,10,10,10,10,10,10,10,10,10,10,10,10,10,10,10,10,10,10,10,10,10,10,10,10,10,10,10
269615,"West Town","Neighborhood","IL",420,"Chicago-Naperville-Elgin",394463,0.14,0.56,1.25,1.94,2.64,2.22,2.92,2.5,2.22,1.67,1.39,1.39,0.56,0.42,0.28,0.97,0.83,2.08,0.83,2.36,3.89,6.39,7.08,6.53,5.14,2.64,2.64,1.94,2.36,2.36,2.78,3.06,3.89,4.17,4.44,5.14,5.83,6.67,6.94,6.53,6.81,6.81,6.67,5.56,4.72,4.17,4.44,6.11,6.11,6.81,7.5,8.33,8.61,8.47,7.92,8.19,7.64,7.22,7.5,7.78,8.33,8.33,9.58,9.58,9.58,9.31,9.17,8.75,7.92,6.81,7.64,8.75,8.89,8.06,7.22,7.64,7.92,7.78,6.81,6.81,7.78,7.64,7.5,7.78,8.75,8.61,8.61,7.64,7.64,8.47,8.89,7.64,7.36,6.25,5.97,6.39,5.56,4.17,4.03,4.31,3.47,2.92,3.19,3.19,3.19,2.92
273892,"Greenbrier East","Neighborhood","VA",421,"Virginia Beach-Norfolk-Newport News",395194,5.65,6.96,7.61,8.26,8.91,8.48,7.39,6.09,5.22,4.35,2.17,1.74,1.74,2.39,3.26,6.3,9.13,9.78,9.57,8.04,6.3,6.09,7.17,6.96,6.96,7.39,8.04,7.83,6.74,4.57,4.13,4.78,5.65,5.87,5.87,5.22,5.22,4.35,5.87,5.65,4.78,5.22,3.26,4.57,4.35,7.83,8.91,8.91,8.26,7.83,7.61,8.04,8.04,8.7,8.26,8.91,7.39,5.87,7.17,7.39,8.04,6.09,6.74,6.74,6.74,5.43,5.65,5,4.78,3.7,4.35,5.43,6.74,6.96,5.65,5.22,6.74,7.61,8.26,7.17,6.09,5.87,6.52,7.17,8.91,9.57,9.57,9.57,8.26,8.26,8.26,9.13,9.57,9.35,9.13,9.13,8.91,7.61,6.52,5.65,6.09,5.87,5.22,3.48,2.39,4.35
55477,"Brickell","Neighborhood","FL",422,"Miami-Fort Lauderdale-West Palm Beach",394856,6.42,7.61,8.36,7.46,6.87,7.16,8.36,8.81,8.81,7.31,5.22,4.03,4.18,4.78,5.37,5.37,4.18,3.28,2.99,3.28,3.73,5.22,4.93,4.48,4.93,5.37,5.67,5.22,4.63,3.43,3.28,3.28,3.58,4.03,3.88,3.73,3.28,3.28,3.43,3.88,2.54,2.24,0.9,0.9,1.19,1.49,1.79,2.84,2.84,2.24,1.64,1.19,1.49,1.49,1.34,1.04,2.09,3.43,2.84,1.64,1.04,1.04,1.04,1.04,0.6,0.3,0.3,0.45,0.75,1.04,1.19,1.94,2.39,2.39,2.39,1.94,1.19,1.19,1.04,1.49,1.49,1.04,1.04,1.19,1.79,1.94,1.94,1.49,1.19,1.34,2.09,2.54,2.99,2.84,3.43,3.58,2.84,2.69,2.69,2.39,1.34,1.04,0.9,1.94,3.13,4.33
118015,"Serra Mesa","Neighborhood","CA",423,"San Diego-Carlsbad",395056,6.9,7.59,8.97,8.97,9.31,9.31,8.62,4.83,3.45,3.45,7.24,8.28,9.31,8.62,9.31,8.97,8.97,8.97,9.31,9.66,9.66,10,10,10,10,10,10,9.66,8.97,7.59,8.28,6.55,5.86,6.9,7.93,9.31,7.93,8.97,8.97,9.66,8.97,5.17,3.45,2.07,2.76,6.55,9.66,10,10,7.59,7.24,5.17,4.83,6.55,8.62,9.31,10,7.93,6.9,5.17,5.86,6.9,6.9,6.55,6.9,7.24,7.93,7.24,7.93,8.28,6.9,6.55,6.55,6.9,5.86,5.86,6.9,6.9,7.24,8.62,9.66,8.62,7.93,7.59,7.59,6.9,6.9,8.28,8.62,9.66,8.28,3.79,3.1,3.1,5.52,2.41,4.14,4.83,5.52,5.52,4.83,5.52,6.21,8.28,8.62,9.66
269093,"Liberty City","Neighborhood","FL",424,"Miami-Fort Lauderdale-West Palm Beach",394856,7.91,8.06,6.87,7.01,6.42,6.12,4.93,6.27,7.31,7.76,6.57,5.22,5.22,5.37,5.82,7.91,8.06,7.61,6.12,5.67,4.63,4.78,3.13,3.43,5.07,6.12,5.52,3.88,2.39,1.94,2.84,4.03,6.27,6.42,7.01,7.01,7.16,5.97,4.93,2.99,4.63,5.22,8.21,7.91,7.46,6.27,5.07,4.48,5.97,8.21,9.4,9.4,8.81,9.7,9.4,9.85,9.85,9.7,9.55,8.96,7.01,7.31,6.87,8.81,8.51,7.91,6.12,7.16,7.76,9.25,8.66,8.36,7.61,7.16,5.22,5.82,5.97,8.36,8.66,8.96,8.81,8.81,9.25,9.7,10,10,9.7,9.25,8.21,6.57,4.63,4.63,4.63,6.12,7.01,7.91,9.1,8.96,8.96,8.96,7.16,5.37,4.03,4.33,4.78,5.67
243919,"Great Bridge","Neighborhood","VA",425,"Virginia Beach-Norfolk-Newport News",395194,3.26,3.91,4.57,4.78,5,4.78,3.91,4.57,4.35,5.43,5.65,5.43,5.87,6.74,6.74,7.17,6.74,6.74,6.96,6.74,6.74,7.17,6.52,6.3,6.3,6.09,6.74,6.3,6.52,7.17,8.04,8.04,7.39,6.74,6.09,6.3,5.65,6.09,6.52,7.39,7.39,6.96,6.96,6.52,6.3,6.74,7.61,6.96,6.74,6.52,6.3,5.65,6.3,5.43,5.22,5.22,4.78,4.13,3.7,4.78,4.35,5,5.87,7.39,7.61,8.04,7.39,6.52,5.87,5.65,5.65,6.09,5.87,5.65,5.43,6.09,6.52,6.52,6.09,4.78,3.7,4.13,5.22,4.78,5.43,5.87,6.3,7.17,6.96,6.3,4.13,3.26,2.39,2.39,3.26,5,6.96,7.83,8.04,7.83,7.83,7.61,7.39,6.3,6.3,5.22
273987,"Highland","Neighborhood","MN",428,"Minneapolis-St. Paul-Bloomington",394865,7.78,7.78,7.78,6.67,5.56,6.67,7.78,7.78,6.67,6.67,7.78,7.78,6.67,4.44,5.56,5.56,7.78,6.67,6.67,6.67,5.56,3.33,4.44,4.44,5.56,6.67,8.89,8.89,8.89,10,10,10,10,8.89,7.78,8.89,8.89,8.89,8.89,8.89,8.89,7.78,7.78,7.78,6.67,6.67,4.44,4.44,4.44,3.33,6.67,8.89,8.89,7.78,5.56,5.56,3.33,2.22,4.44,5.56,6.67,8.89,7.78,7.78,10,8.89,8.89,7.78,4.44,4.44,4.44,6.67,6.67,5.56,6.67,8.89,10,8.89,7.78,6.67,6.67,5.56,4.44,7.78,8.89,7.78,8.89,7.78,7.78,5.56,3.33,3.33,4.44,1.11,3.33,4.44,5.56,5.56,2.22,4.44,3.33,4.44,2.22,2.22,3.33,2.22
762078,"Brooklawn- St. Vincent's","Neighborhood","CT",429,"Bridgeport-Stamford-Norwalk",394415,5,5,5,5,5,5,5,10,10,10,5,5,10,10,10,5,5,5,5,10,5,5,5,5,5,5,5,5,5,5,10,10,10,10,10,10,10,10,10,10,10,10,5,5,5,5,5,5,5,10,5,10,10,10,10,5,5,10,10,10,10,10,10,10,10,5,5,5,5,10,10,10,5,5,10,10,10,10,10,10,5,5,5,5,5,10,10,5,5,5,5,5,5,5,10,10,10,10,10,5,5,5,5,5,5,5
276486,"Northwood","Neighborhood","CA",430,"Los Angeles-Long Beach-Anaheim",753899,5.35,2.56,1.28,4.65,5.58,5,3.6,4.19,5.7,8.6,8.37,6.28,5.35,6.74,8.49,7.21,8.37,9.3,9.77,7.79,3.37,1.98,2.91,6.4,6.28,5.93,4.53,5.81,6.4,7.67,8.72,9.65,10,9.88,9.3,6.4,2.44,1.16,0.93,1.74,2.44,3.14,3.49,4.53,5,6.86,6.74,6.4,6.74,7.21,7.79,7.09,6.74,6.4,5.7,5.47,5.35,7.21,6.98,7.56,7.79,9.07,9.3,8.26,5.7,3.49,2.79,2.33,1.86,2.67,3.14,4.42,6.51,8.14,9.65,9.65,9.3,9.19,9.07,8.14,6.98,5.12,6.4,6.63,8.6,8.26,8.6,8.49,8.26,4.3,1.86,2.09,2.91,4.19,4.77,5.12,5.7,3.37,4.07,4.42,5.7,5.35,6.05,3.6,1.74,1.63
206971,"Hazelwood","Neighborhood","OR",431,"Portland-Vancouver-Hillsboro",394998,9,8,8.5,9,9.5,8,5.5,2.5,3,3.5,4,5,6,7.5,7.5,6.5,4.5,3,4,5.5,5.5,6,5,6.5,6,6.5,6,7,8,8,8,6.5,4.5,6,9,8,5,1.5,1,5.5,6.5,2.5,1,1,1,2,3,5,6.5,7,6.5,5,4,4,4.5,6.5,6.5,5.5,4,3.5,4,3.5,4,4,5.5,6.5,6.5,7.5,5,4.5,3,3.5,4,4.5,5.5,7,8,7,6.5,6.5,7.5,8,8.5,7.5,6.5,5.5,5,5.5,4.5,5,6.5,6,5,5,6,8,8.5,7.5,6.5,6.5,7.5,8,7.5,6,5,6
276021,"Westgate","Neighborhood","NV",432,"Las Vegas-Henderson-Paradise",394775,8.78,9.18,8.78,8.78,8.57,8.37,8.57,8.98,8.98,9.18,8.98,8.37,5.31,3.47,2.65,2.86,2.86,2.45,2.45,2.04,2.04,2.65,3.47,4.9,4.49,3.88,3.27,3.27,3.88,5.1,6.53,7.76,6.12,6.73,7.76,7.96,7.76,7.35,7.55,7.96,7.35,7.55,7.14,6.94,5.31,3.88,4.69,5.1,6.33,7.14,6.94,6.12,3.47,3.06,2.45,3.67,4.08,3.67,2.24,1.63,2.04,4.29,8.37,7.76,7.14,6.94,7.96,6.94,4.29,2.86,2.45,2.86,3.47,3.47,4.08,4.29,3.06,3.27,2.86,3.27,3.06,3.47,3.27,2.86,2.24,2.24,3.06,2.86,3.06,2.45,1.63,1.84,2.04,2.86,3.88,4.08,4.29,4.08,4.29,4.69,4.9,3.47,3.06,2.86,3.06,3.67
23117,"Valley Station","Neighborhood","KY",433,"Louisville/Jefferson County",394807,7.5,10,7.5,5,5,7.5,7.5,10,10,7.5,10,10,10,5,5,5,5,10,10,10,10,10,7.5,7.5,7.5,7.5,2.5,2.5,2.5,2.5,2.5,2.5,2.5,2.5,2.5,5,10,10,10,10,7.5,7.5,7.5,7.5,5,2.5,5,5,7.5,7.5,5,5,5,7.5,2.5,2.5,5,5,5,2.5,2.5,2.5,2.5,2.5,2.5,2.5,2.5,2.5,2.5,2.5,2.5,2.5,2.5,5,2.5,2.5,2.5,2.5,2.5,2.5,2.5,2.5,2.5,2.5,2.5,2.5,2.5,2.5,2.5,2.5,2.5,5,5,7.5,5,7.5,7.5,7.5,7.5,10,10,10,10,10,7.5,10
274676,"Kew Gardens","Neighborhood","NY",434,"New York-Newark-Jersey City",394913,1.24,1.33,1.59,1.59,2.12,1.77,1.15,0.88,0.71,0.71,0.97,1.33,2.12,2.39,2.39,2.21,2.04,1.86,1.33,0.8,0.8,0.97,1.95,2.57,3.36,3.89,4.07,3.27,2.74,1.95,1.33,0.71,0.53,0.88,1.15,0.97,0.71,0.62,0.88,1.68,2.92,4.07,2.92,0.88,0.18,0.09,0.27,0.97,2.3,1.77,1.33,1.95,2.65,1.95,0.97,0.97,0.97,1.06,1.33,1.15,0.53,0.44,0.62,1.68,3.89,5.66,6.37,6.02,4.87,3.27,1.24,0.8,0.8,1.59,2.57,2.12,1.15,0.62,0.88,2.48,3.1,4.78,3.36,3.54,3.01,5.04,5.75,4.96,2.04,0.35,0.35,1.59,6.02,7.96,7.88,4.69,2.83,2.57,3.81,4.42,5.22,5.93,5.75,5.58,5.58,5.58
417134,"Disston Heights","Neighborhood","FL",435,"Tampa-St. Petersburg-Clearwater",395148,8.06,8.06,6.77,6.77,6.45,6.45,4.19,3.55,2.9,3.87,4.84,5.81,6.13,5.48,4.52,4.52,5.81,7.1,8.71,8.71,7.1,6.45,4.19,4.52,4.52,7.42,8.06,8.71,8.39,6.77,6.77,7.42,8.39,7.74,7.74,7.74,8.71,7.74,7.1,5.48,5.48,6.13,6.45,5.81,3.87,4.52,4.84,6.13,4.84,5.81,6.45,7.74,8.39,8.71,9.68,9.35,9.35,9.03,8.71,9.35,9.03,8.06,7.42,7.1,7.1,7.1,7.74,6.77,7.1,6.45,7.42,7.1,7.1,7.42,7.42,9.35,9.35,9.68,9.35,9.35,9.35,9.68,9.03,9.03,9.35,9.35,9.68,9.35,9.68,9.68,9.68,8.39,8.71,8.39,9.35,9.03,8.39,7.74,7.1,7.42,7.1,7.74,8.06,7.74,6.77,7.1
55788,"Elkhorn","Neighborhood","NE",436,"Omaha-Council Bluffs",394938,5,5,5,5,5,5,5,5,5,5,5,5,5,5,5,5,5,10,10,10,10,10,10,10,10,10,10,5,5,5,5,10,10,10,10,10,10,10,10,10,10,10,10,10,10,10,10,10,10,10,10,10,10,5,10,10,10,10,10,10,10,10,10,10,10,10,10,10,10,10,10,10,10,10,5,5,5,10,10,10,10,5,5,5,5,5,5,5,5,5,5,10,5,5,5,5,5,5,5,5,5,5,5,5,5,5
271936,"North End","Neighborhood","WA",437,"Seattle-Tacoma-Bellevue",395078,4.12,2.94,3.53,2.35,2.35,1.76,2.35,2.94,4.12,5.29,5.88,7.06,6.47,5.29,4.12,4.71,5.29,2.35,2.35,3.53,4.12,5.29,4.71,5.29,4.71,5.88,7.06,7.65,7.06,7.06,5.29,2.94,1.76,1.18,1.18,2.35,2.94,3.53,1.18,0.59,0.59,0.59,1.76,4.71,4.12,3.53,3.53,3.53,4.12,3.53,4.12,5.29,5.88,4.71,5.29,3.53,3.53,2.94,1.18,4.12,4.12,4.71,5.88,5.88,6.47,6.47,4.12,4.12,2.35,2.35,2.35,2.35,2.94,3.53,2.94,2.94,2.94,3.53,2.94,2.35,2.94,2.35,2.94,2.94,3.53,4.12,4.71,4.71,5.29,4.71,3.53,2.94,2.35,3.53,4.71,5.29,5.29,5.29,5.29,7.65,7.65,9.41,8.24,7.65,7.06,7.65
764286,"Valley Ranch","Neighborhood","TX",438,"Dallas-Fort Worth-Arlington",394514,7.1,7.1,5.16,2.9,2.26,2.9,2.9,1.61,1.29,0.97,1.29,1.94,1.61,1.29,1.29,2.58,4.84,4.84,5.16,5.16,4.19,3.55,4.52,6.45,7.74,6.45,4.84,3.55,4.52,5.16,8.06,8.06,8.06,7.74,7.1,5.48,4.52,3.55,5.16,6.77,4.19,4.19,3.23,5.48,5.48,6.77,6.45,6.45,6.13,7.74,8.71,8.71,8.71,8.71,7.74,7.1,6.77,5.48,5.48,3.87,3.55,4.19,5.48,8.06,9.03,8.06,7.1,7.1,7.1,7.42,8.39,7.42,7.74,7.74,7.74,6.45,6.77,6.77,7.1,6.77,6.77,6.77,6.77,6.13,6.13,6.45,7.74,7.42,6.45,5.81,6.13,6.13,5.81,3.55,2.9,3.23,3.87,5.81,4.19,5.81,5.81,5.16,4.84,3.87,3.87,5.48
56840,"West Islip","Neighborhood","NY",439,"New York-Newark-Jersey City",394913,2.04,4.51,6.11,7.26,5.4,3.36,0.71,0.53,1.42,3.36,7.79,8.14,7.88,6.37,3.81,1.06,0.53,0.35,0.27,0.27,0.53,2.65,5.49,4.87,3.72,2.12,2.74,3.19,2.3,1.06,1.15,1.86,3.27,3.98,3.98,3.54,3.63,3.19,2.83,1.86,1.59,1.42,0.71,0.27,0.27,0.62,1.86,4.16,4.78,5.49,5.13,2.57,0.44,0.18,0.27,1.15,1.06,0.8,0.53,0.71,1.5,1.42,0.35,0.18,0.09,0.09,0.18,0.35,0.62,1.06,1.68,1.33,0.97,1.5,2.04,2.39,2.92,4.16,5.13,3.89,4.51,4.07,4.51,3.89,4.25,5.93,6.81,6.9,6.99,6.99,7.26,6.73,6.28,6.73,7.7,8.5,8.76,8.94,8.76,9.03,7.35,7.7,7.79,8.67,8.76,8.41
19810,"Pacific Palisades","Neighborhood","CA",440,"Los Angeles-Long Beach-Anaheim",753899,0.58,0.93,5.12,7.79,8.95,9.3,8.37,7.21,4.77,5.12,6.51,8.49,8.6,6.51,3.84,1.98,1.51,1.05,0.81,0.58,1.4,3.6,4.19,2.91,2.44,2.67,3.02,4.3,4.3,4.88,2.21,1.28,1.05,1.98,3.6,3.02,1.63,1.51,1.86,4.65,6.86,8.14,8.49,7.91,6.86,6.74,6.63,7.44,7.33,6.4,7.09,7.56,8.49,6.16,6.51,5.93,6.74,4.65,3.02,2.21,1.63,1.98,2.56,3.49,5.35,4.3,2.33,1.4,0.81,0.81,0.93,1.4,1.28,0.93,1.16,1.16,0.81,0.58,0.47,0.81,1.28,0.7,0.7,0.58,0.81,1.51,1.74,0.93,0.7,0.81,1.63,2.56,1.28,1.05,1.05,1.28,1.4,1.16,1.05,1.4,2.21,3.02,3.26,2.33,1.63,1.74
26254,"Oakland Gardens","Neighborhood","NY",441,"New York-Newark-Jersey City",394913,2.21,2.65,2.74,3.01,3.63,3.89,3.54,3.19,3.27,4.25,4.51,4.25,3.89,4.69,4.69,5.04,5.4,5.31,5.31,5.49,6.73,6.55,5.66,5.22,5.66,5.93,5.93,5.93,5.58,5.75,6.02,6.28,6.11,5.22,3.45,2.92,2.92,2.48,3.72,4.69,5.93,4.69,1.06,1.06,2.3,6.64,7.26,6.73,6.37,4.34,2.21,1.33,1.86,1.86,2.83,1.95,2.48,3.63,5.49,7.52,7.7,6.46,5.75,4.78,4.78,4.69,4.6,3.81,1.95,0.53,0.27,0.35,1.42,1.33,0.97,1.33,2.39,5.4,5.58,7.17,6.73,8.32,8.76,9.03,8.94,7.61,4.34,2.04,1.24,0.71,0.53,1.33,2.48,4.07,4.42,6.02,6.55,7.17,6.55,6.99,6.55,5.58,4.16,2.92,3.01,3.1
273825,"Glassell Park","Neighborhood","CA",442,"Los Angeles-Long Beach-Anaheim",753899,9.3,9.42,9.42,9.65,9.88,10,9.88,10,9.19,3.26,0.47,1.63,7.79,9.65,8.72,3.95,2.33,4.3,6.74,6.86,3.14,3.02,3.02,5.58,7.44,8.26,7.56,2.79,0.81,0.35,0.35,0.35,0.7,2.33,8.02,9.19,9.77,8.72,4.77,2.67,5.12,6.98,7.79,7.67,8.14,8.49,7.44,8.49,8.14,8.72,6.86,3.26,1.51,1.98,2.09,4.53,7.33,9.88,10,9.3,7.44,5.35,4.77,5,4.53,4.65,6.51,9.07,9.88,8.37,3.72,1.05,2.09,4.07,5.7,3.49,2.79,2.56,5,6.63,6.51,4.65,5.35,6.05,4.19,1.86,1.86,1.98,1.63,1.74,2.44,7.44,8.26,9.53,9.19,8.02,3.49,3.72,5.47,4.19,1.86,1.86,2.09,3.72,2.67,2.67
276426,"Logan","Neighborhood","PA",443,"Philadelphia-Camden-Wilmington",394974,5.81,6.77,8.06,8.23,8.39,8.55,7.74,6.77,6.77,8.06,8.23,6.94,5.65,5.32,5.81,6.13,5.32,5.48,7.26,8.71,7.74,6.45,4.68,4.52,4.84,4.52,5.81,5.97,5.65,6.29,5.97,5,4.35,3.71,7.9,9.19,9.84,9.84,9.68,9.19,9.19,9.68,9.84,9.84,9.84,9.84,8.87,8.87,8.39,8.39,7.1,7.26,7.42,7.42,6.94,6.77,6.45,6.45,6.45,8.55,8.87,9.35,9.19,7.74,6.45,5.97,6.94,8.71,9.35,8.87,5.32,3.71,3.23,3.23,0.97,1.45,2.1,5.32,4.52,5.97,3.55,3.39,2.26,1.61,1.94,1.77,1.94,2.26,4.03,4.03,3.06,3.71,3.87,5.65,7.9,8.23,7.1,4.19,2.9,2.26,2.26,2.74,5.32,6.45,6.61,5.16
273653,"Eltingville","Neighborhood","NY",444,"New York-Newark-Jersey City",394913,3.01,3.19,2.21,0.88,0.53,0.62,1.77,1.68,2.21,1.5,2.12,2.04,5.93,5.04,3.01,1.24,0.27,0.27,0.35,0.97,1.95,1.5,1.59,2.3,3.1,3.19,2.92,2.21,2.04,1.42,1.42,0.88,1.68,2.83,5.22,5.93,5.4,4.6,3.98,3.27,2.57,2.21,1.68,1.95,1.15,1.06,1.68,3.54,4.42,3.27,1.59,1.77,2.04,1.77,0.88,0.71,1.86,4.96,8.41,7.96,6.55,6.19,6.81,6.02,2.65,1.15,2.04,4.16,4.96,5.75,6.37,7.88,8.05,7.88,6.9,5.49,3.1,2.04,1.15,2.83,4.69,6.28,6.9,6.64,6.64,6.02,4.25,4.42,3.89,5.13,4.34,3.36,2.3,2.57,2.65,3.98,4.07,3.45,2.92,3.63,3.81,5.22,5.66,6.28,6.28,6.28
33552,"Pueblo West","Neighborhood","CO",445,"Pueblo",395007,10,10,10,10,10,10,10,10,10,10,10,10,10,10,10,10,10,10,10,10,10,10,10,10,10,10,10,10,10,10,10,10,10,10,10,10,10,10,10,10,10,10,10,10,10,10,10,10,10,10,10,10,10,10,10,10,10,10,10,10,10,10,10,10,10,10,10,10,10,10,10,10,10,10,10,10,10,10,10,10,10,10,10,10,10,10,10,10,10,10,10,10,10,10,10,10,10,10,10,10,10,10,10,10,10,10
259317,"Cottonwood","Neighborhood","TX",446,"Dallas-Fort Worth-Arlington",394514,8.39,8.39,9.03,9.03,9.03,9.03,7.74,8.06,8.39,8.39,8.71,9.03,8.71,8.71,8.71,8.71,8.39,7.42,4.84,5.81,4.84,3.87,2.58,2.58,3.23,2.9,2.58,2.9,2.9,1.29,1.29,0.97,0.65,0.65,2.58,5.16,6.13,5.16,1.94,1.61,0.65,0.97,1.61,3.55,2.26,0.97,0.65,0.65,0.65,3.23,5.16,7.1,7.74,8.06,8.71,9.35,9.03,8.71,8.39,8.71,5.81,2.26,1.29,0.97,1.29,1.94,3.55,3.55,4.84,5.48,6.45,4.84,3.55,5.16,4.19,3.55,2.26,4.19,6.13,7.1,6.13,3.87,4.19,4.19,5.48,4.19,6.45,4.52,6.77,6.77,6.77,7.42,8.39,7.74,7.1,7.1,6.77,7.42,6.77,6.45,6.13,5.81,5.81,4.84,4.19,3.87
623416,"Flamingo Lummus","Neighborhood","FL",447,"Miami-Fort Lauderdale-West Palm Beach",394856,5.82,5.22,4.33,3.58,4.18,4.78,5.37,4.63,3.88,4.78,4.48,4.93,4.78,4.93,5.22,6.72,7.16,6.12,5.07,3.88,3.88,5.67,5.97,5.82,5.82,5.97,5.82,4.48,3.88,3.13,3.43,3.73,3.28,3.73,4.18,5.37,5.82,5.52,5.22,4.78,3.13,1.94,1.94,2.69,2.54,4.33,4.48,4.93,4.18,3.28,1.94,2.09,2.24,3.13,4.18,3.73,4.03,3.73,2.99,2.24,1.94,2.99,3.73,3.43,3.88,3.43,3.28,2.99,1.79,1.49,1.04,1.49,1.94,2.09,1.94,1.64,1.34,1.49,1.49,2.09,1.94,1.19,1.19,1.04,0.9,1.04,1.34,1.34,2.24,2.69,2.99,2.39,2.54,2.69,2.84,2.24,1.49,1.34,1.19,2.09,3.13,3.58,2.99,1.64,0.9,0.45
272836,"Back Bay","Neighborhood","MA",448,"Boston-Cambridge-Newton",394404,6.92,6.15,6.15,4.62,5.38,8.46,9.23,8.46,6.15,6.15,6.15,6.92,7.69,6.92,6.15,6.15,6.15,7.69,6.92,6.92,6.15,6.92,6.92,6.92,6.15,5.38,6.15,6.15,6.92,6.15,5.38,5.38,5.38,3.85,4.62,4.62,3.85,3.85,5.38,3.85,3.85,3.08,3.85,3.85,3.85,3.08,4.62,6.15,5.38,4.62,6.15,6.92,6.92,6.15,4.62,3.85,6.15,6.15,5.38,5.38,5.38,5.38,4.62,3.85,5.38,5.38,5.38,5.38,5.38,5.38,4.62,6.15,6.15,6.92,6.92,7.69,6.92,6.92,6.15,4.62,4.62,4.62,4.62,4.62,5.38,4.62,4.62,5.38,4.62,3.85,3.08,2.31,3.08,1.54,2.31,2.31,1.54,0.77,0.77,0.77,1.54,0.77,0.77,0.77,0.77,0.77
275405,"South","Neighborhood","CA",449,"Los Angeles-Long Beach-Anaheim",753899,4.65,4.07,5.81,6.86,7.79,8.37,8.26,8.02,8.14,7.33,7.44,7.91,5.81,5.93,6.28,6.16,6.98,8.14,9.07,9.3,9.19,9.19,9.53,9.65,9.77,8.84,8.84,8.84,8.26,7.44,6.86,7.67,8.37,8.49,9.19,8.95,9.19,9.53,9.77,9.42,9.53,9.53,9.65,9.42,9.07,9.19,9.19,9.19,8.6,8.49,8.26,8.72,7.67,7.56,7.44,8.14,8.37,7.79,8.26,8.26,8.95,8.6,8.6,8.14,8.14,7.44,7.79,8.49,8.95,9.07,9.3,9.53,9.77,9.77,9.77,9.88,9.53,9.53,9.19,8.95,9.42,9.77,9.88,10,9.65,9.65,9.07,9.3,8.84,9.53,9.77,9.65,9.77,9.88,9.88,10,9.88,9.53,9.3,9.3,9.77,9.65,8.95,8.14,8.49,8.49
761365,"North End","Neighborhood","CT",450,"Bridgeport-Stamford-Norwalk",394415,10,10,10,10,10,10,10,5,5,5,10,10,5,5,5,10,10,10,10,5,10,10,10,10,10,10,10,10,10,10,5,5,5,5,5,5,5,5,5,5,5,5,10,10,10,10,10,10,10,5,10,5,5,5,5,10,10,5,5,5,5,5,5,5,5,10,10,10,10,5,5,5,10,10,5,5,5,5,5,5,10,10,10,10,10,5,5,10,10,10,10,10,10,10,5,5,5,5,5,10,10,10,10,10,10,10
270964,"West Village","Neighborhood","NY",451,"New York-Newark-Jersey City",394913,6.11,6.19,6.19,6.19,6.73,6.73,6.9,6.81,6.81,6.55,7.26,7.08,7.61,6.81,7.26,7.08,7.17,6.73,6.46,5.93,5.84,6.37,6.73,7.88,8.23,8.76,8.5,8.5,8.5,8.5,8.32,6.9,6.02,5.93,5.04,6.11,6.11,6.73,6.37,6.64,7.26,7.88,8.32,8.58,8.58,8.32,8.58,8.41,8.14,7.17,7.43,7.17,7.08,7.35,7.26,7.26,7.35,6.28,6.11,6.37,7.79,7.79,7.88,7.35,7.26,7.35,6.73,5.66,5.13,4.25,3.27,3.27,3.63,4.6,5.75,6.37,6.99,6.73,7.17,6.73,5.75,4.6,3.89,4.16,3.89,5.22,6.73,7.88,8.58,8.76,8.67,8.05,7.17,6.02,5.84,5.31,4.78,4.6,2.83,2.12,1.59,2.12,1.24,0.88,0.35,0.53
275448,"South Norfolk","Neighborhood","VA",452,"Virginia Beach-Norfolk-Newport News",395194,4.35,3.48,3.91,2.39,2.61,1.96,1.74,1.3,2.39,6.09,9.35,9.13,6.74,5.65,4.78,7.61,6.09,6.96,5.87,6.09,4.57,5.22,5.22,4.78,4.13,3.26,3.48,2.61,2.83,2.39,3.26,2.83,2.39,1.96,2.17,3.48,4.57,5,6.74,6.09,3.26,2.17,2.17,4.35,5.87,6.3,4.57,4.13,3.7,3.04,1.96,2.61,2.61,4.13,5.87,6.96,7.61,7.83,8.04,6.96,4.13,4.78,5.22,5.22,3.26,2.83,3.91,5.87,7.17,5.87,3.48,2.83,0.87,0.43,0.87,1.52,3.04,4.13,3.91,6.3,6.74,6.3,5.43,6.96,8.7,8.91,8.48,8.48,7.83,8.04,7.83,7.61,8.91,8.48,8.7,8.91,9.57,10,10,8.91,6.52,4.57,4.13,4.13,5.22,5.65
275078,"Porter Ranch","Neighborhood","CA",453,"Los Angeles-Long Beach-Anaheim",753899,1.51,0.47,0.23,0.23,0.93,3.26,5.7,7.91,8.84,7.56,6.86,6.74,6.4,6.86,6.05,4.77,3.02,3.84,5.81,8.26,8.26,7.67,7.33,6.16,6.4,7.56,7.79,7.21,6.28,7.56,8.84,9.42,9.65,9.65,8.14,8.02,7.33,8.02,3.26,2.09,2.09,5.35,5.23,4.3,2.79,3.02,3.37,3.6,3.6,3.37,3.95,6.4,7.44,6.74,5.23,4.07,4.3,3.84,3.95,3.72,3.6,2.44,3.02,1.74,1.4,1.28,1.86,2.09,2.56,2.21,2.79,4.3,4.77,5.7,5.47,4.42,4.07,4.88,6.51,5.81,4.3,3.84,3.37,2.79,1.74,1.63,1.28,1.51,1.4,1.98,2.91,4.77,6.74,6.51,4.3,2.09,1.86,2.91,4.53,4.77,4.07,4.88,7.33,9.3,9.07,8.84
269612,"West Englewood","Neighborhood","IL",454,"Chicago-Naperville-Elgin",394463,9.03,8.89,8.19,8.33,8.61,8.61,9.44,9.31,9.31,9.44,9.86,9.58,9.44,9.17,9.44,9.58,9.03,8.47,8.33,8.75,9.31,9.58,9.72,9.44,9.03,9.03,9.17,8.89,8.47,7.92,8.19,8.61,7.64,5.56,0.42,0.14,0.14,0.28,0.56,0.97,2.08,6.94,8.89,8.19,4.17,1.53,1.39,1.11,0.42,0.69,0.83,1.11,1.67,2.36,4.31,3.33,5.83,2.78,7.64,6.39,6.39,2.22,2.36,5.56,8.19,9.58,9.72,9.72,9.58,9.44,7.92,9.58,9.86,9.72,9.72,8.89,8.33,7.36,3.47,1.94,0.69,0.69,1.39,4.03,6.25,5.42,3.61,2.78,2.08,1.39,2.08,2.5,5.14,6.39,8.61,10,10,9.72,9.72,9.58,9.72,9.86,9.86,9.86,9.86,10
271071,"Centennial","Neighborhood","OR",455,"Portland-Vancouver-Hillsboro",394998,7,7.5,7.5,7.5,7.5,5.5,6,7,7.5,7,5,3,1.5,2.5,3.5,5,6,7.5,8,6.5,5,5.5,6.5,6,5.5,3.5,4.5,3.5,5,4.5,5.5,5.5,5.5,6.5,7.5,7,8,8,8,8,8.5,8,7.5,7,7,4.5,4.5,5.5,6,6,7,6,6.5,6,6,5.5,5,5,5,4.5,4.5,5,5,5.5,4.5,4,4.5,4.5,4.5,4,5,7.5,9.5,10,9,9.5,9,8.5,8.5,7,8.5,9,9,9,9.5,10,10,10,10,9.5,8.5,9,9.5,10,10,10,10,9,9.5,9.5,10,8.5,8.5,8.5,9.5,9.5
753714,"Upper Kensington","Neighborhood","PA",456,"Philadelphia-Camden-Wilmington",394974,9.52,10,10,10,9.03,8.23,8.06,9.84,10,9.35,7.58,5.16,6.94,8.55,9.19,9.68,9.52,8.71,10,10,10,10,10,10,10,10,10,10,10,10,10,10,10,10,9.52,8.39,7.1,8.39,7.1,7.58,7.9,10,10,10,10,9.68,9.19,6.94,8.87,8.87,9.03,9.03,9.68,9.68,10,9.68,6.94,1.77,0.81,2.1,4.35,7.58,3.06,1.61,0.81,1.77,2.9,1.94,4.03,5.65,7.58,8.06,6.61,4.52,3.87,5.81,7.58,8.71,9.84,9.68,9.84,7.9,7.26,8.71,9.52,9.84,7.9,8.39,6.13,3.55,1.61,1.45,1.77,5.32,7.42,9.19,8.87,8.23,6.29,4.19,4.68,5.97,6.77,4.84,4.68,6.13
276653,"West Side","Neighborhood","NJ",457,"New York-Newark-Jersey City",394913,2.74,2.92,2.83,3.27,3.89,3.98,3.19,2.39,2.12,2.65,3.27,2.21,1.68,0.44,0.18,0.18,0.18,0.18,0.18,0.18,0.27,0.27,0.27,0.18,0.18,0.18,0.18,0.18,0.18,0.18,0.18,0.27,0.18,0.09,0.18,0.18,0.27,1.95,1.68,2.65,4.16,8.05,8.76,8.85,8.32,8.5,7.35,6.28,6.46,6.37,6.99,6.99,8.67,9.29,9.65,9.56,9.38,8.5,7.79,8.32,9.29,9.65,9.82,9.82,9.73,9.56,9.2,9.03,9.03,8.76,8.23,8.23,8.85,9.2,9.47,9.29,9.12,9.2,9.03,9.2,9.38,9.65,9.73,9.38,8.85,8.76,9.03,9.56,9.73,9.47,9.56,9.56,9.38,9.12,8.85,8.67,7.52,7.52,6.64,7.52,8.5,9.03,9.47,9.82,9.91,9.91
268491,"South of Market","Neighborhood","CA",458,"San Francisco-Oakland-Hayward",395057,10,10,10,10,10,10,10,10,10,10,10,10,10,10,10,10,10,10,10,10,10,10,10,10,10,10,10,10,10,10,10,10,10,10,10,10,10,10,10,10,10,10,10,10,10,10,10,10,10,10,10,10,10,10,10,10,10,10,10,10,10,10,10,10,10,10,10,10,10,10,10,10,10,10,10,10,10,10,10,10,10,10,10,10,10,10,10,10,10,10,10,10,10,10,10,10,10,10,10,10,10,10,10,10,10,10
271950,"Northwest","Neighborhood","WA",459,"Spokane-Spokane Valley",395113,6.25,6.25,6.25,6.25,6.25,6.25,8.75,8.75,8.75,8.75,8.75,8.75,7.5,7.5,8.75,8.75,8.75,8.75,8.75,8.75,10,8.75,8.75,8.75,6.25,5,5,5,6.25,5,6.25,6.25,5,3.75,3.75,5,3.75,7.5,5,8.75,6.25,6.25,6.25,8.75,6.25,6.25,5,5,6.25,6.25,6.25,6.25,7.5,7.5,8.75,8.75,7.5,7.5,8.75,8.75,8.75,10,10,10,10,10,10,8.75,10,10,10,10,10,10,10,10,10,7.5,8.75,6.25,7.5,7.5,10,10,10,10,10,10,10,7.5,7.5,7.5,6.25,6.25,6.25,8.75,10,8.75,8.75,8.75,8.75,7.5,6.25,6.25,7.5,6.25
275520,"Springlake, University Terrace","Neighborhood","LA",460,"Shreveport-Bossier City",395096,5,6.67,8.33,8.33,8.33,8.33,8.33,8.33,10,10,10,10,10,8.33,6.67,6.67,8.33,8.33,8.33,8.33,6.67,5,6.67,6.67,8.33,6.67,8.33,8.33,10,10,10,8.33,5,5,3.33,3.33,3.33,3.33,1.67,1.67,1.67,1.67,1.67,1.67,1.67,5,1.67,3.33,5,5,6.67,6.67,8.33,6.67,8.33,8.33,8.33,6.67,3.33,6.67,8.33,10,10,10,10,8.33,8.33,6.67,6.67,6.67,10,6.67,5,6.67,6.67,8.33,8.33,8.33,8.33,6.67,1.67,1.67,1.67,1.67,1.67,3.33,5,5,5,5,5,1.67,1.67,3.33,3.33,3.33,3.33,5,6.67,6.67,8.33,8.33,8.33,5,5,1.67
195088,"Great Neck","Neighborhood","VA",461,"Virginia Beach-Norfolk-Newport News",395194,9.13,9.35,9.78,9.57,9.13,5.65,4.57,3.7,3.26,3.04,2.61,2.39,3.48,4.57,7.83,8.48,8.7,7.17,7.39,8.26,8.91,8.91,9.13,8.48,7.39,5.87,6.09,6.96,7.39,7.61,7.83,7.83,8.26,7.83,7.83,8.26,8.48,8.7,8.7,8.91,9.57,9.78,9.78,9.57,8.7,7.61,5.65,4.78,4.13,4.78,4.78,5.22,3.7,3.26,2.17,2.61,4.13,6.52,8.91,9.13,9.35,6.96,4.35,3.7,4.35,5.22,7.61,7.39,6.3,4.78,4.57,4.57,4.13,3.7,3.48,5.43,7.39,8.26,7.83,5,3.04,3.91,5.65,7.39,7.61,8.26,8.91,8.91,8.7,6.74,4.78,3.04,1.52,1.3,1.52,3.04,4.57,4.78,5.87,6.3,6.96,6.96,6.96,6.09,4.13,2.39
763457,"I-240 Corridor","Neighborhood","OK",462,"Oklahoma City",394935,5,5,5,5,5,5,7.5,7.5,5,5,5,5,2.5,5,7.5,10,7.5,7.5,5,2.5,2.5,2.5,2.5,2.5,2.5,2.5,2.5,2.5,2.5,2.5,2.5,2.5,2.5,5,2.5,2.5,2.5,2.5,2.5,2.5,2.5,2.5,2.5,2.5,2.5,2.5,2.5,2.5,2.5,2.5,2.5,5,7.5,2.5,2.5,7.5,5,5,5,2.5,2.5,2.5,2.5,5,5,10,7.5,5,2.5,2.5,5,5,5,5,7.5,2.5,5,7.5,7.5,10,10,7.5,7.5,7.5,7.5,7.5,7.5,7.5,7.5,7.5,7.5,5,5,5,5,5,5,5,2.5,2.5,2.5,2.5,7.5,5,5,5
764288,"Rancho La Costa","Neighborhood","CA",463,"San Diego-Carlsbad",395056,3.79,4.83,4.83,4.14,2.76,2.41,4.14,5.86,7.59,6.9,6.55,5.52,4.83,4.83,5.17,6.9,6.9,5.86,3.79,3.79,4.14,5.86,8.28,8.62,8.28,6.55,6.9,8.97,9.31,10,6.9,4.48,3.79,3.79,4.83,6.55,6.21,5.86,6.55,5.52,5.17,6.55,6.21,5.86,6.21,5.17,5.86,5.52,5.52,3.79,3.45,4.14,4.14,3.45,2.41,2.41,4.48,5.86,4.83,4.48,4.14,4.14,4.83,4.48,3.79,3.1,3.45,3.79,3.1,2.76,3.45,3.45,4.48,3.1,3.1,2.76,3.45,3.79,3.79,2.76,2.76,2.76,3.1,3.45,5.86,6.21,5.86,5.86,5.86,4.83,4.48,2.76,3.79,4.14,4.48,3.79,2.41,3.1,4.48,4.14,4.14,3.79,4.83,5.17,4.14,3.45
272773,"Anthem","Neighborhood","NV",464,"Las Vegas-Henderson-Paradise",394775,0.41,0.41,0.61,0.61,1.22,0.82,1.63,1.43,1.63,1.22,1.22,0.61,0.82,1.22,0.82,1.02,1.43,2.24,2.24,1.63,1.43,1.22,2.65,2.86,2.65,3.27,4.08,4.9,4.49,4.49,3.67,2.45,2.24,2.24,2.24,2.24,2.04,1.63,2.24,2.45,2.24,2.45,2.04,1.02,0.61,0.61,0.41,0.82,0.82,1.02,1.02,1.02,1.63,1.22,1.02,1.22,0.82,0.82,1.02,1.02,0.82,1.02,1.22,1.63,1.63,1.22,1.43,1.43,0.82,0.82,1.02,1.02,1.22,1.43,1.63,1.63,2.04,2.24,1.84,1.43,1.22,1.22,1.02,1.02,1.22,1.22,1.43,1.84,1.63,1.02,0.82,1.02,1.22,1.63,2.24,2.86,3.06,2.86,2.65,2.86,3.67,4.08,3.47,3.06,2.24,2.04
403122,"Brooklyn Heights","Neighborhood","NY",465,"New York-Newark-Jersey City",394913,3.63,3.81,2.92,2.65,3.27,4.16,5.13,5.66,4.78,4.69,4.96,5.75,5.04,3.54,3.19,3.01,3.1,3.19,3.45,3.72,2.83,2.74,3.01,3.36,2.92,2.21,2.12,1.77,1.68,2.04,2.48,2.39,3.89,4.16,6.37,5.31,6.28,7.52,8.41,8.67,9.47,9.47,9.47,9.29,8.85,8.05,7.17,7.7,7.96,8.5,8.23,8.05,7.61,8.32,8.58,7.88,5.66,4.87,4.69,6.64,8.05,8.05,7.7,7.7,8.05,7.7,5.66,4.07,3.01,2.92,3.1,4.6,4.69,6.37,7.43,8.67,8.5,7.61,5.93,5.4,4.78,4.25,4.42,5.4,5.84,4.07,3.98,3.63,5.93,6.37,7.17,7.52,8.14,8.32,6.9,3.81,4.16,4.25,5.66,6.55,6.9,7.17,6.73,5.75,5.4,4.51
210763,"Frankford","Neighborhood","PA",466,"Philadelphia-Camden-Wilmington",394974,9.35,8.55,7.42,5.97,7.1,7.9,9.52,9.68,9.19,9.52,9.84,10,10,10,10,9.52,8.39,7.42,6.45,5.32,5.97,4.84,4.03,3.39,7.74,9.52,9.84,9.52,9.35,7.58,6.94,5.97,6.61,8.23,8.23,8.06,8.71,5,3.55,2.26,5.32,6.45,7.26,6.45,5.81,2.42,2.9,3.87,8.06,5.97,5.16,3.55,3.71,6.29,8.23,8.71,7.74,5.16,2.74,1.29,1.94,4.84,6.77,6.61,3.71,1.45,0.81,0.97,1.13,3.55,6.13,5.81,2.58,1.94,2.58,6.45,6.94,6.45,4.03,3.55,2.74,3.06,3.06,3.39,2.58,3.39,2.42,2.74,2.58,2.74,2.74,2.58,2.58,2.74,3.23,3.39,3.39,4.03,3.87,3.39,5.65,7.1,7.42,6.94,5.48,5
26061,"Nanuet","Neighborhood","NY",467,"New York-Newark-Jersey City",394913,2.48,1.95,1.33,1.15,0.8,1.15,1.33,2.04,2.83,3.81,4.69,6.28,6.28,4.16,2.57,3.36,4.42,5.4,5.04,4.34,3.98,5.04,5.75,8.14,7.52,7.96,6.81,7.08,6.55,6.64,6.37,6.37,7.7,8.41,8.58,7.79,6.9,5.84,4.96,4.42,3.89,3.98,4.34,1.33,0.88,0.8,4.6,6.11,5.84,4.87,3.01,3.63,3.45,3.01,1.15,1.24,1.95,3.45,4.78,3.98,1.95,0.62,0.27,0.53,0.97,2.12,1.95,1.42,1.42,2.3,2.57,2.04,2.39,2.65,4.87,3.36,3.63,1.59,3.81,4.51,7.17,7.17,7.88,6.81,7.52,8.14,8.58,8.14,6.55,3.36,2.83,5.04,7.61,8.94,9.29,9.2,8.85,7.96,7.08,5.66,4.87,5.66,7.7,7.96,8.14,7.79
36256,"San Luis Rey","Neighborhood","CA",468,"San Diego-Carlsbad",395056,2.76,1.38,2.41,3.1,4.14,5.52,6.9,7.59,8.62,8.62,7.93,6.21,5.86,5.17,4.48,3.45,3.1,4.48,7.24,7.24,6.9,6.55,6.9,5.52,5.17,5.86,7.59,8.28,8.62,8.97,7.24,7.24,8.62,10,10,10,9.31,7.93,7.24,7.93,7.59,8.62,8.28,8.28,9.31,10,8.62,6.55,3.79,4.83,5.52,6.9,6.55,8.97,8.97,9.66,9.66,10,10,9.66,9.66,9.66,7.93,5.52,5.17,6.55,7.24,7.59,6.21,5.52,7.24,7.93,8.28,8.97,8.97,8.62,8.28,8.97,9.31,9.66,8.28,5.52,3.45,3.1,2.41,1.72,1.72,1.72,2.41,3.45,4.14,6.21,6.55,6.21,3.45,2.76,1.38,1.38,1.03,2.41,3.79,4.83,5.86,6.9,7.24,5.86
753808,"Rittenhouse","Neighborhood","PA",469,"Philadelphia-Camden-Wilmington",394974,1.61,2.58,5.16,5,4.35,3.23,2.58,1.45,0.97,1.45,2.42,5.97,4.35,1.94,1.61,2.1,3.55,3.23,4.35,6.45,8.55,8.55,6.29,6.45,6.61,6.77,7.42,7.1,7.26,7.1,7.26,6.77,6.94,7.42,6.13,5.97,5.16,4.68,5.65,5.32,6.45,8.87,9.52,9.68,9.35,7.1,5.81,5.32,6.29,6.29,5.65,4.84,4.68,6.45,7.1,6.94,5.97,3.06,2.9,4.19,5.65,7.1,8.06,5.65,2.42,0.65,0.32,1.13,3.71,4.84,2.42,0.97,0.65,0.81,2.26,4.68,5.97,4.84,2.9,1.77,1.29,0.97,1.29,1.29,1.29,1.45,1.45,1.45,1.77,1.94,1.45,0.32,0.65,1.29,1.94,2.42,2.58,1.77,1.13,0.48,0.48,0.65,0.48,0.97,0.97,1.61
200500,"East Toledo","Neighborhood","OH",470,"Toledo",395160,3.33,2.5,3.33,3.33,3.33,5,6.67,6.67,9.17,10,10,8.33,6.67,0.83,0.83,2.5,4.17,8.33,10,10,10,10,10,10,10,9.17,9.17,9.17,10,10,9.17,9.17,10,10,10,10,10,10,10,8.33,9.17,9.17,10,9.17,9.17,8.33,9.17,10,10,10,10,10,10,10,9.17,9.17,10,10,9.17,8.33,7.5,10,10,10,9.17,9.17,10,10,9.17,5,3.33,4.17,6.67,8.33,7.5,6.67,5.83,2.5,4.17,5,10,10,10,9.17,10,10,10,10,10,10,9.17,8.33,6.67,4.17,1.67,2.5,4.17,6.67,9.17,8.33,2.5,1.67,1.67,1.67,0.83,0.83
271305,"Braeswood Place","Neighborhood","TX",471,"Houston-The Woodlands-Sugar Land",394692,7.62,8.57,8.1,8.1,7.62,5.71,2.62,2.14,2.62,4.29,4.52,4.52,3.57,3.33,5.24,5.71,5.71,4.29,5.24,6.67,7.62,6.19,4.05,1.43,0.71,0.48,0.71,0.71,1.43,2.38,5.24,5.48,5.24,6.67,6.19,5.95,5.24,3.81,3.33,5,8.57,9.76,9.05,6.43,5.48,4.76,4.76,7.38,8.33,8.57,9.29,9.52,9.76,9.05,7.86,6.19,3.57,1.19,1.19,1.43,3.33,6.19,7.14,9.05,7.14,6.67,4.76,3.57,1.19,1.19,2.38,3.1,3.81,2.14,1.67,0.95,0.95,0.95,0.95,1.19,1.43,2.38,2.38,4.05,6.19,7.38,7.86,6.9,5.48,3.33,1.67,1.67,1.9,1.67,2.14,3.33,3.1,2.14,1.67,1.67,1.9,2.62,2.62,1.9,0.71,0.48
271832,"Central","Neighborhood","WA",472,"Seattle-Tacoma-Bellevue",395078,8.24,8.82,7.06,4.71,4.12,2.94,4.12,4.71,2.94,2.35,1.18,0.59,0.59,1.18,1.18,1.76,2.94,4.12,4.12,2.35,0.59,0.59,0.59,2.35,2.35,1.76,2.35,3.53,3.53,4.71,3.53,2.35,2.35,2.35,2.35,0.59,0.59,1.18,1.76,1.76,1.76,1.76,0.59,0.59,0.59,1.76,2.35,1.76,1.18,1.18,0.59,0.59,1.18,1.18,0.59,1.76,2.35,1.76,1.76,2.94,3.53,3.53,5.29,5.29,5.29,4.71,5.88,5.29,5.29,4.71,5.29,5.29,5.29,5.88,5.88,5.88,5.88,5.29,4.71,4.12,5.29,5.29,5.29,5.29,5.29,5.29,5.29,5.88,6.47,7.06,7.65,8.82,9.41,10,10,10,8.24,9.41,10,10,10,10,8.82,5.88,6.47,7.06
274760,"Northampton","Neighborhood","VA",473,"Virginia Beach-Norfolk-Newport News",395194,9.78,9.57,8.7,5.87,3.91,2.61,2.39,1.96,1.52,1.52,1.96,4.35,5.65,6.3,6.09,4.78,4.13,3.04,3.7,5,6.52,4.35,2.83,1.3,0.87,0.65,0.65,0.87,3.7,4.13,5.22,5,5.87,5.43,4.78,4.57,5,3.7,3.04,1.96,1.96,1.52,1.3,1.52,1.52,3.26,5.87,8.26,8.91,8.48,3.7,1.52,1.74,5,7.83,9.13,8.48,6.3,5.43,4.35,5.65,5.65,6.96,6.52,6.96,7.39,8.26,6.96,5.22,3.91,5,4.35,3.7,2.17,2.17,3.91,5.87,6.3,4.57,3.04,2.61,3.48,4.78,4.57,5,5.65,6.09,5.43,4.13,3.48,3.91,4.78,4.35,4.13,4.13,5.65,6.52,5.22,4.13,4.13,3.26,2.83,3.04,5.22,5.65,8.48
273889,"Green Valley South","Neighborhood","NV",474,"Las Vegas-Henderson-Paradise",394775,5.31,4.49,2.86,4.29,3.67,4.08,4.08,5.1,6.12,6.33,5.92,6.53,6.33,6.12,3.06,0.82,0.41,0.61,1.22,3.27,6.53,5.71,5.51,5.1,8.16,9.39,9.59,9.59,8.57,5.51,1.43,5.1,8.37,9.8,9.8,9.39,8.78,8.57,8.57,8.57,9.18,8.98,9.39,9.59,9.59,8.98,7.76,7.55,7.14,7.35,6.53,6.94,7.35,8.16,8.98,8.16,7.76,7.55,7.14,6.33,5.51,5.1,3.06,2.86,4.49,5.31,7.35,7.96,8.57,8.78,8.57,7.55,6.12,7.35,8.78,8.57,9.18,8.78,8.98,8.78,7.96,6.73,5.31,3.47,3.06,3.06,3.47,4.69,4.9,5.92,6.33,7.14,7.14,6.12,4.29,4.29,5.1,5.71,5.1,3.47,3.06,6.73,8.98,9.18,9.39,8.78
273537,"East Central","Neighborhood","UT",475,"Salt Lake City",395053,10,10,10,6.67,6.67,6.67,3.33,3.33,10,10,10,6.67,6.67,6.67,10,10,10,10,10,10,10,6.67,6.67,3.33,6.67,10,10,10,10,10,6.67,6.67,6.67,10,10,10,10,6.67,3.33,3.33,6.67,6.67,6.67,10,10,10,10,10,10,10,10,10,6.67,6.67,10,6.67,6.67,10,10,10,10,10,6.67,6.67,6.67,6.67,10,10,10,10,10,6.67,6.67,6.67,6.67,6.67,6.67,10,10,10,6.67,6.67,3.33,10,10,10,10,10,10,10,10,10,10,10,10,10,10,10,6.67,3.33,3.33,3.33,3.33,3.33,6.67,6.67
235537,"Meyerland Area","Neighborhood","TX",476,"Houston-The Woodlands-Sugar Land",394692,3.1,6.43,7.62,3.81,0.95,1.67,5,7.62,7.86,7.62,8.1,7.62,6.9,4.76,2.14,1.19,3.81,6.9,7.86,7.14,5.95,7.62,7.14,6.19,6.43,7.14,8.57,9.76,8.81,8.33,7.38,7.14,6.9,5.48,4.29,2.38,2.86,4.05,5.71,3.33,1.67,0.48,1.43,1.43,2.62,1.9,1.9,2.38,3.81,3.57,3.33,3.1,3.81,2.86,2.14,3.57,5.71,5.71,3.81,3.33,3.81,4.76,3.57,1.67,0.95,1.43,1.43,1.19,3.33,2.14,1.9,1.19,0.24,0.24,0.24,0.24,0.24,0.71,0.71,0.71,0.24,0.24,0.24,0.24,0.24,0.71,1.9,1.9,3.33,3.57,0.71,0.24,0.24,1.19,1.43,0.48,0.24,0.24,0.24,0.24,0.71,1.19,1.67,1.67,1.67,0.95
753795,"South Perry","Neighborhood","IN",477,"Indianapolis-Carmel-Anderson",394705,4.29,4.29,4.29,4.29,4.29,4.29,5,5,5,5,4.29,4.29,4.29,4.29,4.29,3.57,4.29,4.29,5,5,4.29,4.29,3.57,3.57,3.57,3.57,3.57,3.57,3.57,4.29,3.57,2.86,2.86,2.86,2.86,3.57,3.57,4.29,3.57,6.43,7.86,8.57,7.14,7.14,5.71,5.71,5.71,4.29,3.57,3.57,4.29,5,6.43,6.43,6.43,7.14,5,5,5.71,5.71,6.43,5.71,5,5,5,5,2.86,2.14,0.71,1.43,1.43,2.86,6.43,7.14,8.57,9.29,10,9.29,9.29,9.29,7.86,7.86,7.14,7.14,6.43,7.14,7.14,7.86,6.43,3.57,2.86,2.86,1.43,1.43,2.14,2.86,3.57,3.57,3.57,2.86,5,5,5,4.29,5.71,6.43
43174,"Yorktown Heights","Neighborhood","NY",479,"New York-Newark-Jersey City",394913,1.5,0.97,0.44,0.27,0.18,0.53,1.95,3.81,3.98,3.19,2.3,1.24,1.24,1.24,1.15,0.88,0.62,0.62,0.71,0.62,1.15,1.95,3.72,3.54,2.65,4.07,7.35,8.76,9.03,8.76,8.05,7.61,7.26,8.23,8.41,8.23,7.61,5.22,4.16,4.34,4.78,5.22,4.16,2.65,1.95,1.42,1.42,1.77,2.04,2.39,2.12,1.59,1.59,2.39,3.19,3.81,3.54,3.36,2.92,5.04,7.61,7.96,8.41,8.58,9.12,8.67,7.7,5.93,6.11,5.66,6.64,6.73,7.61,8.23,8.32,8.85,9.29,9.29,9.29,9.03,8.85,8.23,7.08,7.7,7.96,8.85,9.29,9.2,8.94,8.41,7.61,6.19,4.87,4.78,6.11,7.08,7.17,7.43,7.17,7.79,8.76,9.38,9.38,8.94,8.58,7.61
268379,"Orangecrest","Neighborhood","CA",480,"Riverside-San Bernardino-Ontario",395025,3.57,5.71,6.43,5,5,5.71,7.14,7.14,5.71,5.71,5,5.71,5.71,7.14,8.57,9.29,8.57,7.86,7.14,5,5.71,7.14,8.57,9.29,9.29,8.57,9.29,8.57,9.29,8.57,9.29,9.29,7.86,5,5,4.29,5.71,5.71,6.43,7.14,8.57,7.86,7.14,6.43,5.71,5.71,5.71,7.14,8.57,7.86,7.86,7.86,9.29,9.29,9.29,8.57,8.57,7.86,7.86,9.29,8.57,7.86,8.57,8.57,9.29,9.29,6.43,6.43,4.29,5.71,5.71,4.29,3.57,4.29,5.71,7.86,6.43,7.14,5.71,5,6.43,6.43,6.43,6.43,6.43,5.71,5.71,5,5,5,4.29,1.43,1.43,2.86,2.86,3.57,4.29,5,5.71,5.71,7.14,7.86,7.86,7.86,6.43,5.71
403530,"Greenway - Upper Kirby Area","Neighborhood","TX",481,"Houston-The Woodlands-Sugar Land",394692,5,5.48,5.95,6.9,7.14,7.86,7.14,6.19,5,4.52,3.57,5.95,7.86,8.57,7.86,8.1,8.33,8.33,7.14,1.9,1.19,3.1,7.38,7.86,7.86,7.62,8.1,7.62,7.38,6.9,6.19,5.95,5.95,6.9,8.57,9.29,8.33,8.33,5.24,4.76,3.57,3.57,5.95,5.71,6.67,6.9,5.95,6.19,5.24,3.81,2.38,2.62,4.05,6.9,8.33,8.1,9.29,8.57,8.1,5.48,6.43,7.38,8.57,7.14,6.67,5.48,5.48,5.24,5.48,5.24,3.33,2.38,3.1,5,5.71,2.38,2.62,3.33,7.62,7.38,6.9,6.43,7.38,6.43,7.14,2.62,1.19,0.95,1.43,4.76,6.43,5.71,7.38,6.67,5.95,4.76,5.95,7.38,7.62,2.62,2.62,4.29,5.71,6.9,5.71,7.14
272945,"Bergen-Lafayette","Neighborhood","NJ",482,"New York-Newark-Jersey City",394913,10,10,10,10,10,10,10,10,10,10,10,10,10,10,10,10,10,10,9.91,7.52,3.01,3.36,4.07,4.25,4.51,4.6,4.69,4.87,5.04,3.63,3.19,2.83,2.74,1.5,0.8,0.35,1.24,4.07,7.17,6.55,6.9,6.55,7.61,8.14,8.05,7.79,6.64,5.31,5.49,3.1,1.15,0.53,2.3,5.75,8.5,6.11,3.89,2.12,5.58,9.38,9.56,8.76,4.16,1.24,1.06,1.95,6.02,9.29,9.56,9.56,9.47,9.82,9.91,9.82,9.12,8.41,8.23,8.58,8.58,8.76,8.67,9.03,9.03,9.29,9.29,7.7,5.66,4.87,6.64,7.88,8.58,8.67,9.12,9.2,9.73,9.82,9.73,8.85,7.52,7.17,7.79,8.41,8.67,9.03,9.38,9.56
271005,"Kamm's Corner","Neighborhood","OH",483,"Cleveland-Elyria",394475,1.11,1.11,1.11,2.22,2.22,1.11,1.11,1.11,2.22,5.56,8.89,4.44,4.44,1.11,2.22,2.22,2.22,1.11,1.11,2.22,3.33,4.44,4.44,3.33,3.33,2.22,2.22,2.22,5.56,6.67,7.78,7.78,5.56,4.44,5.56,5.56,2.22,2.22,1.11,2.22,3.33,2.22,2.22,3.33,4.44,4.44,4.44,2.22,2.22,2.22,3.33,4.44,2.22,1.11,1.11,1.11,4.44,6.67,6.67,7.78,4.44,4.44,2.22,6.67,4.44,4.44,4.44,6.67,5.56,7.78,10,10,8.89,6.67,7.78,10,10,10,10,10,10,8.89,8.89,7.78,7.78,8.89,8.89,10,10,8.89,8.89,8.89,8.89,10,8.89,10,10,10,10,10,10,10,10,10,10,8.89
155607,"Sixteen Acres","Neighborhood","MA",484,"Springfield",395115,6,6,6,8,4,4,6,8,8,8,8,8,8,8,6,6,4,2,2,4,6,8,6,8,8,8,8,8,8,8,6,8,8,10,10,10,10,8,6,2,2,2,2,4,6,4,4,4,6,6,8,8,10,10,10,10,10,8,10,10,10,10,10,10,8,6,10,10,10,10,10,10,10,8,8,8,6,4,4,8,10,10,8,8,8,10,10,10,8,8,8,8,10,10,10,6,8,8,6,4,4,6,10,10,10,10
269577,"East Garfield Park","Neighborhood","IL",485,"Chicago-Naperville-Elgin",394463,2.78,2.78,3.06,3.06,2.92,2.78,3.47,4.03,3.06,3.33,3.47,3.89,4.03,4.17,3.61,3.61,3.47,3.61,4.17,3.61,2.92,2.08,1.94,1.67,1.25,1.39,1.53,1.81,2.08,1.67,1.53,1.25,1.11,0.97,1.53,1.53,1.94,1.81,2.64,3.06,4.58,5.28,6.25,6.39,6.11,6.25,5.69,5.97,5.42,5.42,5.28,5.97,7.08,7.22,6.67,5.56,4.31,4.03,4.44,5,5.14,5.28,4.86,5.14,4.72,3.89,2.22,1.81,1.11,1.25,0.56,0.42,0.69,0.83,1.25,1.11,3.47,3.47,4.58,3.33,4.03,4.44,6.25,6.94,7.5,7.78,7.22,7.22,6.67,5.83,5.14,4.58,5.28,5.14,4.72,4.86,5.14,4.72,4.17,5.42,6.39,6.67,5,3.75,2.64,3.06
121774,"Petworth","Neighborhood","DC",486,"Washington-Arlington-Alexandria",395209,2.31,1.54,1.54,3.08,4.62,2.31,1.54,1.54,1.54,3.85,4.62,4.62,5.38,7.69,8.46,8.46,7.69,8.46,3.85,3.08,2.31,1.54,1.54,1.54,4.62,3.08,0.77,0.77,0.77,2.31,2.31,2.31,1.54,1.54,1.54,2.31,2.31,2.31,2.31,1.54,2.31,1.54,0.77,0.77,2.31,2.31,2.31,3.08,2.31,2.31,1.54,2.31,3.85,3.85,3.08,2.31,2.31,3.08,3.08,3.08,3.08,3.85,4.62,3.85,5.38,5.38,5.38,4.62,4.62,4.62,6.15,6.15,6.15,3.08,3.08,3.85,5.38,3.85,3.85,3.08,3.85,3.85,3.85,3.85,3.08,4.62,4.62,5.38,5.38,5.38,6.15,4.62,2.31,2.31,3.08,3.08,1.54,1.54,2.31,3.08,3.08,3.08,3.08,4.62,3.08,3.08
33597,"Ravenswood","Neighborhood","IL",487,"Chicago-Naperville-Elgin",394463,4.58,2.36,3.19,3.89,6.11,6.11,6.25,6.25,6.53,5.56,3.89,4.03,4.31,4.72,5.42,6.25,6.53,5.42,1.53,0.56,0.56,2.22,4.03,5.56,5.28,3.75,1.39,0.69,0.42,1.39,3.19,5.28,4.86,4.03,2.78,2.78,2.5,2.92,4.72,8.61,9.03,9.03,8.06,6.53,5.56,4.44,5,5.69,7.08,9.31,9.58,9.17,8.33,8.06,7.5,7.78,7.08,5.42,5.28,5.28,5.97,6.81,7.08,7.08,7.08,6.11,5.14,3.61,3.61,4.17,5,4.44,3.75,2.22,4.58,6.53,7.64,6.39,5.56,6.25,5.83,5.97,6.11,6.53,5.83,5.28,5.83,6.94,6.94,8.06,8.61,8.61,7.78,7.08,7.22,7.78,8.19,8.33,7.5,5.56,3.75,4.17,4.31,4.03,4.03,5.28
270946,"Sutton Place","Neighborhood","NY",488,"New York-Newark-Jersey City",394913,1.68,1.42,0.97,0.71,0.88,1.24,1.86,1.24,1.59,1.24,0.8,0.88,1.42,1.68,1.95,2.57,2.57,2.57,2.3,2.48,2.3,2.21,2.21,2.74,2.3,2.39,2.83,2.74,2.92,3.1,2.92,2.57,2.3,1.86,2.04,2.39,2.21,2.65,2.48,2.92,3.54,4.51,3.89,3.63,3.19,2.48,2.39,2.57,2.57,1.95,2.04,2.21,2.39,2.04,2.65,2.04,2.3,1.68,1.5,1.24,1.06,1.77,1.59,2.74,2.04,2.65,2.83,3.19,2.21,1.33,0.71,0.97,1.24,1.42,1.95,1.24,1.86,1.68,1.95,1.86,1.68,1.68,0.8,0.62,0.62,0.97,1.59,1.77,2.83,3.01,4.16,3.45,2.83,2.04,1.59,1.59,1.77,1.59,1.77,1.95,1.95,2.21,2.21,2.04,1.59,1.59
268671,"Hampden","Neighborhood","CO",490,"Denver-Aurora-Lakewood",394530,10,10,10,8.46,8.85,6.54,6.15,5.77,4.62,5.77,6.54,6.54,8.46,8.08,8.46,5.38,4.23,3.85,5,6.54,8.85,9.62,8.85,7.31,6.92,5.77,6.15,6.15,7.31,9.23,10,10,9.62,9.62,9.23,7.69,6.15,8.08,8.46,9.62,10,10,9.62,8.85,8.46,7.69,7.31,7.69,8.46,8.46,8.85,8.46,8.08,8.46,8.85,9.23,8.85,8.85,8.08,8.08,8.08,8.46,7.69,5.77,6.54,6.54,8.85,9.62,10,9.62,9.62,9.23,9.23,9.23,9.23,7.31,7.69,8.08,8.85,8.46,8.46,7.69,5.77,5,5.38,6.15,7.31,8.08,8.08,9.23,10,8.08,6.54,5.38,5.38,6.15,6.15,5,5,5,7.69,8.85,9.62,8.85,7.31,6.92
275354,"Sheep Mountain","Neighborhood","NV",491,"Las Vegas-Henderson-Paradise",394775,3.27,2.04,2.24,1.22,0.82,0.2,0.82,2.04,2.86,3.47,4.08,2.45,1.63,0.82,0.61,0.41,1.22,1.84,1.63,1.22,0.41,0.41,0.41,1.02,1.22,1.84,2.65,3.47,3.47,3.88,3.27,1.22,0.41,0.82,1.63,3.67,3.47,3.88,3.88,7.55,8.98,7.96,6.12,4.29,2.45,1.84,1.02,1.02,1.84,2.24,2.86,4.69,5.1,4.49,3.27,2.86,2.04,1.84,1.22,2.04,3.88,5.92,7.35,6.94,5.51,3.88,1.84,1.84,2.04,2.65,2.24,2.04,2.04,1.84,2.24,2.04,2.45,2.65,3.67,3.47,4.08,3.88,4.49,3.88,3.27,2.04,2.24,2.24,2.24,1.84,1.43,1.43,1.43,0.82,1.43,1.43,1.63,2.65,4.9,7.35,5.51,2.65,2.65,3.27,5.31,6.53
276649,"West Las Vegas","Neighborhood","NV",492,"Las Vegas-Henderson-Paradise",394775,8.98,10,10,9.8,7.96,6.12,7.14,8.37,8.78,8.57,8.37,8.78,8.98,8.78,8.78,7.55,4.9,4.9,4.9,7.14,7.76,8.57,8.78,8.98,8.37,8.98,8.98,9.18,7.55,7.14,7.96,8.98,8.78,5.71,3.06,4.49,6.53,6.94,5.51,5.71,6.73,7.35,5.31,2.65,0.82,0.82,2.04,4.08,4.49,5.71,4.9,3.67,3.06,4.9,7.76,7.35,5.71,4.08,5.1,8.37,9.59,8.78,2.86,1.43,1.02,1.02,1.22,1.22,1.22,2.45,4.08,3.67,3.88,5.31,7.55,8.37,4.9,3.47,3.27,6.12,6.94,8.98,8.37,8.57,8.98,6.73,4.69,3.67,4.29,4.9,4.49,4.49,6.53,7.35,3.67,2.04,2.65,5.51,7.14,3.67,2.45,1.02,1.02,1.22,1.43,1.43
267851,"Sand Lake","Neighborhood","AK",493,"Anchorage",394327,8.33,10,10,10,10,6.67,6.67,5.83,7.5,5.83,5.83,6.67,7.5,8.33,6.67,5.83,5.83,6.67,4.17,4.17,4.17,4.17,5,5.83,7.5,5,3.33,3.33,4.17,9.17,10,10,8.33,9.17,7.5,5,4.17,5,8.33,10,9.17,9.17,9.17,5.83,5.83,4.17,5,6.67,9.17,10,9.17,9.17,7.5,5,3.33,2.5,2.5,4.17,5,5.83,5.83,5,4.17,3.33,5.83,7.5,7.5,4.17,2.5,1.67,2.5,1.67,1.67,1.67,2.5,6.67,7.5,7.5,8.33,7.5,6.67,5.83,6.67,5,6.67,6.67,8.33,7.5,5.83,5,5,4.17,4.17,5.83,5.83,4.17,4.17,4.17,4.17,5,5.83,8.33,8.33,7.5,8.33,8.33
238880,"Westbury","Neighborhood","TX",494,"Houston-The Woodlands-Sugar Land",394692,8.33,7.86,7.14,7.14,2.14,0.48,0.48,0.48,0.71,1.9,5.24,2.62,1.67,1.43,1.67,3.1,2.38,2.86,4.76,6.9,8.1,7.86,6.43,4.76,2.86,2.38,1.9,3.57,5.71,7.38,8.33,7.86,6.43,5,3.81,3.81,3.1,2.86,2.38,2.62,4.05,5.48,6.67,4.52,2.86,2.38,2.62,3.1,5,7.14,7.86,7.38,6.43,4.52,3.33,2.14,2.86,2.62,3.1,3.81,5.48,5.48,6.19,3.81,2.14,0.95,1.9,4.29,6.43,5.95,5.48,5,2.62,1.67,0.71,1.43,1.67,4.05,3.1,2.62,1.67,1.67,2.86,5.48,4.76,2.38,0.48,0.24,0.24,0.24,0.24,0.48,1.43,2.86,3.57,1.67,0.95,0.95,1.9,4.29,5.48,7.38,6.43,6.67,4.76,4.29
273539,"East Central","Neighborhood","CA",496,"Los Angeles-Long Beach-Anaheim",753899,9.77,7.79,6.98,8.14,9.65,9.53,9.42,8.6,9.42,9.07,9.42,8.72,7.67,7.44,8.6,8.26,6.28,4.77,4.77,6.4,8.72,8.84,8.72,9.3,9.53,9.3,9.42,9.3,9.88,9.77,9.53,9.3,9.53,9.53,8.72,9.07,8.02,9.19,8.02,9.65,8.84,9.07,9.07,9.65,9.3,8.72,7.09,6.86,7.21,6.63,6.51,6.51,9.07,9.77,9.88,9.3,8.72,8.72,8.49,8.6,9.65,9.88,10,9.3,7.21,5.23,5,6.16,6.86,8.02,8.6,8.95,8.84,8.26,8.72,8.95,9.77,10,10,9.88,9.65,8.84,8.84,9.3,9.88,10,10,10,9.77,8.84,7.56,6.63,8.14,8.95,9.65,9.77,10,9.77,9.42,9.65,9.53,9.88,7.09,5.23,4.65,8.6
40683,"Saint Andrews","Neighborhood","SC",497,"Columbia",394486,5,5,5,5,5,10,10,10,5,5,5,5,10,10,5,5,5,5,5,5,5,5,10,10,10,10,10,10,10,10,10,10,5,5,5,5,5,5,5,5,5,5,5,5,5,5,10,10,10,10,10,5,5,5,5,5,5,5,10,10,10,5,5,5,10,10,10,10,10,10,10,10,5,5,5,5,5,5,10,10,5,5,5,5,5,5,10,10,10,10,10,10,5,5,5,5,5,5,5,10,10,10,10,10,10,10
276383,"Holmesburg","Neighborhood","PA",498,"Philadelphia-Camden-Wilmington",394974,2.58,2.26,1.13,0.65,0.32,0.32,0.48,1.29,1.61,1.13,1.13,0.97,1.77,2.42,3.06,3.55,5.81,3.55,3.06,1.29,3.55,4.52,3.23,2.1,1.77,2.74,4.19,6.61,7.58,7.9,7.58,7.1,5.81,4.84,4.52,4.52,3.87,3.39,3.87,4.68,3.71,2.9,3.55,2.42,1.29,0.81,1.94,1.61,2.9,4.19,6.94,6.45,5,5.32,5.65,5.81,4.68,5,5.65,8.23,7.9,8.55,7.58,6.45,5.48,6.29,6.13,6.94,6.13,5.32,5.81,5.65,6.29,6.94,6.13,5.97,4.52,6.13,6.94,7.9,6.77,5.65,4.52,4.68,6.29,6.61,6.29,5.65,3.71,4.19,6.77,9.35,9.35,9.52,9.68,9.68,9.19,8.71,8.23,8.39,8.55,8.55,8.06,8.39,8.87,9.52
276112,"Wissinoming","Neighborhood","PA",499,"Philadelphia-Camden-Wilmington",394974,8.06,9.84,9.52,9.03,7.26,5.81,6.77,8.39,9.03,9.19,9.03,8.87,8.39,8.23,8.71,8.06,6.13,3.39,2.74,3.71,4.52,7.26,9.52,7.74,3.87,2.42,2.58,5.16,5.81,5.81,4.52,4.52,5.65,6.77,5.48,3.23,2.74,1.29,1.77,4.35,4.68,4.35,1.61,4.35,5.32,8.06,5.65,4.52,1.77,3.06,5,7.42,8.39,9.19,9.03,9.03,7.1,7.1,5.81,8.71,8.23,8.06,7.42,6.29,6.13,6.61,6.29,5.32,3.23,2.74,4.35,5.97,6.45,5.81,3.71,4.35,5.65,6.29,6.61,4.68,4.84,5.16,3.87,4.19,5.65,8.39,9.35,9.19,8.71,8.71,8.55,8.87,9.03,9.03,9.35,9.03,8.39,6.13,6.13,6.29,6.94,7.26,7.58,9.19,9.52,9.68
270853,"Heartland Village","Neighborhood","NY",500,"New York-Newark-Jersey City",394913,0.62,0.44,0.8,1.33,1.24,1.5,2.12,2.21,1.95,1.95,1.86,1.59,2.04,2.12,2.3,2.12,2.21,2.04,1.86,1.42,1.5,1.42,1.77,2.48,2.74,3.36,3.54,3.72,3.98,3.72,3.72,3.54,2.92,2.74,2.83,2.83,2.65,3.1,3.19,3.54,3.27,4.25,4.96,4.42,4.07,3.45,2.74,2.92,3.54,3.72,4.16,3.98,4.07,4.6,5.04,5.04,4.42,4.34,3.98,4.51,4.6,4.87,5.49,6.46,6.28,6.9,6.19,5.22,5.04,4.42,4.16,4.96,5.22,6.02,6.73,7.26,7.7,8.05,8.14,7.88,7.7,6.55,6.46,6.11,6.81,6.81,7.17,7.26,7.43,7.61,6.81,5.31,4.07,3.63,3.72,4.6,5.31,5.58,5.31,5.93,6.02,6.55,6.46,6.46,5.93,5.4
207108,"Lents","Neighborhood","OR",503,"Portland-Vancouver-Hillsboro",394998,1,2.5,3.5,5,3.5,4,3.5,4.5,5,4.5,3.5,5.5,8,9,8,8.5,9.5,10,10,8,6,5,5.5,4.5,5,4.5,2,2.5,3.5,3.5,2,2,2.5,3,3.5,4,3,2.5,6.5,7.5,8,5,3.5,3,5.5,5,5,6,5.5,3.5,3,3.5,2,2,3.5,4,4,4.5,5.5,5,5.5,6,9,9,9.5,9.5,9,7,5.5,5,5.5,6.5,7,6.5,5,5.5,5,6.5,5,5.5,4.5,4.5,6,7,7,7,7,8.5,8,8.5,8,6.5,6,6.5,7,7,7.5,8,8.5,9,8,6.5,5.5,6.5,7,8
343902,"19th Ward","Neighborhood","NY",504,"Rochester",395031,10,10,10,6.67,10,10,10,10,10,10,10,6.67,6.67,10,10,10,10,10,10,10,10,10,10,10,10,6.67,6.67,3.33,3.33,3.33,6.67,6.67,10,10,10,10,10,10,10,10,10,6.67,6.67,6.67,6.67,6.67,6.67,10,10,10,6.67,6.67,6.67,3.33,6.67,6.67,10,10,6.67,6.67,6.67,6.67,6.67,6.67,6.67,6.67,6.67,10,6.67,6.67,6.67,6.67,3.33,3.33,3.33,3.33,3.33,3.33,3.33,3.33,3.33,6.67,10,10,6.67,6.67,3.33,3.33,3.33,3.33,3.33,3.33,3.33,3.33,6.67,6.67,10,10,10,3.33,3.33,3.33,3.33,3.33,10,10
210745,"Fox Chase","Neighborhood","PA",505,"Philadelphia-Camden-Wilmington",394974,8.55,7.9,4.52,2.1,1.45,1.45,2.74,3.71,5.16,5.48,4.84,2.58,2.1,2.1,1.94,1.77,1.77,1.94,2.1,3.06,3.71,3.71,3.39,2.74,2.42,2.26,3.71,6.45,6.94,3.87,2.42,2.42,5.48,7.9,5.97,3.87,2.9,1.77,1.29,1.29,2.26,3.06,4.35,4.19,4.19,4.35,5.32,4.35,2.58,2.26,2.58,4.52,4.35,2.74,0.97,0.48,0.81,1.29,2.42,2.58,4.52,6.13,5.32,3.87,2.9,3.06,4.68,5.48,4.35,3.06,2.74,4.19,6.13,5.65,3.23,1.94,1.29,2.26,5,9.52,10,10,9.84,9.35,8.06,7.58,6.94,7.1,8.06,7.42,6.61,6.61,7.42,8.23,8.23,8.39,7.9,7.9,8.39,8.71,8.71,9.35,9.84,9.68,9.35,9.19
211303,"Haddington","Neighborhood","PA",507,"Philadelphia-Camden-Wilmington",394974,3.39,4.19,3.55,3.39,2.26,2.58,3.06,2.9,4.19,7.42,9.68,9.68,9.19,8.06,6.29,6.61,7.26,7.26,6.94,9.68,9.68,9.68,9.68,9.84,8.55,6.94,5.65,6.13,6.61,6.61,6.77,6.45,8.06,5.65,4.19,2.74,4.52,4.35,4.68,5.48,5.48,5.65,3.87,1.13,0.48,0.65,2.26,5.48,6.77,6.61,8.06,8.06,9.19,9.52,9.84,10,10,9.35,7.9,6.13,6.13,6.29,8.55,8.39,9.19,8.55,9.19,8.55,7.9,8.23,7.1,7.42,4.84,5.97,5.65,6.77,5.48,7.1,8.39,9.84,9.68,7.58,6.77,4.52,7.74,3.55,3.23,2.58,5.97,8.23,5.97,2.42,1.61,1.77,3.39,4.84,7.74,9.84,10,10,9.68,7.58,4.68,2.26,1.13,1.45
16927,"Bayville","Neighborhood","NJ",508,"New York-Newark-Jersey City",394913,9.12,9.56,9.56,8.41,6.19,5.4,5.93,6.55,6.9,5.66,5.22,5.49,6.73,6.99,7.35,6.02,3.54,3.01,3.63,7.7,7.96,8.58,8.67,9.47,9.38,9.38,9.29,9.47,9.12,9.03,8.94,8.94,8.41,6.9,7.35,9.12,9.47,9.56,9.47,8.94,8.67,8.67,7.79,6.19,4.96,4.25,5.22,6.02,7.17,8.05,5.31,2.12,1.24,2.3,4.87,7.61,8.5,8.32,7.61,6.28,6.81,7.43,6.99,2.21,1.68,2.92,6.9,6.64,5.93,5.4,7.35,8.14,7.96,6.19,3.1,1.42,0.62,1.33,6.81,8.94,9.03,8.76,8.32,8.58,9.2,9.56,8.94,8.76,8.23,7.52,6.9,7.17,8.85,9.47,9.56,9.56,9.56,9.65,9.38,8.76,7.61,6.99,7.43,7.35,7.96,8.14
343873,"Southwest Raleigh","Neighborhood","NC",509,"Raleigh",395012,3.64,5.45,5.45,3.64,3.64,6.36,7.27,9.09,8.18,9.09,10,10,9.09,3.64,1.82,2.73,2.73,1.82,0.91,1.82,2.73,9.09,9.09,6.36,0.91,0.91,1.82,4.55,9.09,9.09,10,10,10,5.45,7.27,9.09,10,10,5.45,6.36,3.64,6.36,6.36,7.27,8.18,9.09,9.09,9.09,9.09,8.18,5.45,5.45,9.09,9.09,10,10,10,10,10,10,10,10,10,10,10,10,10,10,10,10,10,10,10,10,10,7.27,8.18,10,10,9.09,9.09,10,10,10,9.09,9.09,7.27,8.18,9.09,10,10,10,9.09,10,10,9.09,8.18,7.27,8.18,8.18,8.18,9.09,10,10,9.09,9.09
403203,"West Brighton","Neighborhood","NY",510,"New York-Newark-Jersey City",394913,1.15,2.12,3.1,2.83,3.54,4.6,5.75,6.64,5.13,3.45,2.48,2.3,2.92,3.98,4.16,4.25,4.6,4.16,3.89,2.74,1.42,0.71,0.71,1.42,1.59,0.97,0.8,1.86,3.63,5.4,4.51,4.87,4.87,7.08,7.17,5.66,3.72,1.59,1.24,1.15,1.33,1.68,2.12,3.72,3.72,3.1,1.06,0.44,0.27,0.62,1.42,3.54,3.72,3.45,2.39,1.42,1.15,1.24,1.77,1.59,2.57,3.36,4.34,5.66,5.93,5.22,3.72,3.01,4.25,4.51,4.6,4.78,5.84,7.7,7.96,5.84,3.45,1.86,4.6,4.16,3.27,1.5,1.06,1.15,2.92,3.45,5.04,5.31,6.9,6.81,5.13,2.21,0.97,0.97,1.15,2.65,2.21,1.68,0.8,0.88,0.88,1.95,2.83,4.51,4.25,3.98
126056,"Sandalwood","Neighborhood","FL",512,"Jacksonville",394714,8.67,8.33,6.67,6,7.33,8.33,8.33,7,5.33,2.67,2,2.33,3.67,5.67,5.67,5.33,3.33,2.67,1,1,1.67,1.67,5.33,7.67,8,8.33,8.33,8.33,8.33,8,8.67,9.33,8.67,8.67,8.67,9,9,8.67,9.67,10,9.33,9,9,9,9.67,9.67,9.67,9.67,8.67,5.67,7.33,8.67,9.33,9.33,9,9.33,9.67,10,10,10,9.67,8.67,8.67,9,8.33,8.33,6.67,7,8.33,8.67,9,9,8.33,9,7.67,7.33,8.33,8,8.67,9.67,9.33,9,8.33,8,8.33,8.33,8.33,8,7.67,8,9.67,9.33,9,8.33,8.67,7,5.67,5.33,6,8.33,9,9.67,9.33,9.67,9.67,10
269600,"North Center","Neighborhood","IL",513,"Chicago-Naperville-Elgin",394463,6.25,6.81,3.61,1.39,0.42,0.69,0.56,2.22,3.33,6.81,5.42,2.64,1.67,1.25,4.17,6.67,9.72,6.94,6.94,2.78,1.94,1.67,2.36,5.28,4.44,2.92,2.22,5,5.28,4.31,3.06,4.86,7.78,8.89,9.31,9.17,8.47,8.06,6.81,6.25,7.36,9.31,9.31,8.33,5.69,4.03,6.25,6.94,7.78,8.33,9.31,9.58,6.53,4.72,3.06,5.14,3.61,3.61,4.72,5.69,7.08,7.5,7.36,5.83,3.61,4.31,4.86,5.28,2.92,1.67,1.53,1.81,1.94,3.33,2.36,3.89,4.72,4.31,3.06,2.5,3.06,2.92,2.92,1.81,1.11,1.67,4.03,5.28,8.33,8.33,8.06,4.72,2.22,1.53,1.25,1.53,1.94,3.33,2.5,1.39,2.22,4.86,7.5,7.08,6.39,5.97
267699,"Twin Lakes","Neighborhood","WA",514,"Seattle-Tacoma-Bellevue",395078,2.35,5.29,5.29,5.29,3.53,8.82,7.06,6.47,2.35,1.76,4.12,5.29,7.65,7.06,5.88,7.06,7.06,3.53,2.94,4.71,5.88,5.88,5.29,4.71,4.12,2.35,3.53,2.35,1.76,1.76,4.71,6.47,5.88,4.71,4.71,4.12,2.35,0.59,0.59,1.18,2.35,4.71,4.71,4.12,4.71,5.29,5.29,5.29,2.94,2.94,2.35,1.18,0.59,0.59,1.76,4.71,6.47,5.88,5.88,5.29,5.88,6.47,2.94,1.18,0.59,1.76,4.71,5.88,6.47,5.29,4.71,4.71,4.71,2.94,2.35,0.59,0.59,2.35,5.29,5.88,4.71,3.53,2.35,1.18,0.59,1.18,2.35,2.94,2.94,3.53,4.71,4.12,2.94,1.76,0.59,1.18,1.18,1.76,1.18,1.18,1.76,2.35,5.29,8.82,7.65,8.24
422882,"Summerfields","Neighborhood","TX",515,"Dallas-Fort Worth-Arlington",394514,9.03,7.42,7.74,6.45,7.42,7.74,7.1,6.77,7.42,8.06,8.06,5.48,6.77,8.39,9.35,9.35,10,10,10,9.03,7.74,7.42,9.03,9.35,8.39,8.06,7.74,8.39,4.19,3.23,3.55,7.42,10,10,10,10,10,9.68,9.35,7.1,7.1,8.39,9.35,10,8.71,8.39,9.03,9.03,10,10,10,9.68,9.68,9.68,9.68,9.68,10,10,10,10,10,9.68,10,10,10,10,10,10,10,10,10,10,9.68,9.35,9.35,9.35,9.68,9.35,10,8.39,9.03,9.03,9.68,10,10,10,9.68,9.68,9.68,9.35,9.35,9.03,9.35,9.68,9.35,9.68,9.68,10,10,9.68,10,10,10,10,9.35,9.35
275782,"Tule Springs","Neighborhood","NV",517,"Las Vegas-Henderson-Paradise",394775,2.86,5.71,7.14,6.94,6.94,5.51,3.06,2.45,2.04,3.06,6.12,6.73,4.08,4.29,5.1,5.51,4.08,2.65,2.65,2.45,3.06,5.1,4.69,3.88,3.06,2.24,2.24,2.65,3.06,3.67,4.08,2.65,3.06,3.47,5.51,6.53,7.35,6.53,6.73,7.76,8.57,8.78,7.55,7.14,5.71,4.69,4.9,4.49,4.08,2.86,2.04,2.04,2.45,3.47,3.67,4.69,3.88,3.06,2.65,2.45,4.08,5.71,7.14,7.14,7.76,7.96,7.76,8.16,8.16,6.33,3.67,3.27,3.67,4.08,4.69,6.33,8.16,8.16,8.78,8.37,6.12,5.71,5.71,7.35,7.76,8.98,9.59,9.39,9.59,8.37,8.16,8.16,7.96,6.53,6.73,5.71,6.53,5.92,5.71,7.14,6.94,4.9,3.67,3.88,5.51,6.94
275251,"Roseland","Neighborhood","IL",518,"Chicago-Naperville-Elgin",394463,3.19,3.33,4.03,2.78,2.22,2.64,2.36,2.64,2.5,3.61,4.31,4.31,4.44,4.03,3.19,3.75,3.19,2.5,1.81,1.39,1.53,1.25,0.97,0.56,0.69,0.69,0.69,0.83,0.56,0.42,0.14,0.14,0.28,0.42,0.28,0.56,0.28,0.42,0.42,0.56,0.56,1.11,0.56,0.69,0.56,0.42,0.42,0.14,0.14,0.28,0.28,0.56,0.28,0.56,2.22,3.19,2.78,1.81,2.92,1.11,0.83,0.69,1.11,1.67,2.5,0.69,0.56,0.14,0.28,0.28,2.22,4.58,5.14,3.19,2.78,2.78,2.08,1.94,1.67,0.56,0.42,0.83,1.94,0.42,0.14,0.14,0.83,4.17,6.53,3.61,0.83,0.42,0.28,0.42,0.14,0.28,0.83,6.11,6.81,5.28,3.61,2.36,1.94,1.67,0.97,0.42
201003,"Goodyear Heights","Neighborhood","OH",519,"Akron",394304,4.44,4.44,4.44,8.89,6.67,6.67,5.56,4.44,4.44,5.56,5.56,5.56,7.78,8.89,8.89,7.78,6.67,8.89,10,10,10,7.78,2.22,1.11,1.11,1.11,1.11,1.11,3.33,4.44,3.33,1.11,1.11,3.33,4.44,5.56,8.89,10,10,10,7.78,8.89,6.67,7.78,7.78,10,10,7.78,6.67,6.67,5.56,4.44,3.33,6.67,7.78,10,8.89,4.44,1.11,1.11,1.11,3.33,3.33,4.44,7.78,7.78,6.67,6.67,7.78,8.89,5.56,7.78,7.78,7.78,8.89,7.78,6.67,4.44,7.78,8.89,8.89,10,10,6.67,7.78,2.22,3.33,2.22,2.22,2.22,5.56,6.67,5.56,3.33,4.44,6.67,8.89,10,10,8.89,10,10,10,10,10,10
403299,"Streeterville","Neighborhood","IL",520,"Chicago-Naperville-Elgin",394463,4.44,4.58,2.92,1.81,1.39,0.97,0.83,1.81,2.78,5.14,4.03,3.33,2.36,2.5,2.92,4.31,4.31,3.06,1.67,0.83,0.28,0.42,1.25,2.5,4.03,4.86,6.39,6.39,7.36,7.78,7.08,5,3.06,3.06,5.56,6.11,6.25,4.86,5,4.72,4.86,4.72,3.19,2.08,1.67,1.11,0.97,0.56,0.69,0.97,1.53,1.67,2.64,2.78,2.78,0.83,1.53,1.67,2.5,3.06,2.36,2.36,1.81,2.64,2.78,2.92,2.08,2.36,1.81,1.39,0.42,0.28,0.28,0.69,0.83,0.97,1.25,0.56,0.69,1.11,1.53,1.53,1.53,1.53,1.53,1.39,0.97,0.97,1.53,3.06,4.44,4.17,1.39,0.28,0.28,0.14,0.28,0.14,0.28,0.56,1.67,1.67,1.25,0.83,0.83,0.56
124243,"East Tampa","Neighborhood","FL",521,"Tampa-St. Petersburg-Clearwater",395148,9.03,9.68,9.68,10,9.68,9.35,9.35,9.35,9.03,8.71,9.03,9.35,8.71,9.03,9.35,9.03,9.68,10,10,10,10,9.68,8.06,8.06,9.03,8.71,6.77,7.1,4.84,5.48,5.16,6.13,7.74,8.39,6.13,3.87,2.9,4.19,4.52,6.13,9.03,9.35,7.1,7.74,9.03,9.35,8.71,7.74,3.87,3.23,2.9,6.45,7.74,8.06,4.52,4.52,8.39,9.68,10,8.39,7.74,6.45,6.13,6.13,7.74,8.39,6.45,8.06,9.35,10,9.68,9.68,8.71,7.74,9.68,10,10,10,10,7.74,5.16,5.16,6.13,4.19,4.19,5.48,7.42,7.1,7.74,7.1,6.13,2.26,3.23,5.16,9.03,8.71,8.71,8.06,6.77,6.45,6.13,7.42,7.42,4.52,3.87,3.23
269611,"West Elsdon","Neighborhood","IL",523,"Chicago-Naperville-Elgin",394463,2.22,3.89,4.31,4.03,3.75,3.33,3.89,3.61,4.31,4.58,5.83,6.67,6.53,5.28,3.75,4.03,4.44,5.14,6.53,7.22,7.08,5,3.33,2.92,1.94,1.81,1.67,1.25,0.69,0.83,0.97,1.94,1.53,2.5,1.25,0.69,1.39,5.42,9.86,10,9.44,7.36,6.39,7.36,9.72,10,10,9.58,7.5,6.67,6.11,5.56,5.83,8.75,9.58,9.72,7.92,4.44,3.61,4.31,6.67,8.06,8.61,9.17,9.31,9.17,8.19,7.22,7.64,7.78,9.44,9.72,8.47,5.83,4.72,5.28,5.56,7.22,7.64,8.19,7.36,6.11,4.03,4.58,4.58,6.94,6.81,5,3.47,2.92,3.89,3.89,6.94,5,8.33,9.03,9.72,9.58,9.58,9.86,9.86,9.58,7.92,8.47,8.33,9.58
761974,"Freeport-Hackberry","Neighborhood","TX",524,"Dallas-Fort Worth-Arlington",394514,0.32,0.32,0.32,0.32,0.32,0.65,0.97,1.29,1.61,1.29,0.65,0.65,0.32,0.32,0.32,0.65,0.65,0.97,1.29,0.32,1.29,2.9,0.97,0.65,0.65,0.97,0.97,1.61,1.94,3.55,2.26,2.58,1.94,1.29,1.29,1.29,1.61,1.94,1.29,0.97,0.32,0.32,0.32,0.32,0.97,1.61,2.58,3.23,5.48,5.81,6.13,5.16,4.19,2.9,1.94,0.97,0.32,0.97,0.97,0.65,0.32,0.32,0.32,1.29,1.94,1.29,0.97,1.61,2.58,0.97,0.97,1.61,2.58,2.9,4.84,4.52,4.52,3.55,2.58,2.26,1.94,1.29,0.65,0.97,0.97,0.97,0.65,0.65,0.65,0.32,0.32,0.65,0.97,0.97,1.94,0.97,0.97,0.65,0.65,0.65,1.29,3.23,4.19,2.58,1.94,1.61
276353,"Greenbrier West","Neighborhood","VA",525,"Virginia Beach-Norfolk-Newport News",395194,8.91,7.61,5.87,4.57,5.87,8.26,9.13,5.65,4.13,3.91,4.57,3.48,2.83,3.26,4.57,4.13,3.91,2.83,3.48,3.48,4.35,4.57,4.57,4.13,3.48,2.39,1.96,2.39,5.22,5.65,5.65,4.13,4.13,4.57,5.22,5.87,5.87,6.74,7.39,7.17,5.43,3.91,3.48,4.13,5.22,4.57,3.7,3.04,2.83,1.52,1.52,1.96,1.52,2.61,3.48,4.13,3.04,2.83,2.39,3.48,6.96,7.61,7.39,7.61,7.39,7.83,8.04,7.83,6.96,6.96,6.74,7.17,6.96,6.09,8.04,7.39,7.83,7.39,6.74,5.87,4.57,6.52,5.87,6.3,6.96,6.74,7.17,6.3,6.3,5,4.35,4.57,4.78,4.35,6.09,6.74,8.04,8.26,8.91,9.13,10,10,10,9.57,9.35,9.13
232117,"Cielo Vista","Neighborhood","TX",526,"El Paso",394561,1.25,1.25,2.5,2.5,2.5,2.5,1.25,1.25,1.25,6.25,10,10,10,10,7.5,7.5,7.5,7.5,5,3.75,2.5,3.75,3.75,5,5,6.25,2.5,2.5,2.5,3.75,7.5,6.25,5,2.5,1.25,1.25,1.25,2.5,3.75,10,8.75,8.75,8.75,8.75,7.5,3.75,2.5,2.5,2.5,1.25,2.5,2.5,2.5,1.25,6.25,6.25,10,10,8.75,8.75,10,10,10,10,10,8.75,8.75,7.5,7.5,7.5,3.75,1.25,1.25,3.75,8.75,10,10,10,10,8.75,10,10,10,6.25,6.25,6.25,6.25,2.5,1.25,1.25,1.25,1.25,1.25,1.25,1.25,1.25,7.5,2.5,2.5,3.75,6.25,7.5,8.75,10,8.75,8.75
29748,"Iselin","Neighborhood","NJ",527,"New York-Newark-Jersey City",394913,2.39,2.74,2.57,2.39,2.04,2.12,2.65,3.45,4.42,7.26,8.85,9.12,8.94,8.14,8.32,8.67,9.12,9.03,7.88,7.43,8.5,9.56,9.91,9.73,9.65,9.56,9.38,8.23,7.79,8.14,9.2,9.56,9.65,9.47,9.38,9.56,9.82,9.91,9.73,9.47,9.56,9.65,9.73,9.65,9.38,9.65,9.73,9.65,9.47,8.32,8.67,8.14,8.14,6.19,7.61,9.03,9.73,9.56,9.29,8.41,8.23,9.12,9.29,9.29,8.76,9.2,9.47,9.56,9.29,9.47,9.65,9.65,8.58,8.41,7.79,8.14,8.32,9.12,9.12,9.12,9.29,9.47,9.56,9.47,9.38,9.03,8.41,8.94,9.29,9.65,9.73,9.73,9.47,9.38,8.94,9.12,9.38,9.82,9.65,9.65,9.47,9.47,8.85,8.58,8.23,8.76
273738,"Five Points","Neighborhood","OH",528,"Toledo",395160,2.5,4.17,7.5,10,10,10,8.33,7.5,6.67,7.5,8.33,10,10,10,9.17,9.17,9.17,9.17,8.33,7.5,8.33,9.17,9.17,8.33,8.33,5.83,5,3.33,1.67,1.67,4.17,5.83,5.83,5.83,6.67,6.67,7.5,5.83,5.83,7.5,10,6.67,5,2.5,2.5,5,5,5.83,5.83,6.67,4.17,4.17,5.83,5.83,5,6.67,6.67,6.67,4.17,2.5,5,4.17,5,5.83,6.67,5,1.67,1.67,0.83,2.5,5.83,9.17,10,9.17,5.83,4.17,5,6.67,9.17,9.17,7.5,6.67,6.67,7.5,5,5,5.83,5.83,5,3.33,1.67,1.67,0.83,0.83,2.5,5,3.33,2.5,2.5,1.67,1.67,2.5,3.33,3.33,5.83,8.33
270325,"Southeast Raleigh","Neighborhood","NC",529,"Raleigh",395012,4.55,1.82,2.73,7.27,1.82,0.91,0.91,0.91,2.73,6.36,3.64,2.73,2.73,6.36,9.09,10,10,7.27,5.45,2.73,1.82,1.82,1.82,0.91,3.64,3.64,3.64,2.73,1.82,1.82,2.73,4.55,7.27,8.18,9.09,8.18,8.18,8.18,8.18,7.27,6.36,5.45,3.64,2.73,2.73,4.55,3.64,3.64,4.55,5.45,7.27,9.09,7.27,7.27,8.18,8.18,8.18,9.09,9.09,9.09,6.36,5.45,5.45,7.27,8.18,8.18,8.18,8.18,8.18,8.18,8.18,7.27,7.27,7.27,7.27,6.36,6.36,6.36,9.09,10,10,9.09,8.18,6.36,6.36,6.36,6.36,7.27,6.36,7.27,8.18,9.09,10,8.18,7.27,7.27,7.27,8.18,7.27,7.27,7.27,8.18,9.09,9.09,10,10
275564,"Stapleton","Neighborhood","CO",530,"Denver-Aurora-Lakewood",394530,1.54,1.15,1.15,1.54,2.69,2.31,3.08,3.85,7.69,7.31,7.69,7.31,8.08,8.85,8.85,6.54,5.77,5,4.62,5,5.38,5.38,5.77,5.38,5,5,7.31,8.08,7.69,8.08,6.92,5.77,4.62,4.62,5,8.08,8.08,7.31,5.77,5.77,5.77,6.92,7.69,5,4.62,5.38,5.77,6.54,6.92,5.38,4.23,3.85,4.23,4.23,3.46,4.23,5,5.38,4.62,4.62,4.62,5.38,6.15,7.31,8.08,8.08,6.92,5.38,5,4.62,4.62,5.77,5.38,6.15,5.77,5.77,4.62,5,5,6.54,5.38,5.38,6.54,8.08,8.85,8.46,8.85,8.85,8.85,8.08,7.31,7.31,7.31,7.69,6.92,8.08,7.31,7.31,6.92,5.38,6.15,4.62,5,5.77,5.38,6.15
192099,"Taylor Ranch","Neighborhood","NM",531,"Albuquerque",394312,10,6.67,6.67,10,10,6.67,3.33,3.33,3.33,3.33,10,10,10,6.67,3.33,3.33,3.33,3.33,3.33,6.67,10,10,6.67,10,10,10,6.67,3.33,3.33,3.33,3.33,3.33,10,10,10,6.67,6.67,6.67,6.67,3.33,3.33,10,10,10,10,3.33,3.33,3.33,3.33,6.67,6.67,3.33,3.33,3.33,6.67,10,6.67,6.67,3.33,3.33,3.33,3.33,3.33,6.67,6.67,6.67,6.67,3.33,3.33,3.33,10,6.67,6.67,3.33,3.33,3.33,3.33,3.33,6.67,6.67,6.67,6.67,6.67,6.67,6.67,6.67,6.67,6.67,3.33,3.33,3.33,6.67,6.67,6.67,6.67,6.67,6.67,3.33,3.33,3.33,3.33,6.67,10,10,6.67,6.67
273443,"Deep Creek North","Neighborhood","VA",532,"Virginia Beach-Norfolk-Newport News",395194,2.39,3.26,5.22,6.3,7.17,6.52,7.83,8.48,8.48,7.83,7.17,7.17,8.04,9.13,9.57,9.57,9.57,9.13,8.7,7.83,6.96,6.52,5.87,5.43,5.65,5.43,5.43,5.22,6.3,7.39,7.39,7.17,6.74,7.39,6.74,7.61,7.61,7.61,8.04,8.04,7.61,6.52,7.17,8.04,8.48,9.35,9.13,9.57,9.13,9.13,8.48,8.26,8.7,8.48,7.17,4.57,3.48,2.61,3.26,3.7,4.57,7.17,9.35,9.78,10,10,9.13,8.26,8.04,8.04,8.7,9.13,9.57,9.78,10,9.78,9.35,8.91,9.35,9.78,10,10,9.78,10,9.13,7.39,5.65,6.09,7.17,7.39,7.61,7.17,6.96,8.04,8.91,8.26,6.3,5,5.65,6.96,7.39,7.39,7.17,6.74,6.74,6.52
271173,"Mount Airy East","Neighborhood","PA",534,"Philadelphia-Camden-Wilmington",394974,6.29,6.45,5.48,6.45,8.06,7.1,4.84,3.55,3.23,4.52,7.1,8.71,7.74,6.45,6.45,7.58,7.9,7.1,6.77,4.84,4.03,2.74,2.74,3.06,4.19,3.87,3.87,3.23,3.55,4.52,4.19,2.9,2.58,2.58,2.58,2.9,3.06,3.06,2.74,1.77,0.65,1.13,3.71,7.1,6.77,5.32,3.06,3.71,5.16,7.1,7.42,7.74,7.9,5.65,3.06,1.61,1.45,2.42,3.23,4.68,4.84,4.35,5.16,5,5.32,4.35,5.48,6.45,6.45,6.13,5.97,7.26,7.58,5.32,3.55,2.74,5.16,7.26,7.26,6.45,5.32,4.03,4.03,3.71,4.19,3.87,4.52,4.84,4.35,3.06,2.9,3.06,4.35,5.97,6.13,4.68,4.68,5.81,6.94,8.23,8.87,8.87,8.87,8.71,9.03,8.55
44063,"Bayshore Gardens","Neighborhood","FL",535,"North Port-Sarasota-Bradenton",753906,10,10,9.29,9.29,9.29,7.86,7.14,7.86,7.86,7.86,7.86,9.29,9.29,8.57,6.43,5,5.71,8.57,8.57,7.86,6.43,5.71,5.71,5.71,6.43,6.43,7.14,6.43,5,2.86,2.86,4.29,5,5,3.57,2.86,2.14,2.14,5,5.71,7.86,10,7.14,5.71,5,3.57,3.57,5.71,6.43,7.14,7.14,7.14,8.57,8.57,9.29,10,10,10,10,8.57,7.14,6.43,5,3.57,7.86,7.86,9.29,8.57,8.57,8.57,8.57,7.86,9.29,8.57,10,9.29,10,9.29,10,9.29,10,10,10,10,9.29,9.29,9.29,9.29,10,10,9.29,9.29,9.29,9.29,10,9.29,9.29,9.29,9.29,10,10,10,10,10,9.29,9.29
133535,"Waikiki","Neighborhood","HI",536,"Urban Honolulu",753924,1.82,3.64,5.45,5.45,7.27,4.55,5.45,5.45,6.36,7.27,6.36,7.27,7.27,8.18,8.18,9.09,10,10,7.27,1.82,1.82,1.82,4.55,3.64,3.64,3.64,3.64,2.73,1.82,0.91,2.73,4.55,6.36,6.36,6.36,6.36,4.55,2.73,1.82,2.73,3.64,3.64,2.73,2.73,2.73,2.73,5.45,3.64,3.64,4.55,5.45,5.45,4.55,2.73,4.55,5.45,5.45,6.36,4.55,2.73,2.73,2.73,2.73,3.64,3.64,4.55,4.55,4.55,4.55,2.73,2.73,4.55,5.45,5.45,4.55,6.36,7.27,6.36,8.18,6.36,4.55,3.64,1.82,1.82,4.55,5.45,8.18,8.18,7.27,4.55,3.64,3.64,3.64,1.82,0.91,0.91,1.82,1.82,1.82,4.55,4.55,5.45,4.55,0.91,0.91,0.91
275460,"South Side","Neighborhood","OH",537,"Toledo",395160,8.33,8.33,9.17,8.33,5.83,6.67,4.17,3.33,4.17,4.17,4.17,5.83,7.5,9.17,10,10,10,10,9.17,9.17,7.5,7.5,5,9.17,9.17,10,10,10,9.17,8.33,6.67,8.33,8.33,6.67,5,4.17,5,7.5,9.17,10,7.5,8.33,9.17,10,10,10,5.83,0.83,0.83,4.17,9.17,9.17,9.17,9.17,10,7.5,5.83,4.17,6.67,5.83,6.67,7.5,7.5,7.5,8.33,8.33,9.17,5,1.67,0.83,0.83,0.83,0.83,1.67,6.67,10,10,8.33,6.67,8.33,8.33,9.17,9.17,10,9.17,9.17,9.17,9.17,9.17,8.33,7.5,5.83,5,5.83,5.83,1.67,1.67,0.83,1.67,2.5,8.33,10,10,10,9.17,5.83
274385,"Macalester-Groveland","Neighborhood","MN",538,"Minneapolis-St. Paul-Bloomington",394865,8.89,10,10,10,10,8.89,5.56,6.67,8.89,10,10,10,10,10,10,10,5.56,3.33,4.44,5.56,4.44,4.44,3.33,2.22,4.44,4.44,3.33,3.33,2.22,2.22,2.22,2.22,5.56,7.78,10,10,10,10,10,6.67,6.67,5.56,5.56,5.56,4.44,5.56,6.67,2.22,1.11,6.67,7.78,6.67,2.22,3.33,3.33,4.44,4.44,5.56,5.56,4.44,3.33,2.22,2.22,6.67,7.78,7.78,6.67,8.89,7.78,10,10,8.89,8.89,8.89,10,10,8.89,6.67,6.67,7.78,7.78,10,10,4.44,5.56,5.56,2.22,2.22,4.44,8.89,8.89,8.89,6.67,5.56,4.44,2.22,2.22,3.33,4.44,2.22,5.56,5.56,5.56,5.56,5.56,4.44
271189,"Kingesessing","Neighborhood","PA",539,"Philadelphia-Camden-Wilmington",394974,2.42,1.45,0.97,1.13,1.29,1.77,2.26,3.39,3.39,4.84,3.87,7.42,8.87,9.68,9.68,9.19,9.68,8.06,6.29,5.16,5.81,6.13,7.58,7.9,7.9,5.16,2.74,1.77,1.61,1.94,2.58,2.26,1.77,1.77,2.1,5,5.48,7.74,7.74,8.39,6.77,2.58,0.81,0.32,1.61,5.48,9.35,9.52,9.52,9.84,9.19,6.13,3.55,4.03,7.74,7.42,7.26,6.13,4.19,3.23,1.45,3.55,5.48,9.19,9.35,9.19,8.06,9.52,8.87,8.39,6.94,6.61,7.74,8.71,8.06,5.32,2.9,3.06,6.29,9.35,9.52,8.55,7.42,6.13,4.52,4.68,5.97,7.42,9.03,6.61,4.35,4.68,7.9,8.87,9.52,8.55,8.71,8.39,7.74,7.58,6.61,5.81,4.35,3.71,2.9,2.58
137603,"Bucktown","Neighborhood","IL",540,"Chicago-Naperville-Elgin",394463,0.28,0.14,0.42,0.28,0.56,0.56,0.69,0.56,0.97,0.42,0.42,0.69,1.25,1.11,1.25,1.53,1.81,2.64,4.03,4.72,4.72,3.89,3.75,4.17,5,5.83,6.11,6.94,6.94,7.08,6.53,6.81,6.67,6.67,7.08,7.08,6.94,5.83,5.28,5.14,5.28,5.42,5.28,4.17,3.89,3.19,2.78,3.33,4.17,4.31,4.44,5.28,6.39,6.25,6.25,6.53,6.67,6.67,7.36,8.06,8.06,7.64,8.06,7.92,8.33,8.19,8.06,7.92,7.5,7.08,7.5,7.78,7.78,8.19,8.33,8.61,8.61,8.61,8.61,7.78,8.47,8.89,9.44,9.31,9.31,8.89,9.03,8.89,8.47,7.78,6.53,6.25,6.11,5.69,4.44,4.03,3.75,4.03,3.61,4.03,4.86,4.31,3.06,2.22,1.53,1.25
198812,"West End","Neighborhood","IA",541,"Omaha-Council Bluffs",394938,10,10,10,10,10,10,10,10,10,10,10,10,10,10,10,10,10,5,5,5,5,5,5,5,5,5,5,10,10,10,10,5,5,5,5,5,5,5,5,5,5,5,5,5,5,5,5,5,5,5,5,5,5,10,5,5,5,5,5,5,5,5,5,5,5,5,5,5,5,5,5,5,5,5,10,10,10,5,5,5,5,10,10,10,10,10,10,10,10,10,10,5,10,10,10,10,10,10,10,10,10,10,10,10,10,10
269586,"Hyde Park","Neighborhood","IL",542,"Chicago-Naperville-Elgin",394463,6.39,6.25,6.25,6.11,5.69,5.97,6.11,6.81,6.94,6.67,6.67,6.25,7.5,6.94,6.53,6.53,5.69,5.97,6.11,5.56,3.61,2.64,2.08,2.22,0.97,0.97,0.97,0.97,1.25,0.97,0.83,0.42,0.69,0.56,0.56,0.28,0.42,0.69,0.69,0.69,0.69,0.69,1.11,1.11,1.11,1.39,1.53,1.53,1.67,1.67,1.94,2.36,2.08,1.94,1.11,0.56,1.25,1.25,1.39,1.94,2.64,3.19,4.17,4.17,6.25,6.67,6.11,5,4.17,4.31,5.28,5,4.72,4.44,5.28,5.14,5.14,5.56,5.42,5.83,4.86,5.14,5.56,5.83,5.42,6.11,5.69,6.39,5.69,5.97,4.86,5.83,5.56,6.53,6.25,7.64,8.33,8.06,8.89,8.61,9.03,9.17,9.31,7.92,7.22,7.36
268126,"East Sacramento","Neighborhood","CA",543,"Sacramento--Roseville--Arden-Arcade",395045,2.73,4.55,5.45,6.36,6.36,3.64,3.64,2.73,1.82,0.91,0.91,1.82,5.45,2.73,1.82,0.91,1.82,1.82,1.82,1.82,1.82,2.73,3.64,7.27,8.18,6.36,4.55,3.64,5.45,4.55,5.45,5.45,5.45,5.45,7.27,3.64,1.82,0.91,1.82,4.55,6.36,7.27,4.55,3.64,3.64,3.64,3.64,5.45,4.55,4.55,5.45,7.27,6.36,6.36,6.36,7.27,7.27,4.55,4.55,3.64,4.55,3.64,3.64,7.27,8.18,6.36,4.55,3.64,1.82,2.73,2.73,4.55,4.55,8.18,8.18,7.27,4.55,3.64,2.73,1.82,1.82,2.73,2.73,2.73,2.73,2.73,4.55,6.36,5.45,1.82,1.82,1.82,1.82,1.82,3.64,5.45,7.27,8.18,9.09,9.09,8.18,7.27,7.27,7.27,5.45,4.55
399418,"West Salem","Neighborhood","OR",545,"Salem",395048,1.67,1.67,1.67,5,5,5,3.33,3.33,5,6.67,6.67,5,5,6.67,8.33,8.33,8.33,10,8.33,3.33,1.67,1.67,1.67,5,3.33,5,6.67,5,5,5,5,6.67,5,5,5,5,6.67,10,10,8.33,6.67,6.67,5,1.67,1.67,3.33,3.33,5,5,5,5,8.33,8.33,6.67,5,3.33,3.33,5,5,10,10,10,6.67,5,8.33,6.67,6.67,3.33,1.67,3.33,3.33,5,5,5,6.67,8.33,8.33,6.67,3.33,3.33,3.33,1.67,1.67,1.67,1.67,3.33,6.67,8.33,3.33,3.33,3.33,1.67,1.67,1.67,3.33,3.33,3.33,6.67,6.67,6.67,10,6.67,6.67,5,3.33,3.33
276606,"The Plaza","Neighborhood","CA",546,"Los Angeles-Long Beach-Anaheim",753899,6.63,3.84,1.63,0.81,0.7,1.05,0.47,0.47,0.58,1.28,2.79,6.4,6.05,7.56,7.67,8.72,9.3,8.72,8.14,8.72,9.53,9.88,9.88,10,9.88,9.53,9.19,9.42,9.19,9.19,8.6,8.6,9.07,8.84,8.49,7.44,6.86,5.35,5.23,3.84,5.35,5.58,6.28,6.05,6.63,4.88,3.14,2.56,4.77,6.86,8.95,9.3,9.3,8.84,9.19,8.72,8.6,8.6,8.6,8.02,8.72,9.3,9.42,8.72,7.56,6.74,5.7,5,5.12,6.51,6.74,8.49,8.72,8.72,8.84,8.72,8.95,9.3,9.53,9.65,9.53,9.19,9.53,9.42,9.19,7.44,6.98,8.37,9.07,9.65,8.02,6.86,5.58,5.7,4.88,4.77,3.84,3.49,5.58,6.98,7.44,7.09,7.67,7.91,8.02,8.14
274159,"Juniata Park","Neighborhood","PA",547,"Philadelphia-Camden-Wilmington",394974,6.13,5.97,4.84,3.87,5.16,6.29,8.71,9.19,9.68,9.84,9.35,8.23,6.29,9.03,9.03,9.84,9.84,9.03,8.23,5.97,7.1,5.81,5.81,5.48,5.81,6.61,4.68,2.58,1.94,2.74,5.48,7.9,9.68,9.84,9.84,9.52,7.58,6.29,4.03,2.9,1.94,1.94,2.26,3.55,2.58,1.45,1.77,4.19,9.03,9.19,9.52,9.52,8.87,7.1,4.03,0.65,0.16,0.16,0.16,0.48,5.16,7.26,7.1,7.26,8.06,7.26,4.84,2.42,1.61,2.58,5.16,6.29,7.1,6.13,5.81,5,6.61,3.87,1.61,0.97,2.1,2.74,3.23,3.23,4.68,6.94,6.61,6.77,6.45,5.65,5.48,5,5.16,4.52,5.16,8.06,9.84,10,9.03,7.42,6.13,6.77,7.1,6.61,6.29,6.45
275625,"Sunrise","Neighborhood","NV",548,"Las Vegas-Henderson-Paradise",394775,9.59,8.98,8.37,8.37,9.59,9.59,9.59,7.96,6.73,6.12,5.1,2.86,5.71,8.37,9.39,9.39,9.59,9.59,9.8,9.59,9.39,9.18,9.39,8.57,6.33,4.69,5.71,6.33,4.69,3.47,1.84,2.24,0.61,2.65,1.02,1.63,1.22,3.27,6.12,5.92,2.45,1.43,0.2,0.41,1.63,3.47,1.63,0.2,0.2,0.2,0.61,3.06,8.98,9.39,9.59,9.8,9.8,10,10,10,10,9.59,8.98,9.39,7.55,7.35,5.51,5.92,3.67,1.22,1.63,2.65,8.98,9.18,8.57,7.76,5.71,5.1,4.08,4.29,5.1,8.16,8.98,9.8,10,10,10,10,10,9.8,8.98,7.96,7.55,8.16,8.57,9.8,10,10,8.78,3.88,4.29,8.16,9.59,9.39,8.78,3.88
268410,"Point Loma Heights","Neighborhood","CA",549,"San Diego-Carlsbad",395056,1.38,1.03,1.03,1.72,2.07,2.07,3.1,4.14,4.83,5.17,4.48,4.48,4.14,3.79,4.14,3.79,3.79,3.1,3.1,2.07,3.1,4.48,4.48,5.86,6.21,8.28,9.31,9.31,10,9.66,8.97,7.59,7.24,7.59,7.59,7.59,5.17,4.48,3.1,3.1,3.1,3.45,3.79,3.1,1.72,1.38,2.07,3.1,3.45,4.14,5.17,6.55,7.93,7.93,7.93,7.24,6.9,6.55,6.55,6.9,7.24,7.93,7.59,6.9,6.55,5.52,5.17,5.52,6.9,6.9,6.21,4.83,5.17,4.48,5.17,5.17,4.83,4.48,4.48,4.48,4.14,3.79,4.14,5.17,5.17,4.48,4.48,4.14,3.1,2.76,2.76,4.14,4.83,6.9,7.93,8.62,8.28,8.62,8.28,8.97,8.97,8.97,7.93,7.59,5.86,5.17
276009,"Western Branch North","Neighborhood","VA",550,"Virginia Beach-Norfolk-Newport News",395194,7.17,6.74,7.39,9.13,5.22,3.04,2.61,2.83,5,3.26,2.39,1.3,1.3,1.96,2.39,3.48,3.26,3.48,2.61,2.39,2.17,1.74,2.39,2.39,2.17,1.52,1.52,1.74,2.61,3.91,3.91,5.22,3.91,3.48,4.35,5.65,6.74,6.3,5,3.04,3.04,2.61,2.61,2.39,3.26,4.13,8.04,7.83,7.17,5.87,4.13,3.26,3.26,2.39,2.83,3.04,3.91,3.7,3.04,5.22,7.39,8.26,6.52,6.3,5.65,5,4.35,4.78,6.52,8.91,9.35,7.83,8.04,7.17,5.22,4.13,2.83,3.48,4.35,6.09,7.17,6.74,6.3,7.61,7.17,6.09,4.35,3.04,3.7,5.22,7.17,6.09,3.7,3.48,4.57,7.17,7.39,6.3,5,1.96,0.43,0.65,1.3,2.39,6.09,7.83
46114,"Lake Shore","Neighborhood","MD",551,"Baltimore-Columbia-Towson",394358,2.5,1.67,2.5,2.5,3.33,4.17,4.17,4.17,5,3.33,3.33,4.17,5.83,7.5,7.5,5.83,3.33,1.67,0.83,0.83,1.67,3.33,3.33,4.17,4.17,4.17,3.33,3.33,3.33,4.17,1.67,0.83,0.83,0.83,0.83,2.5,2.5,2.5,3.33,3.33,5,5,5,7.5,7.5,9.17,6.67,5.83,5,5.83,6.67,8.33,9.17,7.5,6.67,3.33,2.5,4.17,5,5.83,5.83,5,5.83,8.33,6.67,5.83,1.67,2.5,3.33,3.33,5,6.67,7.5,5.83,1.67,2.5,3.33,6.67,6.67,8.33,8.33,8.33,8.33,8.33,8.33,6.67,5.83,6.67,7.5,6.67,6.67,6.67,6.67,5,5.83,7.5,7.5,9.17,9.17,9.17,9.17,10,10,8.33,8.33,9.17
271458,"Macgregor","Neighborhood","TX",552,"Houston-The Woodlands-Sugar Land",394692,0.24,0.24,0.48,0.48,1.19,0.95,0.71,0.71,0.48,0.24,0.48,0.71,0.71,0.71,1.43,2.38,2.62,2.38,2.86,1.19,0.95,0.48,1.43,2.38,2.62,3.1,4.76,5.71,5.95,5.95,4.76,4.05,2.62,2.38,1.9,1.19,1.43,0.95,0.48,0.24,0.48,1.67,2.62,3.57,3.81,6.43,2.86,2.86,1.9,5.24,5,5.48,2.62,1.19,1.19,0.71,0.48,0.48,0.24,0.24,0.24,0.24,0.48,1.19,2.62,3.81,6.43,6.67,7.38,4.29,4.05,3.33,5.95,6.19,7.86,6.19,5.48,5,4.52,4.29,3.57,3.81,5.24,5.71,4.52,3.33,3.1,3.81,2.86,2.14,1.43,2.14,3.33,3.33,4.52,6.19,7.62,7.62,6.9,7.38,7.62,6.43,4.76,4.52,4.52,5.24
274928,"Ottawa","Neighborhood","OH",554,"Toledo",395160,6.67,6.67,5.83,5.83,7.5,7.5,7.5,8.33,7.5,6.67,5.83,3.33,3.33,6.67,8.33,6.67,5.83,5.83,5,4.17,3.33,5,6.67,7.5,4.17,0.83,0.83,1.67,3.33,7.5,7.5,5,2.5,1.67,2.5,5,5.83,6.67,8.33,6.67,5.83,5.83,5.83,5.83,5,6.67,8.33,7.5,6.67,5.83,3.33,2.5,0.83,2.5,2.5,2.5,2.5,2.5,3.33,4.17,1.67,1.67,0.83,0.83,0.83,1.67,3.33,4.17,8.33,8.33,8.33,8.33,1.67,0.83,0.83,1.67,2.5,7.5,7.5,6.67,5,3.33,5,5.83,6.67,3.33,4.17,4.17,4.17,5,5,5,7.5,8.33,6.67,3.33,2.5,3.33,4.17,4.17,4.17,6.67,9.17,9.17,10,10
343427,"Diamond Head-Kapahulu-St. Louis","Neighborhood","HI",555,"Urban Honolulu",753924,5.45,1.82,1.82,1.82,4.55,6.36,6.36,6.36,4.55,5.45,10,10,9.09,4.55,1.82,1.82,0.91,1.82,0.91,3.64,6.36,9.09,5.45,2.73,0.91,1.82,1.82,0.91,0.91,2.73,5.45,7.27,8.18,9.09,9.09,8.18,7.27,5.45,2.73,0.91,2.73,6.36,10,10,7.27,5.45,3.64,5.45,9.09,9.09,8.18,6.36,6.36,6.36,5.45,6.36,8.18,9.09,8.18,5.45,5.45,4.55,4.55,2.73,4.55,2.73,3.64,1.82,1.82,7.27,9.09,9.09,7.27,7.27,6.36,5.45,3.64,2.73,2.73,5.45,9.09,9.09,10,10,9.09,9.09,9.09,10,10,9.09,4.55,7.27,9.09,10,7.27,6.36,6.36,7.27,5.45,5.45,7.27,10,10,8.18,7.27,8.18
269014,"Hollywood Hills","Neighborhood","FL",556,"Miami-Fort Lauderdale-West Palm Beach",394856,5.22,6.27,7.46,8.51,5.97,4.03,2.84,5.52,7.01,9.1,9.4,9.25,9.4,9.25,9.4,8.81,9.25,9.85,9.7,7.76,5.22,4.03,2.54,3.73,4.48,4.93,3.88,3.73,4.48,7.61,8.81,8.96,9.1,9.1,9.7,9.7,9.7,8.81,8.96,8.66,7.76,5.67,5.07,4.48,5.52,5.52,5.67,6.87,7.16,7.16,5.37,4.48,4.78,4.48,6.27,5.97,4.78,4.63,5.07,6.12,6.87,6.87,5.52,4.78,4.33,4.48,5.37,6.72,7.01,7.61,7.91,8.51,8.21,8.81,8.81,8.66,8.66,8.66,7.91,7.61,7.16,7.01,7.01,7.91,9.1,9.4,8.96,8.21,8.36,8.06,7.76,7.31,7.16,7.31,7.61,7.46,7.46,6.72,7.01,8.06,8.81,8.06,7.91,8.21,8.66,8.96
207477,"Santa Clara","Neighborhood","OR",557,"Eugene",394576,8,10,10,8,6,4,4,2,4,4,4,4,4,4,4,4,6,8,10,8,8,8,8,8,10,10,10,10,10,10,10,10,10,10,6,6,6,4,6,6,8,6,8,6,8,8,8,6,8,10,10,10,10,10,10,8,8,6,8,8,8,6,8,8,6,4,2,2,2,6,6,6,6,6,6,8,8,10,10,10,6,6,8,8,8,8,8,6,6,8,8,6,6,6,6,4,6,8,8,8,10,8,8,8,8,8
395435,"Islip","Neighborhood","NY",558,"New York-Newark-Jersey City",394913,3.36,5.84,7.52,7.61,6.46,5.49,4.6,4.96,5.22,3.54,1.95,0.44,0.44,1.15,1.86,2.83,2.74,3.72,5.66,5.58,5.22,4.6,2.48,0.62,0.35,0.53,0.62,0.88,0.62,0.62,0.44,1.06,2.04,3.89,6.73,6.19,5.49,2.57,2.12,2.04,3.63,4.6,2.04,1.68,1.42,2.74,4.78,5.58,6.55,7.43,7.08,5.75,4.34,2.74,1.33,0.44,0.18,0.44,0.35,0.27,0.35,0.09,0.09,0.09,0.18,0.27,0.35,1.06,1.33,1.59,1.33,1.86,3.72,5.84,5.93,5.93,5.13,5.84,5.66,6.81,7.43,7.79,6.64,5.31,5.22,5.31,6.46,7.17,7.88,8.14,8.32,8.23,7.88,6.9,6.81,7.17,7.61,7.88,8.14,8.32,8.05,8.32,9.03,9.47,9.56,9.03
7314,"Sun City","Neighborhood","CA",559,"Riverside-San Bernardino-Ontario",395025,2.14,4.29,5,5.71,9.29,10,7.86,5.71,5,6.43,7.14,7.14,7.14,7.86,7.86,7.86,5.71,5,6.43,7.86,8.57,7.86,7.14,5.71,4.29,3.57,5,5,5.71,2.86,1.43,2.14,2.14,2.86,3.57,5.71,8.57,9.29,9.29,10,9.29,10,8.57,8.57,7.86,7.86,8.57,9.29,10,9.29,8.57,6.43,5.71,3.57,2.86,2.86,2.86,2.14,2.86,3.57,2.86,2.86,2.86,4.29,6.43,10,9.29,9.29,9.29,8.57,7.86,7.14,8.57,8.57,10,10,10,9.29,9.29,6.43,5,3.57,4.29,5,5.71,7.14,7.86,8.57,7.86,7.86,7.86,8.57,7.86,7.14,6.43,6.43,7.14,6.43,6.43,6.43,5.71,4.29,3.57,1.43,3.57,4.29
272887,"Beach Haven","Neighborhood","FL",560,"Jacksonville",394714,5.67,4.33,4,5.33,5.67,6,2.33,2.33,2.33,5.67,8,8.67,8.67,8,8,7.33,6.67,4,2.67,2.33,2.67,4.67,2.67,3.33,3.33,6,7,7,5.67,6,6,7,6.33,7.33,7.33,7.67,5.67,4.67,3,1,2,2,4.33,5,5.33,4.67,4.67,6,7.67,8.67,8.33,6.67,3,2.33,1.67,1.67,1.67,2.67,3.33,3.33,4,5.33,3.67,4,2,3,3.67,4.67,5.67,6.67,6.67,5.67,5,5.67,6.67,6.33,5,5.33,5.67,6,5.67,5.67,7.33,7.67,7,5.67,4.67,4.33,4.67,5.33,5,5.33,3.67,3.33,3.67,3.67,4.67,5.67,4,3.33,4,5.67,5.67,5.33,5.33,5.33
268970,"East Arlington","Neighborhood","FL",561,"Jacksonville",394714,4.33,4.67,4.67,5.67,5.33,4.33,5.33,4.67,6,6,5.67,5.33,6,6.67,6.33,6.33,7.33,7,7.67,7.33,8.67,9,9,9,8.67,9.33,9.33,9.67,9.67,8.67,8.33,9,7.67,7,7,7.33,8.33,7.67,7.67,7,5.67,6.33,5.67,5.67,4.67,3.67,5,6.33,6,4,4,3.67,7,8.33,8,8.33,8.67,9.33,9.67,9.33,9.33,9.33,10,9.67,9.33,9,7.33,6.33,7,8.33,8.67,8.67,8.67,9.33,9,9.33,9,8.67,6.67,7,7,7,7,7.33,7.67,8,8,7.33,8,9,7.33,6,5,5.33,5.67,6,7,7.67,8.33,9,8.67,8.33,8.67,8.67,8,8.33
269720,"Old Aurora","Neighborhood","LA",562,"New Orleans-Metairie",394910,5,5,5,5,5,5,5,5,5,5,5,5,5,5,5,5,5,5,5,5,5,5,5,10,10,10,10,10,10,10,10,10,10,10,10,10,10,10,10,10,10,10,10,10,10,10,10,10,10,10,10,10,10,10,10,10,10,10,10,10,10,10,10,10,10,10,10,10,10,10,10,10,10,10,10,10,10,5,5,5,5,10,10,10,10,10,10,10,10,10,10,5,5,5,5,5,10,10,10,10,10,10,10,10,10,10
233960,"Heights","Neighborhood","MT",564,"Billings",394386,6.67,6.67,3.33,3.33,3.33,3.33,6.67,10,10,6.67,6.67,6.67,3.33,3.33,3.33,3.33,3.33,3.33,3.33,3.33,3.33,3.33,3.33,3.33,6.67,10,10,10,10,10,10,6.67,6.67,6.67,10,10,10,10,10,10,10,10,10,6.67,6.67,6.67,3.33,3.33,3.33,3.33,6.67,6.67,3.33,3.33,3.33,3.33,3.33,3.33,6.67,6.67,6.67,6.67,3.33,3.33,10,10,10,10,10,6.67,6.67,6.67,6.67,10,10,10,6.67,6.67,3.33,6.67,6.67,6.67,10,10,10,10,6.67,10,10,10,6.67,6.67,6.67,3.33,6.67,6.67,6.67,6.67,10,10,3.33,3.33,3.33,6.67,10,10
274879,"Old Colorado City","Neighborhood","CO",565,"Colorado Springs",394484,8.18,10,10,9.09,7.27,0.91,0.91,1.82,4.55,8.18,8.18,6.36,8.18,9.09,6.36,3.64,0.91,0.91,0.91,0.91,0.91,0.91,1.82,9.09,9.09,9.09,4.55,1.82,0.91,0.91,0.91,5.45,9.09,9.09,9.09,8.18,4.55,4.55,4.55,5.45,3.64,6.36,9.09,5.45,8.18,9.09,9.09,9.09,9.09,7.27,3.64,3.64,3.64,4.55,5.45,3.64,2.73,2.73,3.64,5.45,3.64,3.64,1.82,1.82,0.91,0.91,1.82,5.45,9.09,9.09,9.09,6.36,3.64,5.45,5.45,5.45,4.55,4.55,4.55,6.36,8.18,8.18,7.27,3.64,3.64,3.64,4.55,7.27,8.18,10,10,8.18,8.18,8.18,9.09,8.18,4.55,4.55,4.55,4.55,5.45,4.55,5.45,4.55,2.73,2.73
268591,"Weston Ranch","Neighborhood","CA",566,"Stockton-Lodi",395134,10,6.67,3.33,3.33,3.33,3.33,3.33,3.33,3.33,6.67,6.67,6.67,6.67,10,6.67,6.67,10,6.67,6.67,6.67,6.67,6.67,6.67,6.67,6.67,6.67,6.67,6.67,6.67,6.67,6.67,6.67,6.67,6.67,6.67,3.33,6.67,10,6.67,10,10,6.67,6.67,6.67,6.67,6.67,6.67,6.67,6.67,6.67,6.67,10,10,6.67,6.67,6.67,6.67,6.67,6.67,6.67,6.67,10,10,6.67,6.67,6.67,6.67,6.67,6.67,6.67,6.67,10,10,10,10,10,6.67,6.67,6.67,6.67,6.67,6.67,6.67,6.67,6.67,6.67,6.67,6.67,3.33,3.33,6.67,6.67,6.67,6.67,6.67,6.67,10,10,10,10,10,10,10,10,10,10
276488,"Nuuanu-Punchbowl","Neighborhood","HI",568,"Urban Honolulu",753924,7.27,7.27,7.27,7.27,3.64,2.73,1.82,1.82,1.82,0.91,1.82,0.91,0.91,0.91,3.64,7.27,8.18,9.09,10,10,8.18,2.73,1.82,4.55,9.09,9.09,9.09,9.09,10,10,9.09,1.82,0.91,0.91,0.91,0.91,1.82,1.82,3.64,4.55,5.45,2.73,3.64,4.55,6.36,4.55,2.73,2.73,1.82,2.73,3.64,4.55,5.45,3.64,1.82,0.91,2.73,5.45,9.09,9.09,9.09,9.09,8.18,6.36,1.82,0.91,1.82,3.64,7.27,5.45,6.36,5.45,3.64,2.73,2.73,4.55,4.55,5.45,5.45,7.27,7.27,7.27,8.18,6.36,1.82,1.82,0.91,1.82,2.73,7.27,8.18,5.45,4.55,4.55,4.55,7.27,4.55,9.09,10,10,10,9.09,7.27,10,9.09,9.09
270102,"Dayton's Bluff","Neighborhood","MN",569,"Minneapolis-St. Paul-Bloomington",394865,5.56,5.56,8.89,8.89,8.89,5.56,3.33,2.22,3.33,3.33,3.33,4.44,5.56,5.56,3.33,4.44,3.33,4.44,2.22,3.33,3.33,8.89,10,8.89,2.22,2.22,1.11,2.22,3.33,6.67,7.78,4.44,2.22,1.11,1.11,1.11,2.22,4.44,5.56,7.78,5.56,4.44,4.44,3.33,5.56,8.89,8.89,7.78,5.56,7.78,3.33,7.78,10,10,10,7.78,5.56,4.44,6.67,6.67,8.89,5.56,4.44,2.22,1.11,2.22,3.33,5.56,6.67,7.78,6.67,7.78,4.44,3.33,2.22,3.33,2.22,1.11,2.22,3.33,5.56,6.67,8.89,5.56,3.33,3.33,3.33,3.33,3.33,3.33,4.44,5.56,8.89,10,10,5.56,3.33,2.22,3.33,5.56,4.44,6.67,10,10,8.89,6.67
244793,"Kings Grant","Neighborhood","VA",570,"Virginia Beach-Norfolk-Newport News",395194,3.04,2.61,1.74,1.74,3.04,3.48,5.65,8.91,10,9.78,8.48,6.74,7.17,7.39,5.43,1.52,1.52,0.87,2.39,4.57,10,10,9.35,7.39,6.74,6.52,7.39,8.48,9.57,9.57,8.26,6.52,5.43,6.09,5.65,5.43,5.43,5.65,7.17,8.48,9.35,9.13,8.48,7.83,7.17,5.43,5,4.35,4.78,7.39,7.83,8.7,4.78,3.04,1.74,3.48,5.22,6.96,6.3,5,5.22,4.13,4.57,4.13,3.04,1.52,1.52,2.83,3.26,3.48,3.91,3.91,3.48,4.13,5,5,4.57,1.09,1.52,1.52,2.17,3.04,3.91,3.48,2.61,0.87,0.43,0.87,2.39,5.65,5.43,5.87,3.04,2.17,2.17,1.74,3.48,4.13,4.78,4.35,2.17,1.3,0.87,0.65,0.87,3.48
270953,"Turtle Bay","Neighborhood","NY",571,"New York-Newark-Jersey City",394913,3.54,3.27,3.19,3.45,4.78,5.93,5.4,5.4,5.93,6.99,6.9,5.58,2.65,1.86,1.68,2.48,2.83,2.83,2.83,1.33,0.97,0.62,0.44,0.53,1.15,1.42,0.88,0.8,0.88,0.97,1.59,2.04,3.36,4.6,5.31,3.36,2.04,2.74,5.22,7.43,8.23,7.17,6.02,5.84,6.81,7.61,7.61,6.19,6.02,5.58,5.66,6.19,6.19,6.46,5.66,6.28,5.58,6.37,6.55,6.19,5.22,3.98,1.86,0.88,0.71,1.5,4.51,6.55,6.37,5.04,3.98,4.25,4.34,4.42,4.16,3.19,3.36,3.19,4.69,5.04,6.11,5.13,5.31,2.74,0.8,0.8,0.62,0.88,0.88,1.59,1.42,3.89,5.66,7.88,5.75,2.39,0.35,0.27,0.18,0.27,0.18,0.09,0.18,0.62,1.15,1.68
269381,"Midtown","Neighborhood","GA",572,"Atlanta-Sandy Springs-Roswell",394347,8.42,8.95,8.95,8.95,8.95,8.95,8.42,7.89,6.84,6.84,6.84,6.84,7.89,7.89,5.79,4.74,5.79,4.74,5.79,5.79,5.26,4.74,6.32,4.74,4.74,5.79,7.37,6.84,6.84,4.74,4.21,5.26,4.74,3.68,4.21,3.68,4.21,3.68,6.84,6.84,5.79,5.79,5.26,5.79,6.84,7.89,7.89,8.42,8.42,7.89,8.42,9.47,10,8.95,7.89,6.32,6.32,6.84,6.84,6.84,6.32,8.42,8.42,7.89,7.89,7.89,6.32,5.79,4.74,4.74,4.74,4.74,5.26,5.26,6.84,6.84,7.37,5.26,5.26,4.74,4.21,5.26,5.79,7.89,8.42,8.42,8.42,7.89,8.42,8.42,7.89,6.32,6.84,7.37,7.37,7.37,6.84,5.79,5.79,5.79,6.84,6.84,4.74,4.74,4.21,3.68
22899,"South Weymouth","Neighborhood","MA",573,"Boston-Cambridge-Newton",394404,3.08,2.31,2.31,1.54,1.54,1.54,1.54,1.54,2.31,2.31,2.31,1.54,1.54,1.54,0.77,1.54,1.54,1.54,2.31,2.31,1.54,1.54,1.54,1.54,1.54,3.08,3.08,3.08,3.08,2.31,1.54,0.77,0.77,1.54,2.31,1.54,1.54,2.31,2.31,2.31,2.31,2.31,2.31,2.31,2.31,1.54,1.54,1.54,1.54,2.31,2.31,2.31,2.31,2.31,2.31,2.31,2.31,2.31,2.31,3.08,3.08,2.31,1.54,3.08,2.31,3.08,3.08,3.08,3.08,2.31,2.31,3.08,2.31,2.31,4.62,5.38,6.15,6.15,5.38,5.38,5.38,5.38,3.08,3.85,4.62,5.38,5.38,6.15,5.38,5.38,5.38,4.62,4.62,4.62,4.62,5.38,7.69,6.15,5.38,5.38,7.69,8.46,7.69,4.62,3.85,5.38
43998,"Avenel","Neighborhood","NJ",574,"New York-Newark-Jersey City",394913,5.75,5.49,5.66,7.08,7.79,7.88,7.17,6.37,5.49,5.22,6.19,7.17,6.64,6.11,6.64,7.7,8.23,8.32,8.5,8.58,8.14,7.61,6.9,6.99,8.76,9.29,9.47,9.56,9.47,9.29,9.56,9.29,9.47,9.38,9.47,9.29,9.03,8.94,8.5,8.14,7.7,8.32,8.5,8.41,7.88,8.14,8.85,9.2,9.38,9.38,8.58,6.11,3.01,2.92,3.36,3.45,2.74,1.33,0.97,1.68,2.39,1.59,2.12,2.48,4.87,3.72,2.39,3.98,5.75,8.05,8.14,8.67,8.67,8.94,8.58,7.35,5.93,7.52,8.67,8.85,8.58,8.94,8.94,9.2,9.12,9.2,8.85,9.38,9.65,9.29,9.29,8.85,9.03,8.85,9.2,9.47,9.65,9.73,9.73,9.82,9.82,9.82,9.73,9.91,9.82,9.65
762250,"Alden Bridge","Neighborhood","TX",575,"Houston-The Woodlands-Sugar Land",394692,4.29,5,4.52,5.24,4.52,4.52,1.9,2.86,4.29,5.95,6.43,6.43,7.38,7.62,7.62,7.62,7.86,8.1,8.57,9.29,8.81,8.33,9.05,9.05,8.81,8.33,7.86,9.05,9.76,10,9.29,9.05,8.33,8.57,8.1,8.33,8.57,8.81,9.76,10,10,10,9.52,6.19,4.05,2.86,3.57,3.57,4.29,4.76,4.05,3.33,3.1,2.62,2.38,1.9,1.67,1.43,1.67,2.62,2.62,1.43,0.95,0.71,1.43,2.14,3.1,5,4.29,5,4.29,6.43,5.71,4.76,4.05,5.48,6.43,5.95,4.76,4.05,3.81,3.57,3.33,3.57,5.48,7.62,8.33,9.29,7.38,6.9,6.67,6.43,5.48,5.48,7.14,7.14,6.9,7.14,7.38,7.14,6.9,5.95,8.1,8.33,8.33,8.81
137841,"Clearing","Neighborhood","IL",576,"Chicago-Naperville-Elgin",394463,3.61,4.44,5.14,4.17,3.61,3.06,3.75,3.75,2.92,3.19,3.33,3.19,3.47,3.89,3.33,3.19,3.06,2.92,3.47,5.83,7.78,8.89,9.44,9.03,8.75,8.19,7.5,4.44,0.97,0.28,0.28,0.28,0.83,0.83,1.67,1.67,1.53,2.08,4.58,6.67,7.22,7.22,7.64,7.22,7.5,5.14,2.64,2.92,3.47,2.92,1.39,0.97,1.53,3.33,4.58,2.92,0.97,0.83,0.97,1.39,2.08,2.78,3.19,2.5,1.25,1.67,2.92,4.58,5.97,5.28,2.5,1.25,0.97,1.25,1.81,1.94,2.22,2.5,2.78,2.92,4.44,5.83,4.44,3.19,2.78,2.08,1.39,0.83,0.83,1.25,2.64,4.86,8.19,8.33,7.08,5.69,3.89,3.75,3.89,3.89,3.06,2.5,3.33,4.72,5.83,5
233290,"Flour Bluff","Neighborhood","TX",577,"Corpus Christi",394502,2.86,4.29,2.86,2.86,2.86,2.86,2.86,1.43,1.43,1.43,2.86,8.57,10,10,8.57,5.71,4.29,5.71,7.14,10,10,8.57,7.14,7.14,5.71,7.14,5.71,8.57,10,10,7.14,8.57,7.14,7.14,7.14,8.57,10,10,10,10,10,10,10,8.57,4.29,4.29,5.71,7.14,8.57,2.86,1.43,1.43,1.43,2.86,4.29,5.71,8.57,7.14,8.57,8.57,10,7.14,7.14,8.57,8.57,10,10,7.14,5.71,5.71,5.71,8.57,4.29,7.14,5.71,4.29,4.29,4.29,5.71,5.71,4.29,7.14,7.14,7.14,2.86,8.57,7.14,5.71,2.86,2.86,7.14,8.57,8.57,10,8.57,10,10,8.57,4.29,4.29,8.57,8.57,10,10,7.14,4.29
273050,"Broadmoor, Anderson Island, Shreve Isle.","Neighborhood","LA",578,"Shreveport-Bossier City",395096,6.67,3.33,1.67,1.67,1.67,1.67,1.67,1.67,6.67,8.33,8.33,8.33,8.33,10,10,8.33,6.67,5,6.67,6.67,8.33,8.33,10,10,10,10,6.67,5,6.67,5,3.33,3.33,10,10,10,10,10,8.33,6.67,8.33,5,6.67,5,5,5,6.67,10,10,10,3.33,3.33,3.33,6.67,10,10,10,6.67,8.33,10,10,10,8.33,6.67,8.33,8.33,5,3.33,3.33,3.33,8.33,8.33,8.33,8.33,8.33,8.33,6.67,5,5,5,5,5,5,3.33,3.33,5,5,3.33,1.67,1.67,1.67,3.33,5,8.33,6.67,6.67,10,10,6.67,3.33,3.33,1.67,3.33,3.33,6.67,6.67,5
206775,"Eagle Creek","Neighborhood","IN",581,"Indianapolis-Carmel-Anderson",394705,5.71,5.71,5.71,5.71,5.71,5,4.29,4.29,4.29,4.29,5,5,5.71,5.71,5.71,5.71,5.71,5,4.29,4.29,5,5.71,5.71,5.71,5.71,5.71,5.71,5.71,4.29,3.57,2.86,3.57,3.57,3.57,3.57,5,5,5.71,5.71,2.86,1.43,0.71,3.57,3.57,7.14,2.86,1.43,0.71,0.71,2.14,2.14,3.57,5,5.71,3.57,1.43,0.71,1.43,9.29,10,9.29,9.29,9.29,7.86,5.71,4.29,6.43,7.86,8.57,7.86,8.57,9.29,9.29,7.86,2.86,1.43,1.43,1.43,2.14,2.14,3.57,3.57,0.71,0.71,0.71,2.14,3.57,3.57,3.57,2.14,0.71,1.43,2.14,5.71,4.29,5.71,5.71,5.71,6.43,6.43,7.86,8.57,10,9.29,8.57,9.29
273465,"DeVeaux","Neighborhood","OH",582,"Toledo",395160,0.83,0.83,0.83,0.83,2.5,1.67,1.67,2.5,2.5,5,9.17,9.17,9.17,7.5,5.83,4.17,5,1.67,0.83,1.67,5,4.17,5.83,4.17,6.67,7.5,6.67,6.67,5.83,6.67,8.33,10,9.17,8.33,8.33,7.5,4.17,4.17,2.5,2.5,3.33,3.33,3.33,3.33,8.33,9.17,10,9.17,9.17,9.17,8.33,6.67,4.17,1.67,0.83,0.83,0.83,1.67,2.5,6.67,5.83,3.33,2.5,2.5,2.5,3.33,5,7.5,7.5,7.5,6.67,5,5.83,6.67,8.33,8.33,8.33,9.17,8.33,7.5,5.83,4.17,3.33,3.33,4.17,2.5,2.5,1.67,2.5,1.67,4.17,3.33,3.33,1.67,3.33,5.83,9.17,10,7.5,5,5,4.17,5.83,6.67,7.5,7.5
276165,"Wynwood - Edgewater","Neighborhood","FL",583,"Miami-Fort Lauderdale-West Palm Beach",394856,3.88,3.73,2.84,2.99,3.43,5.82,7.16,7.31,6.42,5.22,3.73,2.09,1.94,1.49,1.94,2.54,2.84,2.99,2.84,3.73,6.12,7.61,6.57,6.27,6.57,7.61,7.91,8.51,6.87,3.58,2.69,2.24,2.39,3.28,3.43,3.58,2.54,2.09,2.69,3.73,5.37,4.78,4.63,3.43,1.94,1.94,2.24,2.24,1.04,1.04,0.9,0.9,1.04,2.24,2.69,4.03,4.93,4.33,3.88,3.58,4.78,5.22,4.63,2.69,1.79,1.19,1.94,2.84,3.58,2.84,1.49,1.64,1.04,1.64,0.9,1.04,0.9,0.6,0.45,0.45,0.3,0.45,0.6,0.9,1.19,2.09,2.39,1.94,0.75,0.6,0.3,0.6,0.6,1.04,1.34,2.09,2.99,3.43,3.58,2.84,1.94,1.49,1.34,1.04,1.49,2.09
417113,"Frankford","Neighborhood","MD",584,"Baltimore-Columbia-Towson",394358,8.33,5.83,1.67,0.83,0.83,0.83,0.83,0.83,1.67,2.5,2.5,2.5,1.67,1.67,1.67,3.33,5.83,5.83,6.67,6.67,5,5,5.83,5.83,5.83,5,5,4.17,5.83,5.83,6.67,4.17,4.17,1.67,2.5,3.33,4.17,3.33,1.67,0.83,0.83,4.17,7.5,9.17,10,5.83,2.5,1.67,2.5,5,2.5,1.67,0.83,1.67,1.67,1.67,3.33,3.33,2.5,0.83,0.83,0.83,0.83,1.67,1.67,2.5,4.17,4.17,5,2.5,1.67,2.5,5,5,4.17,1.67,1.67,5,5.83,5,4.17,3.33,3.33,2.5,0.83,0.83,0.83,1.67,5.83,4.17,1.67,0.83,0.83,5.83,6.67,5.83,4.17,4.17,4.17,4.17,3.33,4.17,5,6.67,5.83,5
3942,"Cameron Park","Neighborhood","CA",585,"Sacramento--Roseville--Arden-Arcade",395045,0.91,0.91,0.91,2.73,1.82,1.82,0.91,0.91,0.91,3.64,6.36,2.73,1.82,0.91,2.73,4.55,3.64,3.64,3.64,3.64,3.64,1.82,1.82,2.73,3.64,5.45,6.36,6.36,6.36,6.36,4.55,7.27,2.73,2.73,1.82,1.82,0.91,1.82,0.91,1.82,3.64,3.64,1.82,0.91,1.82,1.82,1.82,3.64,3.64,0.91,0.91,0.91,0.91,0.91,0.91,0.91,0.91,0.91,0.91,0.91,0.91,1.82,2.73,1.82,4.55,2.73,1.82,0.91,0.91,0.91,0.91,0.91,1.82,0.91,0.91,0.91,2.73,2.73,3.64,0.91,0.91,0.91,0.91,0.91,1.82,0.91,0.91,0.91,1.82,5.45,3.64,2.73,2.73,2.73,1.82,1.82,2.73,3.64,3.64,2.73,1.82,1.82,0.91,0.91,0.91,0.91
116774,"Mount Washington","Neighborhood","CA",586,"Los Angeles-Long Beach-Anaheim",753899,9.88,9.88,9.88,9.77,9.3,5.93,2.56,1.63,5,9.3,10,9.77,9.88,9.53,7.33,3.37,4.65,5.47,7.91,8.14,8.02,8.26,8.14,9.19,9.3,9.77,9.65,9.07,7.21,4.77,3.49,2.56,2.33,1.4,2.56,5.93,8.72,7.21,7.21,5.47,6.74,5.47,7.33,6.63,8.6,7.09,8.95,8.37,9.3,8.6,8.6,8.49,5.58,3.95,4.07,8.6,9.77,9.3,8.72,8.37,9.19,9.65,9.88,10,9.77,8.95,8.26,9.19,8.6,5.23,1.16,0.7,1.63,4.19,6.05,5.81,6.4,7.33,8.72,9.53,9.19,8.6,6.98,5.93,4.53,4.53,3.26,2.21,2.67,6.05,9.3,9.77,9.88,9.65,9.77,9.53,9.65,9.88,9.65,8.95,9.19,9.07,9.3,8.26,7.21,2.91
115122,"Foothill Farms","Neighborhood","CA",587,"Sacramento--Roseville--Arden-Arcade",395045,3.64,1.82,1.82,1.82,2.73,4.55,8.18,9.09,9.09,9.09,10,10,9.09,10,9.09,7.27,6.36,6.36,9.09,7.27,7.27,4.55,8.18,8.18,9.09,10,9.09,9.09,9.09,8.18,7.27,6.36,3.64,3.64,5.45,6.36,6.36,5.45,5.45,3.64,1.82,1.82,2.73,7.27,6.36,7.27,5.45,1.82,1.82,3.64,7.27,6.36,3.64,2.73,1.82,1.82,4.55,9.09,6.36,4.55,2.73,2.73,1.82,3.64,6.36,8.18,8.18,9.09,7.27,8.18,7.27,10,9.09,9.09,7.27,9.09,9.09,10,8.18,8.18,7.27,5.45,3.64,3.64,3.64,5.45,5.45,2.73,0.91,3.64,6.36,7.27,6.36,6.36,7.27,9.09,8.18,7.27,6.36,4.55,7.27,9.09,8.18,5.45,7.27,7.27
33683,"Riverside","Neighborhood","RI",588,"Providence-Warwick",395005,5,5,5,5,5,5,2.5,2.5,2.5,2.5,2.5,2.5,2.5,2.5,2.5,2.5,2.5,5,5,5,5,5,7.5,7.5,5,5,5,2.5,2.5,2.5,2.5,2.5,2.5,2.5,2.5,2.5,2.5,2.5,5,5,5,5,7.5,7.5,7.5,7.5,7.5,7.5,5,2.5,2.5,2.5,5,2.5,2.5,2.5,2.5,2.5,2.5,5,7.5,7.5,7.5,5,5,2.5,5,5,5,7.5,7.5,7.5,5,5,5,2.5,2.5,2.5,2.5,5,7.5,5,7.5,7.5,7.5,5,5,5,7.5,7.5,10,7.5,5,7.5,7.5,7.5,10,10,10,10,10,10,10,10,10,10
228163,"McEwen","Neighborhood","TN",589,"Nashville-Davidson--Murfreesboro--Franklin",394902,5,5,5,5,5,7.5,10,10,10,7.5,2.5,2.5,5,5,10,10,10,10,7.5,10,10,10,10,10,10,10,10,10,10,10,10,10,7.5,7.5,7.5,10,10,10,7.5,7.5,5,10,10,10,10,10,10,10,7.5,10,10,10,10,10,10,10,10,10,10,10,10,10,10,10,7.5,7.5,5,2.5,5,7.5,10,10,10,10,10,10,10,10,10,10,10,10,10,10,10,7.5,10,10,10,10,10,10,10,10,10,10,10,10,10,7.5,7.5,10,10,10,10,10
268247,"Lake Murray","Neighborhood","CA",590,"San Diego-Carlsbad",395056,7.24,8.62,8.62,5.86,3.1,2.76,5.52,9.66,8.97,7.93,5.52,5.17,5.17,5.52,5.52,4.83,6.55,9.31,10,10,10,9.66,8.97,9.66,9.66,9.66,8.97,7.24,5.52,5.52,9.31,10,9.66,8.62,8.62,8.28,8.97,6.21,6.21,3.45,3.45,3.1,4.14,5.17,5.86,5.86,6.55,6.21,6.9,7.24,6.21,8.62,9.66,10,10,10,8.97,9.31,8.97,8.62,6.9,4.83,3.45,3.45,4.14,4.83,5.52,6.55,8.97,8.97,8.97,8.28,7.24,7.24,7.59,7.93,6.55,5.52,5.86,6.21,6.55,5.86,6.21,4.83,5.52,4.14,2.41,1.38,1.03,2.07,3.79,7.59,7.93,8.62,8.28,7.24,6.55,3.79,3.1,2.76,4.48,4.48,5.17,7.24,7.59,8.28
343877,"Maplewood","Neighborhood","NY",591,"Rochester",395031,3.33,3.33,6.67,10,6.67,6.67,6.67,6.67,6.67,6.67,6.67,10,10,6.67,6.67,6.67,3.33,3.33,3.33,3.33,6.67,6.67,6.67,3.33,3.33,3.33,3.33,6.67,6.67,6.67,3.33,3.33,3.33,3.33,3.33,3.33,6.67,6.67,3.33,3.33,3.33,3.33,3.33,3.33,3.33,3.33,3.33,3.33,3.33,3.33,3.33,3.33,10,10,10,10,6.67,3.33,3.33,3.33,3.33,3.33,3.33,3.33,3.33,3.33,3.33,6.67,10,10,10,10,10,10,6.67,6.67,6.67,6.67,6.67,6.67,6.67,3.33,3.33,3.33,3.33,3.33,6.67,6.67,6.67,6.67,6.67,6.67,6.67,10,10,10,6.67,6.67,6.67,10,10,10,10,10,6.67,6.67
403220,"Prospect Heights","Neighborhood","NY",592,"New York-Newark-Jersey City",394913,1.95,1.15,0.71,1.06,1.42,2.83,3.81,4.51,5.75,7.08,7.52,7.35,5.84,5.22,4.42,4.96,5.49,5.93,6.28,7.08,7.7,8.05,7.96,7.79,7.7,7.88,8.14,8.05,8.32,8.32,8.41,8.58,8.5,7.7,6.99,5.49,6.81,7.88,8.76,9.2,8.94,9.03,8.41,7.79,7.7,8.94,9.38,9.38,9.12,9.2,9.47,9.56,9.29,9.03,8.94,8.85,8.76,8.85,8.94,9.12,9.03,8.94,9.12,9.38,9.29,9.12,8.85,8.76,8.94,9.38,9.12,8.41,8.23,8.14,8.14,8.76,9.03,8.85,8.23,7.79,8.05,8.58,8.5,8.41,9.03,9.29,9.2,8.67,8.41,8.23,9.2,9.65,9.82,9.56,9.03,8.05,6.73,6.02,5.4,5.84,5.66,5.49,5.13,5.84,6.73,7.43
269015,"Hollywood Lakes","Neighborhood","FL",593,"Miami-Fort Lauderdale-West Palm Beach",394856,6.27,6.57,5.97,4.18,3.13,5.22,6.87,7.91,5.67,3.58,2.99,3.13,3.88,4.18,4.78,4.78,5.97,6.57,5.67,4.78,5.37,5.97,6.42,5.97,5.97,5.67,6.57,5.82,6.57,7.31,7.31,7.61,7.31,6.12,6.27,5.82,6.12,4.63,5.07,4.93,4.18,2.84,2.99,3.58,2.99,1.79,1.19,1.64,2.09,1.49,1.49,1.94,4.93,5.37,5.37,4.78,4.33,4.93,4.93,4.93,5.52,6.72,7.31,5.52,4.78,4.03,4.18,5.22,6.27,6.12,4.93,4.48,4.63,5.07,4.63,4.33,4.33,5.22,5.07,4.63,3.58,3.43,4.18,4.18,4.78,5.82,6.42,6.12,5.52,4.93,5.67,5.97,6.12,4.63,3.88,3.88,4.63,4.63,3.88,2.69,1.64,2.69,4.78,7.16,6.42,4.93
275981,"West Price HIll","Neighborhood","OH",594,"Cincinnati",394466,5,3,2,3,5,9,8,4,3,4,4,5,5,4,2,2,1,2,2,2,1,2,1,1,2,2,7,10,9,6,4,1,1,1,1,1,1,3,3,3,4,4,3,2,2,2,2,2,1,3,3,2,2,1,1,1,2,3,5,6,6,5,5,4,5,5,5,5,4,2,2,2,2,2,2,4,5,4,4,4,5,5,4,4,3,4,4,9,10,10,10,8,5,4,4,3,5,6,7,5,6,5,5,6,6,8
403537,"Astrodome Area","Neighborhood","TX",595,"Houston-The Woodlands-Sugar Land",394692,5.48,7.62,7.38,7.62,7.86,7.38,6.19,5.24,5.48,5,4.76,5,5.24,6.19,6.43,6.43,6.19,4.52,2.62,2.14,1.9,1.67,1.19,1.67,1.19,1.9,2.38,2.86,3.33,3.33,3.1,2.62,2.86,3.57,5.48,5.71,5.95,5.71,7.14,8.57,9.05,9.05,9.29,9.52,8.57,9.05,9.05,9.76,9.29,9.76,9.76,9.76,9.52,9.76,9.52,9.76,9.76,10,9.29,8.1,6.9,6.67,7.38,7.86,9.05,8.57,8.57,9.05,9.29,9.29,9.05,7.86,7.62,7.38,6.67,8.33,8.81,8.81,8.57,6.43,5.71,5,5.71,7.14,7.62,7.86,7.14,7.14,6.19,5.24,4.05,4.29,4.05,4.05,5,5,5.48,5.24,4.76,2.38,2.38,2.38,2.14,1.19,0.24,0.24
121668,"Adams Morgan","Neighborhood","DC",596,"Washington-Arlington-Alexandria",395209,3.08,4.62,9.23,9.23,6.15,6.92,6.92,7.69,10,10,6.92,7.69,8.46,8.46,6.15,4.62,4.62,5.38,7.69,5.38,4.62,3.08,3.08,3.85,2.31,1.54,3.08,2.31,1.54,0.77,0.77,1.54,3.08,3.08,4.62,3.85,6.92,6.15,6.92,3.85,3.08,4.62,7.69,8.46,5.38,5.38,5.38,5.38,4.62,5.38,7.69,7.69,6.92,6.92,7.69,8.46,8.46,8.46,6.15,5.38,6.15,7.69,9.23,9.23,10,10,7.69,6.92,6.92,8.46,8.46,9.23,9.23,8.46,7.69,4.62,3.85,6.15,7.69,10,8.46,7.69,7.69,7.69,8.46,9.23,8.46,8.46,6.15,6.92,5.38,6.92,8.46,9.23,3.85,3.85,3.85,3.85,4.62,3.85,3.85,3.85,6.92,8.46,7.69,7.69
273693,"Fall Creek","Neighborhood","IN",597,"Indianapolis-Carmel-Anderson",394705,5,5,5,5,5,5.71,5.71,5.71,5.71,5.71,5.71,5.71,5,5,5,5,5,5.71,5.71,5.71,5.71,5,5,4.29,4.29,4.29,4.29,4.29,5,5,4.29,4.29,4.29,4.29,4.29,4.29,4.29,3.57,4.29,5.71,8.57,7.86,6.43,5.71,2.86,4.29,4.29,3.57,2.86,5,5,5.71,5.71,4.29,2.86,2.86,2.86,0.71,1.43,2.86,4.29,4.29,5.71,6.43,9.29,9.29,7.86,7.14,5,5,6.43,7.86,8.57,9.29,9.29,10,9.29,8.57,8.57,6.43,4.29,4.29,4.29,5,5.71,6.43,6.43,5.71,7.14,4.29,4.29,4.29,4.29,2.86,2.86,4.29,5,5,5,5,4.29,3.57,3.57,2.86,2.86,2.14
270164,"Summit-University","Neighborhood","MN",598,"Minneapolis-St. Paul-Bloomington",394865,3.33,3.33,3.33,3.33,4.44,4.44,6.67,5.56,7.78,7.78,5.56,3.33,2.22,2.22,4.44,7.78,8.89,5.56,3.33,2.22,2.22,2.22,2.22,7.78,10,8.89,5.56,7.78,6.67,7.78,8.89,8.89,6.67,5.56,5.56,5.56,5.56,2.22,2.22,2.22,3.33,6.67,2.22,2.22,2.22,3.33,1.11,1.11,3.33,5.56,5.56,4.44,3.33,1.11,1.11,1.11,7.78,6.67,2.22,1.11,1.11,1.11,1.11,1.11,3.33,5.56,7.78,6.67,2.22,3.33,3.33,2.22,1.11,1.11,1.11,1.11,3.33,2.22,1.11,1.11,1.11,2.22,2.22,2.22,1.11,1.11,1.11,1.11,1.11,1.11,2.22,1.11,1.11,2.22,2.22,3.33,4.44,4.44,5.56,3.33,2.22,3.33,4.44,4.44,4.44,5.56
273875,"Greater Avenues","Neighborhood","UT",599,"Salt Lake City",395053,3.33,3.33,3.33,3.33,3.33,3.33,6.67,10,6.67,3.33,3.33,10,10,10,3.33,3.33,3.33,3.33,3.33,3.33,6.67,10,10,10,10,3.33,3.33,3.33,3.33,3.33,3.33,3.33,3.33,3.33,6.67,6.67,6.67,10,10,10,3.33,3.33,3.33,3.33,3.33,3.33,3.33,3.33,3.33,3.33,3.33,3.33,3.33,3.33,3.33,10,10,6.67,6.67,3.33,3.33,3.33,3.33,3.33,3.33,3.33,3.33,3.33,3.33,3.33,3.33,3.33,3.33,3.33,3.33,3.33,3.33,3.33,3.33,3.33,10,10,10,3.33,3.33,3.33,3.33,3.33,3.33,6.67,6.67,6.67,3.33,3.33,3.33,3.33,3.33,3.33,3.33,6.67,6.67,6.67,6.67,6.67,3.33,3.33
154235,"Charlestown","Neighborhood","MA",600,"Boston-Cambridge-Newton",394404,9.23,10,8.46,3.85,3.85,4.62,6.15,5.38,3.85,3.85,3.85,3.85,3.08,3.08,3.85,3.85,3.85,3.85,3.85,4.62,5.38,5.38,6.15,6.15,6.92,6.92,6.92,7.69,6.15,6.92,6.15,6.15,7.69,7.69,6.92,6.92,6.92,9.23,6.92,7.69,7.69,6.92,7.69,8.46,8.46,9.23,8.46,9.23,9.23,9.23,8.46,9.23,10,10,8.46,7.69,7.69,7.69,7.69,7.69,7.69,7.69,7.69,7.69,8.46,6.92,7.69,7.69,7.69,7.69,6.92,7.69,7.69,7.69,7.69,8.46,7.69,7.69,6.92,7.69,6.92,6.15,6.15,5.38,6.15,6.15,6.92,6.92,6.92,6.92,6.92,6.15,5.38,7.69,5.38,6.92,6.15,4.62,4.62,6.15,6.15,5.38,4.62,6.15,6.15,8.46
270073,"Warrendale","Neighborhood","MI",601,"Detroit-Warren-Dearborn",394532,4,6,2,2,2,6,6,6,6,4,4,6,6,6,4,2,2,2,2,4,8,10,10,10,8,6,4,2,2,2,2,2,2,2,4,4,4,6,6,6,4,4,2,2,4,8,10,8,6,4,4,10,10,10,10,10,10,8,8,6,6,6,8,8,8,10,10,10,8,8,8,10,10,8,8,10,10,10,8,8,8,4,4,4,4,4,10,6,2,6,6,10,10,10,8,8,10,10,10,8,8,8,6,4,6,4
207230,"Montavilla","Neighborhood","OR",602,"Portland-Vancouver-Hillsboro",394998,7.5,6.5,7,8.5,8.5,6,4,4,6,6.5,4.5,4,2.5,6.5,9,9.5,9,6,6.5,8.5,10,10,9,7.5,4.5,4,3.5,2,3,3,6,9,9.5,9.5,9.5,9.5,9.5,10,10,9.5,10,9.5,10,10,10,10,10,10,10,10,9,8,8.5,9,9.5,10,10,10,10,10,9.5,9,8.5,7.5,6,7.5,9.5,10,10,9.5,9.5,9,7.5,8,8,8.5,8.5,9.5,10,9.5,8,7.5,6.5,8,7.5,7.5,7.5,7.5,8.5,9,9.5,8,7.5,6,5,5,5,5.5,5,5,5.5,9,9.5,9.5,9,9
269573,"Avondale","Neighborhood","IL",603,"Chicago-Naperville-Elgin",394463,9.72,9.58,9.58,9.58,9.58,9.72,8.61,8.19,7.78,7.36,7.36,8.33,8.47,8.33,8.61,8.19,8.06,8.61,7.64,7.08,6.39,6.11,6.11,4.03,2.5,2.08,2.5,3.89,3.89,3.75,3.89,4.31,6.39,5.83,5.97,5.28,5.14,4.72,5.97,7.92,9.17,9.86,9.86,9.72,8.89,9.03,9.58,9.44,9.44,7.36,7.08,6.25,7.78,5.97,5.83,5.28,7.5,7.64,8.47,8.61,8.75,8.61,9.03,8.89,7.5,6.94,5.28,4.72,3.06,4.03,6.11,8.19,8.06,6.53,6.53,5,5.28,5.28,7.22,7.64,8.33,8.06,7.64,7.08,6.53,5.14,4.72,5.14,8.06,9.17,9.03,8.47,8.06,7.36,6.53,6.81,7.64,9.17,9.31,9.17,7.5,5.83,4.44,5,6.67,6.39
121754,"Logan Circle","Neighborhood","DC",604,"Washington-Arlington-Alexandria",395209,3.85,3.08,3.08,6.92,6.92,7.69,7.69,6.92,6.15,5.38,3.85,6.15,6.92,6.15,5.38,3.85,2.31,1.54,2.31,4.62,6.15,5.38,6.15,4.62,3.85,3.85,4.62,6.92,6.92,8.46,7.69,7.69,7.69,6.92,5.38,5.38,7.69,7.69,9.23,9.23,9.23,7.69,6.15,5.38,6.15,6.92,7.69,7.69,9.23,9.23,8.46,8.46,7.69,5.38,4.62,4.62,4.62,4.62,5.38,6.92,8.46,8.46,8.46,8.46,8.46,8.46,8.46,7.69,9.23,9.23,9.23,10,10,10,10,10,10,10,10,8.46,9.23,9.23,9.23,8.46,6.15,3.85,3.85,3.85,3.85,3.85,3.85,3.08,3.85,3.85,4.62,4.62,6.15,6.15,6.15,5.38,4.62,5.38,6.15,5.38,5.38,3.85
271178,"Fishtown","Neighborhood","PA",605,"Philadelphia-Camden-Wilmington",394974,8.39,7.1,5.65,4.68,6.94,8.06,8.23,6.45,3.55,2.58,2.26,3.71,5.97,6.94,8.23,7.42,6.77,5.65,4.84,4.35,5,5.65,6.45,7.58,7.1,7.74,6.94,6.94,6.77,6.45,6.29,5.81,5.97,7.26,6.77,6.77,7.74,8.71,8.87,9.52,9.35,9.52,8.71,9.35,8.23,7.74,5.97,6.13,5.81,5.16,5.81,5.81,6.94,7.74,5.97,5.65,6.13,8.23,8.55,7.1,6.77,6.45,6.94,7.58,8.23,8.87,9.03,8.23,6.61,5.48,5.65,5.16,2.9,2.74,2.9,6.29,7.26,7.42,5.65,5.16,6.13,5.81,5.16,5,5.97,5,4.19,2.42,1.94,2.42,3.87,4.84,6.13,6.77,6.61,6.94,6.61,5.97,5.65,5.97,5.97,5.65,5.97,5,4.19,3.23
403141,"University Village - Little Italy","Neighborhood","IL",606,"Chicago-Naperville-Elgin",394463,0.69,0.97,0.69,0.83,0.97,1.11,1.11,1.11,1.25,0.83,0.83,0.56,0.83,0.56,0.56,0.28,0.28,0.28,0.28,0.28,0.14,0.14,0.14,0.28,0.42,0.83,2.08,3.06,4.72,5.69,5.97,5.69,3.33,2.78,2.5,3.33,3.47,4.31,3.75,4.03,3.33,3.47,3.61,4.58,5.97,7.08,6.53,4.17,4.03,1.94,2.64,3.33,4.31,3.89,2.08,1.39,1.11,1.94,1.67,3.19,4.03,5,5.69,6.94,7.78,7.5,6.81,3.47,2.78,2.36,5.14,3.47,2.36,1.39,0.69,0.69,2.5,3.61,4.03,2.78,2.5,2.36,2.64,3.33,3.89,4.58,4.17,3.75,3.19,3.19,2.78,2.08,1.53,2.22,2.36,3.33,4.58,5.56,6.94,6.25,5.69,5.28,5.56,5.83,5.14,4.44
269207,"Tampa Palms","Neighborhood","FL",607,"Tampa-St. Petersburg-Clearwater",395148,8.39,7.42,7.42,8.06,8.06,8.06,8.06,7.42,6.45,3.55,3.55,3.23,3.55,4.52,5.81,6.45,6.45,5.48,2.9,2.9,3.87,4.52,2.9,1.94,1.61,3.23,4.84,4.52,3.55,4.84,4.19,3.55,3.23,3.23,5.81,8.39,8.39,7.42,6.77,7.74,9.35,8.39,8.06,7.1,6.77,5.48,5.81,3.87,2.58,2.58,3.55,2.58,1.29,0.65,0.65,2.26,4.52,6.77,8.06,6.45,6.13,4.19,3.87,2.58,3.87,3.55,4.19,4.52,3.55,3.87,3.55,4.52,5.48,5.16,6.13,6.45,7.1,6.13,3.87,2.9,2.26,1.94,2.58,3.55,5.81,6.77,5.16,6.45,8.39,9.35,9.35,8.06,7.74,8.06,7.74,6.77,5.81,3.87,2.9,1.61,0.97,1.29,1.61,2.26,2.58,2.26
273842,"Golden Glades - The Woods","Neighborhood","FL",608,"Jacksonville",394714,3,5.33,8.33,9,6,3.33,2.67,3.33,4.67,4.33,6.33,8,9.33,9.33,7.67,7,8.67,9,9.33,9.67,9.33,9.33,9.67,10,9.67,9,8,8,9.33,9,9.33,8,6.67,6.67,6.33,6.33,8.67,9,9.33,9,8.33,8.33,9.33,10,9,9.33,9,8.33,7,7.67,8,7.67,7.33,6,4.67,5.33,7,8.33,8.67,9,8,7,6.33,5.33,6.33,7,7.67,8.33,8,7.33,6,5.33,6.33,6.67,9.33,9.67,10,9.67,8.33,6.33,4.33,3.33,2.67,1.67,1.33,1.33,2.33,2,3.33,3.67,4,4.67,6.67,7,6.33,7.33,6.33,4.33,3,3.67,5.33,4.67,4,3.33,4,4.33
13692,"San Carlos Park","Neighborhood","FL",609,"Cape Coral-Fort Myers",394440,10,10,10,8.89,8.89,7.78,8.89,8.89,8.89,5.56,6.67,5.56,6.67,10,10,10,10,10,7.78,8.89,8.89,8.89,8.89,8.89,10,10,10,8.89,8.89,8.89,10,10,10,10,10,10,8.89,5.56,6.67,8.89,10,10,8.89,7.78,7.78,8.89,7.78,10,10,10,10,7.78,7.78,6.67,7.78,10,10,10,10,10,8.89,6.67,6.67,7.78,8.89,8.89,8.89,10,10,10,10,10,10,10,8.89,7.78,6.67,6.67,10,10,10,8.89,8.89,8.89,10,10,8.89,8.89,8.89,10,10,10,8.89,7.78,7.78,7.78,7.78,8.89,6.67,6.67,6.67,7.78,5.56,6.67,6.67,7.78
269595,"Morgan Park","Neighborhood","IL",610,"Chicago-Naperville-Elgin",394463,1.39,1.11,1.11,1.11,1.53,1.81,3.19,4.17,3.61,2.22,1.67,1.25,1.81,1.94,1.81,1.94,1.67,1.39,1.11,1.53,1.25,0.83,0.42,0.14,0.14,0.14,0.14,0.14,0.14,0.14,0.42,1.11,1.39,3.47,2.92,2.64,2.78,3.61,4.03,5.83,7.08,8.61,8.19,7.78,0.42,0.14,0.14,0.28,0.28,0.14,0.14,0.14,0.42,1.81,3.19,1.94,1.39,1.11,1.25,3.33,3.61,4.17,2.64,4.03,5.56,6.53,5,4.31,4.31,3.33,3.47,3.89,3.06,1.94,1.39,2.64,4.44,6.81,6.39,6.53,7.22,7.92,8.06,6.39,4.72,3.89,2.22,0.69,0.28,0.14,0.42,1.25,4.44,3.19,3.75,2.5,4.17,1.11,0.69,0.42,1.11,1.39,1.39,0.69,0.69,1.11
251473,"Northeast Tacoma","Neighborhood","WA",611,"Seattle-Tacoma-Bellevue",395078,5.88,4.71,4.12,3.53,5.29,4.12,4.71,3.53,3.53,3.53,2.94,2.94,2.94,3.53,3.53,4.12,5.88,6.47,6.47,5.88,3.53,1.76,1.18,1.18,1.18,1.18,1.76,1.18,1.18,0.59,0.59,0.59,1.18,0.59,0.59,1.18,1.18,2.35,2.94,4.12,4.12,4.12,3.53,3.53,2.35,2.35,1.76,1.18,1.76,1.76,3.53,3.53,3.53,2.94,3.53,2.94,2.94,3.53,3.53,3.53,2.94,2.94,4.12,3.53,2.35,2.35,0.59,0.59,0.59,1.18,1.18,1.18,1.18,1.18,1.18,1.18,1.18,0.59,0.59,0.59,1.18,0.59,0.59,0.59,1.18,0.59,1.18,1.76,1.76,0.59,0.59,0.59,0.59,0.59,2.35,4.12,4.71,5.88,5.88,7.06,7.06,7.06,6.47,5.29,5.88,5.88
269087,"Metro West","Neighborhood","FL",612,"Orlando-Kissimmee-Sanford",394943,9,9,8,8,8,7,7,7,8,8,8,7,7,6,7,6,5,5,6,6,8,7,7,8,8,6,7,7,9,8,7,6,4,7,9,10,10,7,7,7,7,7,7,9,9,10,9,9,9,9,9,10,8,2,1,1,2,1,1,1,2,2,2,2,2,2,3,4,4,5,5,5,7,9,9,8,8,9,9,8,8,8,9,8,6,6,9,10,10,10,9,10,10,8,7,7,8,8,9,9,9,9,9,9,9,9
270622,"Desert Shores","Neighborhood","NV",613,"Las Vegas-Henderson-Paradise",394775,5.71,7.55,5.31,3.47,2.24,1.22,1.84,2.24,1.43,1.84,3.06,7.14,7.55,8.57,8.37,7.96,2.45,1.43,1.43,3.06,4.29,3.06,5.31,8.37,9.8,8.37,4.9,2.24,2.04,1.63,2.24,3.27,3.67,2.04,1.22,1.84,2.24,4.08,2.65,1.84,1.43,1.22,0.61,0.2,1.02,2.24,4.08,3.27,2.45,2.04,2.45,3.47,3.27,3.88,5.1,7.96,9.18,9.18,8.78,6.94,4.49,4.08,4.29,3.06,2.65,3.47,4.49,5.71,6.33,5.71,4.69,3.06,3.27,3.88,3.88,3.06,2.24,2.45,3.06,3.67,3.67,3.27,3.88,4.69,5.1,5.31,4.9,4.08,3.67,3.27,3.67,5.31,5.71,5.31,2.86,2.65,3.27,4.69,3.88,2.65,2.04,2.04,3.27,4.49,6.33,4.69
273873,"Great Bridge East","Neighborhood","VA",614,"Virginia Beach-Norfolk-Newport News",395194,5.22,8.7,9.35,10,10,10,9.35,7.39,7.17,7.39,6.96,6.09,5,3.7,2.61,2.83,2.83,4.13,4.35,3.91,4.13,4.13,6.09,7.61,8.91,9.57,9.35,8.7,8.7,7.83,6.74,5.43,4.78,4.78,4.57,4.13,3.04,2.83,3.48,4.78,5.22,5.43,6.09,6.74,6.52,5.65,6.09,5.43,5,5.65,7.39,6.96,7.39,8.04,8.91,8.26,6.52,5,5.87,8.04,8.7,8.04,6.09,6.09,6.09,5.87,6.3,6.74,6.74,6.3,5.22,4.13,4.78,4.78,4.57,4.57,5,5.22,5.43,4.35,2.83,2.39,3.26,3.7,4.78,5,5.22,5.65,5,3.7,2.61,1.96,1.3,0.87,1.09,1.09,1.52,3.26,3.7,5,7.17,6.74,5.43,2.83,2.17,3.7
126055,"Sandalfoot Cove","Neighborhood","FL",615,"Miami-Fort Lauderdale-West Palm Beach",394856,7.61,7.31,7.91,8.36,7.46,6.87,6.12,6.57,7.76,8.51,9.7,8.81,7.01,7.16,7.91,8.51,8.21,7.91,7.61,8.51,8.66,8.06,7.76,7.46,7.31,6.87,6.72,5.67,5.82,7.46,8.66,9.4,9.55,9.25,9.1,7.61,6.72,5.37,6.57,7.31,7.31,7.31,8.06,9.25,9.55,9.25,8.96,8.36,7.46,7.31,5.82,6.57,5.97,5.52,4.93,3.88,4.63,5.97,7.31,8.06,8.06,8.06,8.21,7.91,7.91,7.31,7.16,6.27,6.87,8.21,8.81,9.25,8.66,8.21,7.76,9.1,8.81,8.81,7.76,8.36,8.21,9.1,8.96,8.96,8.81,8.81,9.1,9.4,9.25,8.96,8.96,9.1,9.25,9.1,9.1,9.4,9.4,9.4,8.66,8.51,8.66,8.66,8.81,8.81,9.55,9.85
271990,"Magnolia","Neighborhood","WA",616,"Seattle-Tacoma-Bellevue",395078,9.41,9.41,9.41,8.82,7.65,7.65,8.24,8.24,8.24,8.82,10,10,8.82,8.24,7.06,8.24,8.24,8.82,8.24,8.82,8.82,7.65,7.06,7.06,7.06,8.24,8.82,10,10,9.41,8.82,8.82,8.24,7.65,8.82,8.24,8.82,8.82,8.24,7.65,8.24,8.24,7.65,8.24,8.24,8.24,8.82,8.82,8.82,8.82,8.24,8.24,9.41,9.41,8.82,8.82,8.82,8.82,8.82,8.82,9.41,9.41,8.82,8.82,8.82,8.82,8.82,7.06,7.06,7.06,7.65,8.24,7.65,8.82,9.41,8.24,8.24,7.06,6.47,5.29,5.88,5.88,5.88,5.88,6.47,6.47,6.47,7.65,8.24,7.65,5.88,5.29,4.71,4.71,4.12,3.53,2.94,3.53,4.71,4.12,5.29,5.29,5.88,4.71,4.12,2.94
274503,"Merriam Park","Neighborhood","MN",618,"Minneapolis-St. Paul-Bloomington",394865,6.67,6.67,6.67,5.56,6.67,7.78,8.89,10,10,8.89,8.89,8.89,8.89,6.67,7.78,3.33,6.67,8.89,10,8.89,10,5.56,7.78,3.33,3.33,3.33,2.22,1.11,1.11,1.11,1.11,1.11,1.11,4.44,6.67,6.67,7.78,7.78,6.67,4.44,2.22,3.33,6.67,10,10,10,10,8.89,8.89,8.89,8.89,1.11,1.11,2.22,2.22,2.22,2.22,10,8.89,7.78,5.56,6.67,8.89,10,6.67,1.11,1.11,2.22,8.89,5.56,7.78,4.44,5.56,6.67,5.56,6.67,7.78,10,10,8.89,8.89,7.78,6.67,3.33,4.44,4.44,6.67,5.56,5.56,4.44,5.56,4.44,2.22,4.44,6.67,8.89,8.89,6.67,7.78,7.78,6.67,1.11,1.11,1.11,1.11,3.33
762251,"Sterling Ridge","Neighborhood","TX",619,"Houston-The Woodlands-Sugar Land",394692,7.38,6.67,8.81,9.29,9.52,9.29,8.81,8.57,7.38,6.67,4.05,4.05,4.29,4.29,3.57,2.62,4.29,5.95,6.43,3.57,3.57,4.76,5,6.43,7.14,7.38,5.95,5.48,4.05,4.52,4.05,3.57,3.1,2.62,3.57,4.52,3.81,4.52,4.05,3.81,5,6.43,4.05,2.38,1.19,0.95,1.19,0.95,1.19,1.43,2.62,2.86,0.95,0.71,0.95,1.19,0.71,0.71,0.71,0.95,0.48,0.48,0.71,0.95,1.67,0.71,0.48,0.48,0.48,0.24,0.48,0.71,0.95,1.19,1.43,1.67,1.9,3.1,3.33,3.33,1.9,1.9,1.19,2.14,5.24,7.14,6.43,4.52,2.62,3.1,3.1,3.33,2.38,2.62,3.33,3.57,3.33,3.1,4.05,4.05,3.81,3.1,3.81,4.29,4.05,3.1
274371,"Lower Peters Canyon","Neighborhood","CA",620,"Los Angeles-Long Beach-Anaheim",753899,8.84,9.07,8.95,7.21,1.4,0.93,0.81,4.07,7.91,9.19,5.12,0.7,0.23,0.12,0.12,0.12,0.12,0.12,0.58,1.74,2.91,3.14,2.67,2.21,1.4,1.4,1.51,1.86,5.12,8.95,10,9.88,9.77,8.6,6.28,4.42,5.35,3.02,2.56,2.91,4.65,7.91,8.84,8.95,5.12,4.42,2.21,1.86,1.28,0.58,0.35,0.23,0.23,0.58,1.16,2.56,3.84,4.88,4.07,5.12,7.67,6.63,2.21,0.35,0.7,1.86,6.63,7.79,9.77,8.84,6.98,4.19,2.44,2.56,2.21,4.3,6.05,8.84,9.42,9.42,7.44,6.51,5.12,2.44,1.4,1.05,1.98,4.3,6.28,8.37,9.42,9.53,9.42,8.37,5.7,4.42,3.26,4.65,5.23,6.74,8.14,8.72,8.72,6.86,5.12,4.19
113036,"Tanque Verde","Neighborhood","AZ",621,"Tucson",395167,5,8.33,10,8.33,8.33,6.67,5,5,1.67,1.67,1.67,1.67,1.67,1.67,1.67,1.67,1.67,1.67,1.67,1.67,1.67,1.67,1.67,1.67,1.67,1.67,3.33,3.33,3.33,5,5,3.33,3.33,5,3.33,1.67,1.67,1.67,3.33,3.33,1.67,1.67,3.33,5,5,3.33,5,5,5,3.33,3.33,1.67,3.33,3.33,3.33,3.33,5,1.67,1.67,1.67,1.67,1.67,1.67,1.67,1.67,1.67,1.67,3.33,3.33,3.33,3.33,3.33,3.33,3.33,3.33,3.33,3.33,1.67,1.67,1.67,3.33,3.33,5,3.33,1.67,1.67,3.33,3.33,3.33,5,5,3.33,1.67,1.67,1.67,1.67,1.67,1.67,1.67,1.67,1.67,1.67,1.67,1.67,1.67,1.67
28014,"Woodcrest","Neighborhood","CA",622,"Riverside-San Bernardino-Ontario",395025,0.71,0.71,1.43,2.14,1.43,0.71,0.71,5,8.57,8.57,6.43,4.29,1.43,2.14,2.14,2.86,3.57,3.57,3.57,3.57,2.86,2.14,1.43,0.71,0.71,0.71,0.71,2.14,2.14,3.57,2.86,2.86,2.86,2.14,1.43,1.43,1.43,1.43,1.43,1.43,0.71,1.43,1.43,1.43,1.43,2.14,3.57,2.86,1.43,1.43,1.43,0.71,0.71,0.71,0.71,0.71,0.71,0.71,1.43,2.14,2.14,1.43,0.71,0.71,1.43,2.86,3.57,2.14,3.57,3.57,3.57,2.14,2.14,2.14,4.29,3.57,4.29,4.29,2.14,0.71,0.71,0.71,0.71,0.71,1.43,1.43,1.43,1.43,2.86,2.86,2.86,2.86,2.14,1.43,1.43,1.43,1.43,2.14,3.57,2.14,1.43,0.71,0.71,0.71,1.43,2.14
216249,"Tacony","Neighborhood","PA",623,"Philadelphia-Camden-Wilmington",394974,5.97,6.13,7.26,8.06,8.55,9.35,9.35,8.71,5.48,3.23,3.23,5.65,6.61,6.29,5.65,4.52,4.19,4.52,4.68,6.61,6.45,7.42,5.32,3.71,3.39,2.9,3.55,4.35,5,5.32,4.03,3.06,3.39,3.39,4.68,5.48,6.29,5.97,5.48,1.61,0.48,0.16,0.16,0.16,0.16,0.16,0.65,0.97,1.94,2.58,2.26,2.9,4.03,3.87,4.19,3.23,2.58,1.45,1.13,0.81,0.81,2.58,2.1,2.58,3.55,3.71,3.39,3.23,2.26,2.26,1.77,2.58,3.39,5,6.94,8.71,9.68,9.35,9.19,6.29,5.16,5.48,5.32,5.32,3.06,2.58,3.55,6.61,8.55,6.45,4.84,5.32,7.26,8.06,8.06,7.42,7.58,6.29,5.81,5.81,7.1,8.39,9.19,9.35,9.19,9.35
269596,"Mount Greenwood","Neighborhood","IL",624,"Chicago-Naperville-Elgin",394463,5.83,6.67,6.67,5.97,5,4.86,5.69,5.56,3.47,2.78,2.5,4.44,5.56,5.83,4.58,4.44,6.25,8.06,8.61,8.19,6.53,3.75,1.81,1.25,1.81,2.5,3.19,3.47,2.92,3.47,3.33,2.78,2.64,2.64,2.36,1.81,2.08,2.64,5.83,6.39,6.53,3.33,1.67,0.97,2.22,6.53,6.67,7.5,7.22,8.19,7.64,8.06,4.17,2.64,1.53,3.89,7.78,8.61,8.06,6.25,7.36,7.08,7.5,5.42,3.47,2.5,4.03,5.69,5.83,4.58,3.33,3.61,4.58,5.69,5.14,1.67,0.28,0.42,1.11,3.75,4.72,6.39,5.28,4.72,1.94,1.25,0.42,1.81,2.22,3.47,3.19,2.64,2.78,3.75,3.61,3.47,6.11,6.94,5.28,1.11,0.42,0.28,0.69,1.25,2.5,6.25
273888,"Green Valley Ranch","Neighborhood","NV",625,"Las Vegas-Henderson-Paradise",394775,7.55,6.12,6.73,6.73,7.14,7.76,8.16,8.16,8.16,7.76,8.78,8.57,8.16,8.16,7.96,6.94,7.35,8.78,8.37,7.35,3.27,3.88,2.04,3.27,3.88,5.92,7.35,8.98,9.59,10,9.8,9.59,9.8,9.59,9.18,9.18,9.18,9.18,9.39,9.59,9.59,7.14,7.35,7.96,9.18,8.57,7.96,7.96,8.57,8.57,8.57,8.37,7.96,6.33,4.08,2.65,2.86,4.29,5.31,4.49,4.69,4.49,4.69,4.9,6.53,9.39,9.59,8.37,7.76,6.73,5.71,5.92,5.92,7.14,6.94,5.31,3.47,3.88,4.29,3.06,2.24,2.24,3.47,3.67,3.67,4.08,5.51,6.73,6.53,4.69,2.45,1.63,1.63,1.84,3.27,6.12,8.98,8.57,7.76,6.94,6.12,3.67,2.24,1.63,1.84,3.06
343487,"Blueberry Hill-Brigadoon-Stoneybrook-Baralto","Neighborhood","KY",626,"Lexington-Fayette",394792,7.5,7.5,7.5,5,5,5,7.5,7.5,7.5,7.5,2.5,2.5,5,2.5,5,7.5,5,2.5,2.5,5,5,10,7.5,7.5,5,5,5,7.5,7.5,7.5,7.5,5,2.5,5,5,5,2.5,2.5,2.5,2.5,2.5,2.5,2.5,2.5,5,7.5,7.5,7.5,7.5,7.5,7.5,7.5,5,5,2.5,2.5,2.5,2.5,5,2.5,5,7.5,7.5,7.5,7.5,7.5,5,5,5,7.5,7.5,7.5,7.5,5,5,5,5,5,7.5,7.5,7.5,7.5,7.5,7.5,10,10,7.5,7.5,7.5,7.5,7.5,10,10,10,10,10,10,10,10,10,10,10,10,10,10,10
273519,"Dutchtown","Neighborhood","MO",627,"St. Louis",395121,6.25,7.5,7.5,7.5,6.25,5,3.75,3.75,3.75,2.5,2.5,2.5,2.5,5,5,6.25,10,10,10,10,8.75,10,10,10,8.75,5,5,3.75,3.75,5,5,5,3.75,6.25,8.75,8.75,8.75,8.75,10,10,10,7.5,3.75,2.5,1.25,1.25,1.25,2.5,7.5,8.75,8.75,7.5,5,3.75,1.25,2.5,2.5,2.5,1.25,1.25,2.5,8.75,8.75,5,3.75,1.25,1.25,1.25,1.25,3.75,7.5,5,1.25,1.25,2.5,3.75,6.25,5,5,3.75,3.75,3.75,2.5,1.25,2.5,3.75,2.5,2.5,2.5,3.75,3.75,5,5,3.75,3.75,3.75,3.75,5,7.5,6.25,5,6.25,6.25,5,2.5,2.5
276063,"Whitmer - Trilby","Neighborhood","OH",628,"Toledo",395160,1.67,1.67,1.67,1.67,0.83,0.83,0.83,0.83,0.83,1.67,1.67,1.67,1.67,1.67,3.33,3.33,2.5,4.17,6.67,5,4.17,2.5,1.67,1.67,2.5,6.67,8.33,8.33,8.33,5.83,5.83,3.33,4.17,4.17,4.17,5.83,8.33,8.33,6.67,9.17,8.33,10,7.5,6.67,3.33,1.67,2.5,4.17,5,5,5.83,3.33,1.67,0.83,1.67,1.67,4.17,5.83,7.5,9.17,10,8.33,5.83,3.33,1.67,0.83,0.83,0.83,2.5,9.17,9.17,5.83,4.17,2.5,2.5,5,7.5,10,10,10,9.17,8.33,7.5,4.17,1.67,0.83,1.67,2.5,3.33,0.83,0.83,0.83,2.5,3.33,5,6.67,6.67,4.17,0.83,0.83,0.83,0.83,0.83,0.83,1.67,2.5
247231,"Seatack","Neighborhood","VA",629,"Virginia Beach-Norfolk-Newport News",395194,7.39,6.3,5.43,4.13,4.57,4.35,3.7,3.91,3.7,3.7,3.7,3.04,2.61,2.83,2.17,3.04,3.04,3.91,6.09,7.61,7.61,7.61,8.04,9.35,9.13,9.13,8.26,7.61,5.43,2.83,1.3,3.91,6.3,8.7,9.57,9.13,7.83,4.78,5.22,6.52,8.26,8.7,9.57,9.78,10,8.91,3.48,2.83,3.91,7.61,7.17,6.74,6.52,5.22,4.57,5.87,8.26,8.91,8.48,7.17,8.26,8.48,6.3,5.87,4.78,6.74,7.83,8.48,7.61,8.26,8.91,8.48,7.39,6.3,7.39,6.74,6.96,7.17,8.04,9.13,9.78,9.78,9.57,9.13,9.57,9.78,10,9.78,9.57,7.17,6.96,6.52,6.74,7.61,8.04,4.35,1.74,0.65,0.65,0.87,0.87,1.52,1.96,1.96,2.61,4.13
753820,"Lower Moyamensing","Neighborhood","PA",630,"Philadelphia-Camden-Wilmington",394974,9.19,5,1.45,0.16,0.16,0.16,0.16,0.16,0.16,0.97,1.94,4.52,4.68,5.81,4.03,3.23,1.61,0.97,0.97,2.74,5.48,7.58,8.23,8.06,6.77,5.65,6.13,4.84,4.03,4.03,6.13,8.23,8.71,9.03,8.71,5.16,4.19,4.84,8.71,8.87,7.1,5,5.97,6.13,6.13,4.03,3.23,2.9,4.68,6.94,8.55,8.71,7.74,4.84,2.74,2.42,3.39,3.71,5.16,5.81,7.74,8.39,9.03,8.55,7.26,7.74,7.42,7.9,8.71,9.84,10,10,9.84,9.68,8.87,8.39,7.74,7.58,6.45,5,6.94,6.94,8.06,6.61,3.71,2.26,2.58,4.35,5.48,5.16,6.45,6.45,7.1,6.13,5.97,6.29,7.26,7.26,7.42,7.74,8.06,6.29,3.55,1.77,3.55,5.65
272010,"Wedgwood","Neighborhood","TX",632,"Dallas-Fort Worth-Arlington",394514,6.45,2.58,1.61,1.29,2.58,3.23,3.55,4.19,3.87,7.74,7.74,7.42,6.13,5.48,5.48,6.77,7.74,8.39,8.39,4.52,1.61,1.29,1.94,1.61,1.61,1.29,1.29,1.29,2.26,1.94,1.94,2.26,3.55,2.9,0.32,0.65,0.97,1.61,2.26,2.58,2.26,2.58,3.55,6.45,6.13,4.84,3.55,2.9,2.26,1.61,2.26,0.65,1.29,1.29,2.58,2.9,4.19,4.84,4.19,3.55,4.84,3.87,1.94,0.65,0.65,0.65,2.58,5.81,7.42,7.1,7.1,6.77,4.84,4.84,6.45,7.74,8.71,8.71,9.03,10,9.68,9.35,8.71,8.71,8.71,8.39,7.42,5.81,4.19,7.1,7.42,9.35,9.03,9.03,8.71,7.74,7.74,8.06,8.71,8.06,8.06,7.42,7.42,6.77,5.81,4.52
272733,"Ala Moana-Kakaako","Neighborhood","HI",633,"Urban Honolulu",753924,10,8.18,9.09,9.09,9.09,10,9.09,7.27,7.27,6.36,3.64,5.45,5.45,7.27,7.27,8.18,6.36,6.36,4.55,5.45,5.45,7.27,8.18,8.18,8.18,8.18,8.18,8.18,8.18,4.55,0.91,3.64,7.27,7.27,7.27,5.45,6.36,6.36,6.36,7.27,9.09,10,9.09,6.36,5.45,3.64,4.55,4.55,5.45,5.45,6.36,7.27,8.18,9.09,9.09,4.55,1.82,1.82,3.64,3.64,3.64,3.64,3.64,4.55,2.73,3.64,2.73,2.73,0.91,4.55,5.45,8.18,8.18,8.18,5.45,8.18,8.18,7.27,4.55,3.64,5.45,8.18,6.36,4.55,2.73,3.64,3.64,7.27,4.55,5.45,5.45,4.55,5.45,3.64,1.82,1.82,3.64,5.45,7.27,7.27,6.36,6.36,6.36,5.45,5.45,3.64
250788,"Greenwood","Neighborhood","WA",634,"Seattle-Tacoma-Bellevue",395078,10,10,10,10,10,10,10,9.41,9.41,9.41,9.41,9.41,9.41,9.41,10,10,10,10,10,9.41,9.41,8.82,9.41,9.41,9.41,9.41,10,8.82,8.24,7.65,8.24,8.24,9.41,9.41,9.41,8.82,7.65,7.06,6.47,7.06,7.65,7.65,7.06,6.47,7.65,10,10,10,10,10,9.41,8.82,10,10,10,10,10,10,10,10,10,10,10,10,10,10,10,10,9.41,9.41,9.41,8.82,8.24,8.24,7.06,7.65,7.65,8.82,9.41,9.41,9.41,9.41,9.41,9.41,9.41,10,10,10,10,10,8.82,7.06,6.47,7.65,7.06,7.65,8.82,8.82,8.24,5.88,2.94,2.94,4.12,4.12,1.76,1.76
271615,"University Place","Neighborhood","TX",635,"Houston-The Woodlands-Sugar Land",394692,4.76,5.24,5.48,5.48,5.48,5.48,4.29,4.29,3.33,3.57,2.62,3.57,4.52,4.52,4.29,3.81,4.05,3.33,4.05,3.1,3.1,2.86,2.62,3.33,3.57,3.81,3.57,3.1,3.1,2.86,2.62,2.14,2.38,1.9,1.67,1.43,1.9,2.14,2.86,3.1,2.86,2.38,1.67,1.67,2.14,3.1,3.81,4.76,5.48,5.95,5.95,7.62,7.86,7.86,7.14,7.14,6.43,6.43,6.19,6.19,6.19,5.71,5.71,6.19,6.43,6.43,6.19,5.71,4.52,4.76,5.71,6.19,6.67,6.43,7.38,7.62,8.1,7.86,7.14,6.19,6.19,6.19,6.19,6.67,6.67,6.19,5.48,5.48,5,4.52,4.52,2.86,2.62,2.38,2.86,4.05,4.29,4.76,5,5.71,5.95,6.19,6.19,6.19,6.19,6.19
738031,"South Gateway","Neighborhood","OR",636,"Salem",395048,5,6.67,5,1.67,1.67,3.33,5,6.67,6.67,5,1.67,1.67,1.67,1.67,1.67,3.33,3.33,1.67,1.67,5,3.33,6.67,6.67,1.67,1.67,1.67,3.33,3.33,3.33,1.67,1.67,1.67,1.67,3.33,3.33,3.33,3.33,5,8.33,10,10,10,10,5,5,6.67,6.67,8.33,8.33,6.67,1.67,1.67,5,8.33,10,6.67,5,3.33,6.67,6.67,5,1.67,3.33,3.33,6.67,8.33,8.33,8.33,5,5,6.67,8.33,6.67,6.67,3.33,3.33,3.33,3.33,6.67,6.67,5,3.33,5,5,6.67,5,8.33,5,5,5,5,10,10,3.33,1.67,1.67,1.67,1.67,5,5,6.67,8.33,8.33,8.33,8.33,6.67
274133,"Jefferson","Neighborhood","OH",637,"Cleveland-Elyria",394475,7.78,7.78,6.67,7.78,7.78,4.44,4.44,4.44,4.44,3.33,4.44,3.33,3.33,5.56,1.11,1.11,1.11,4.44,5.56,5.56,7.78,7.78,5.56,6.67,10,10,10,10,10,10,10,10,10,10,7.78,7.78,7.78,7.78,8.89,8.89,6.67,5.56,5.56,4.44,3.33,3.33,3.33,3.33,3.33,3.33,4.44,2.22,3.33,2.22,2.22,2.22,2.22,2.22,3.33,4.44,7.78,5.56,3.33,7.78,7.78,7.78,8.89,8.89,10,10,8.89,7.78,6.67,5.56,6.67,6.67,6.67,7.78,6.67,5.56,4.44,7.78,6.67,8.89,10,10,10,7.78,4.44,4.44,3.33,3.33,4.44,5.56,10,7.78,8.89,6.67,6.67,5.56,6.67,7.78,7.78,5.56,6.67,6.67
271448,"Lake Houston","Neighborhood","TX",638,"Houston-The Woodlands-Sugar Land",394692,0.71,0.71,1.67,3.33,3.33,2.38,1.43,1.43,1.19,0.71,0.71,0.95,0.95,0.95,0.71,1.9,1.67,2.14,3.57,3.33,2.62,2.14,0.71,0.24,0.24,1.19,1.19,1.19,0.71,0.48,0.24,0.24,0.24,0.24,0.24,0.24,0.48,0.71,0.95,0.48,0.71,0.95,1.19,0.48,0.48,0.24,0.24,0.48,0.71,0.95,0.71,1.19,3.33,7.14,6.43,5.48,4.05,3.81,3.33,3.57,3.57,3.57,4.05,4.05,3.57,2.86,2.38,0.71,0.71,0.48,1.19,4.05,5.48,5.24,5,4.05,3.81,2.14,1.67,2.14,4.29,4.76,4.76,3.81,4.05,3.81,4.29,3.33,3.1,2.38,2.62,3.1,4.52,4.76,5.48,5.48,5,4.52,4.29,5.48,6.19,5.48,5.48,5.71,5.24,4.52
270885,"Midtown","Neighborhood","NY",639,"New York-Newark-Jersey City",394913,6.9,7.26,7.61,7.96,8.23,8.41,8.05,7.7,7.7,7.88,8.5,8.85,9.2,9.2,9.2,8.94,8.58,8.58,7.35,6.11,6.55,7.52,8.58,8.85,9.12,9.03,8.85,8.94,8.85,8.23,6.55,5.22,5.31,6.73,7.79,6.9,4.87,3.63,3.36,3.72,3.19,3.63,3.72,3.45,5.22,7.26,9.12,9.12,8.76,8.23,8.14,8.23,8.32,7.52,5.4,3.54,2.39,1.5,0.71,0.97,2.04,3.27,3.89,1.33,0.88,0.97,3.01,4.69,3.72,3.63,2.21,1.5,0.53,0.44,0.62,1.06,0.97,0.8,0.53,0.27,0.71,1.15,1.77,0.27,0.27,0.18,0.18,0.18,0.53,1.06,2.48,2.74,2.04,1.5,0.71,0.8,0.44,1.15,1.95,1.86,1.5,1.33,1.95,1.95,0.88,0.18
275109,"Puritas-Longmead","Neighborhood","OH",640,"Cleveland-Elyria",394475,6.67,5.56,3.33,3.33,3.33,8.89,8.89,8.89,7.78,4.44,1.11,1.11,6.67,7.78,8.89,8.89,6.67,6.67,7.78,10,10,10,10,7.78,6.67,7.78,6.67,6.67,7.78,8.89,8.89,8.89,8.89,7.78,10,10,10,10,10,10,10,10,6.67,6.67,8.89,8.89,8.89,10,8.89,10,10,10,10,10,10,7.78,6.67,7.78,7.78,6.67,2.22,3.33,7.78,3.33,2.22,2.22,3.33,5.56,6.67,6.67,7.78,8.89,7.78,8.89,8.89,7.78,8.89,6.67,3.33,2.22,3.33,3.33,4.44,4.44,4.44,4.44,5.56,5.56,6.67,7.78,10,10,10,8.89,7.78,8.89,7.78,7.78,5.56,7.78,7.78,8.89,5.56,7.78,7.78,7.78
271182,"Harrowgate","Neighborhood","PA",641,"Philadelphia-Camden-Wilmington",394974,8.71,9.03,9.35,9.52,9.52,9.52,9.68,10,9.84,10,10,9.52,9.35,9.35,9.35,8.71,8.87,9.35,7.58,7.9,9.19,9.84,9.84,9.68,8.87,8.55,8.55,8.39,8.39,9.52,9.84,9.84,9.84,9.52,9.68,9.84,9.19,8.23,4.35,3.06,3.06,5.97,7.58,9.03,7.9,6.13,2.42,0.81,0.48,0.65,2.74,9.84,10,10,9.52,8.87,8.06,8.39,9.52,9.84,10,10,9.68,9.03,9.03,8.71,9.35,7.58,8.39,9.35,9.84,9.19,8.55,8.06,8.39,8.06,8.23,7.9,6.77,8.23,9.03,9.84,10,9.84,9.84,10,10,10,10,9.84,9.84,9.03,2.26,0.97,0.81,4.35,5,5.16,5.16,4.68,6.45,9.19,10,10,9.84,9.84
268045,"Canyon Crest","Neighborhood","CA",643,"Riverside-San Bernardino-Ontario",395025,8.57,8.57,7.14,9.29,7.86,9.29,9.29,9.29,6.43,3.57,2.86,1.43,0.71,0.71,1.43,1.43,0.71,0.71,0.71,0.71,0.71,0.71,0.71,2.14,5,2.86,1.43,1.43,1.43,1.43,5,7.14,10,7.86,8.57,7.86,7.14,6.43,3.57,4.29,4.29,5.71,5.71,7.86,8.57,7.14,6.43,5.71,5.71,5.71,6.43,5,4.29,2.14,5.71,7.14,7.14,4.29,3.57,2.86,4.29,4.29,4.29,3.57,4.29,6.43,8.57,10,10,10,10,9.29,10,10,8.57,4.29,3.57,3.57,5,7.14,7.14,7.86,7.14,9.29,9.29,8.57,6.43,4.29,2.14,2.14,1.43,3.57,5,4.29,4.29,4.29,3.57,2.86,0.71,0.71,0.71,1.43,1.43,7.14,8.57,7.86
125754,"Pine Crest","Neighborhood","RI",644,"Providence-Warwick",395005,7.5,7.5,7.5,7.5,7.5,7.5,7.5,5,5,5,5,5,7.5,7.5,7.5,7.5,7.5,7.5,7.5,7.5,10,10,10,10,10,10,10,10,10,10,10,10,10,10,10,10,10,5,2.5,2.5,2.5,2.5,2.5,2.5,2.5,2.5,2.5,5,2.5,5,7.5,10,7.5,5,5,7.5,10,7.5,5,2.5,2.5,2.5,2.5,2.5,2.5,5,2.5,2.5,2.5,2.5,2.5,2.5,2.5,2.5,7.5,5,5,7.5,7.5,7.5,2.5,2.5,2.5,2.5,2.5,2.5,2.5,2.5,2.5,2.5,2.5,2.5,2.5,2.5,2.5,2.5,2.5,5,5,5,5,5,5,5,5,5
268662,"Five Points","Neighborhood","CO",645,"Denver-Aurora-Lakewood",394530,1.15,3.46,5.38,7.69,6.92,5.77,5.77,4.62,3.46,1.15,1.54,2.31,3.85,3.46,3.08,1.92,1.15,1.92,3.08,5.77,4.62,4.62,4.23,5,4.23,2.69,3.08,4.23,5.77,5,3.85,4.23,6.15,6.54,5.77,5.77,4.62,5,4.23,4.23,4.62,5,5.38,7.31,7.31,8.08,8.08,8.08,6.15,3.08,3.08,2.31,3.08,2.69,5.38,6.92,7.31,5.77,4.23,3.46,3.46,2.69,1.92,1.54,1.92,3.08,3.85,5,5.77,5.77,6.15,5,3.85,3.46,3.85,4.23,5,4.23,4.23,4.23,5.77,7.31,6.92,6.54,6.54,7.69,5,3.46,3.46,5.77,8.08,8.85,8.85,8.08,8.08,7.69,8.08,7.69,7.69,8.08,7.31,7.31,7.31,6.54,6.15,5.77
274080,"Hyde Park Brookwood, Southern Hills","Neighborhood","LA",646,"Shreveport-Bossier City",395096,3.33,5,5,5,5,3.33,3.33,5,3.33,1.67,1.67,3.33,1.67,3.33,3.33,3.33,3.33,3.33,3.33,3.33,3.33,3.33,3.33,1.67,3.33,3.33,3.33,3.33,3.33,3.33,6.67,6.67,6.67,6.67,6.67,5,5,5,5,5,6.67,5,10,8.33,8.33,8.33,8.33,8.33,6.67,6.67,5,5,3.33,3.33,3.33,3.33,3.33,1.67,1.67,1.67,3.33,5,5,6.67,5,6.67,5,5,5,5,5,3.33,3.33,3.33,5,5,6.67,6.67,6.67,8.33,8.33,6.67,5,8.33,8.33,10,10,10,8.33,8.33,6.67,6.67,5,5,5,8.33,8.33,8.33,8.33,10,10,10,10,10,8.33,10
273509,"DRNAG","Neighborhood","CA",648,"Riverside-San Bernardino-Ontario",395025,6.43,7.86,9.29,8.57,4.29,2.14,1.43,1.43,4.29,4.29,3.57,3.57,3.57,4.29,5,2.14,2.14,2.14,2.86,2.86,2.14,4.29,5.71,7.86,8.57,9.29,7.14,6.43,3.57,2.14,3.57,5,5.71,4.29,4.29,2.86,2.14,3.57,7.86,8.57,5.71,3.57,2.14,5,7.14,8.57,7.86,7.86,7.14,7.14,3.57,2.86,5,5.71,6.43,5.71,4.29,3.57,5,5,6.43,5.71,3.57,2.86,5,5.71,5.71,5,5,7.14,8.57,8.57,6.43,3.57,2.86,2.86,2.86,2.14,2.86,2.86,2.14,2.14,2.14,2.14,2.14,2.14,2.14,2.14,4.29,3.57,5,5.71,6.43,8.57,10,8.57,8.57,7.14,5,3.57,3.57,3.57,5,5,5,5
274073,"Huntridge","Neighborhood","NV",649,"Las Vegas-Henderson-Paradise",394775,9.39,9.39,9.59,9.18,7.76,5.71,7.96,9.8,9.8,9.8,9.8,9.8,9.8,9.59,9.59,9.8,9.8,9.8,9.59,8.98,8.57,8.78,9.59,9.59,9.39,4.49,1.63,1.02,0.61,0.2,0.2,1.63,7.55,7.96,5.31,3.47,4.9,4.9,7.76,4.29,5.92,6.94,8.37,8.16,6.94,7.14,6.33,7.76,7.55,6.94,6.73,7.14,6.53,6.12,6.12,7.55,8.78,8.78,8.98,8.16,8.16,7.35,7.96,8.57,9.18,8.16,5.71,5.31,4.69,4.08,5.31,5.71,5.51,5.1,5.51,5.51,3.88,3.06,2.45,2.24,1.84,2.65,3.67,4.08,3.88,2.86,2.45,2.45,1.02,0.41,0.2,0.2,0.61,1.02,0.61,1.02,0.82,1.02,0.61,1.02,1.02,1.63,1.43,2.04,1.22,1.02
275065,"Point Breeze","Neighborhood","PA",650,"Philadelphia-Camden-Wilmington",394974,5.65,4.84,4.35,5.32,5.65,7.42,6.61,7.58,6.45,5.81,4.52,7.26,8.23,7.9,6.13,5.16,5.48,5.97,6.13,4.68,4.35,4.35,5.65,6.94,7.26,8.39,9.52,9.35,8.87,8.55,9.03,9.03,9.03,8.71,8.87,8.23,7.9,6.94,7.58,7.74,8.06,8.55,8.23,8.55,8.55,8.55,7.58,8.06,7.26,6.77,4.35,4.35,5.32,7.9,8.06,6.29,5,4.84,5.97,8.39,8.71,8.87,9.35,9.52,9.68,9.84,8.87,8.39,8.55,7.26,6.77,6.45,5.65,5.16,4.03,4.19,4.84,5.65,4.84,4.19,3.39,4.84,4.35,3.55,2.9,2.9,3.39,3.55,2.74,2.58,2.26,1.94,1.94,1.45,1.61,1.45,2.1,2.26,3.39,3.87,3.55,2.1,1.45,1.29,0.81,0.97
113657,"Bay Park","Neighborhood","CA",651,"San Diego-Carlsbad",395056,4.48,5.52,8.28,8.62,7.24,6.21,8.28,9.31,10,10,9.66,7.59,6.55,5.86,8.97,10,10,9.66,8.62,4.83,2.76,2.41,4.83,8.28,7.93,6.9,5.86,5.86,6.9,7.93,9.66,8.97,7.59,8.97,8.28,8.62,7.59,6.55,2.76,1.38,2.07,2.07,2.76,4.83,4.83,3.45,4.48,6.9,9.31,8.62,8.62,8.28,7.24,4.83,2.76,2.07,1.72,2.07,3.1,3.79,4.83,7.24,7.24,4.14,2.07,2.41,2.41,2.76,3.45,4.83,5.86,5.17,4.14,3.79,4.48,6.55,7.93,7.59,6.9,6.55,5.86,5.17,4.83,3.79,4.83,5.52,7.24,8.97,9.31,10,10,9.66,8.62,5.86,3.1,5.52,6.9,5.52,3.45,3.45,5.17,4.14,4.14,3.45,3.79,5.52
271057,"West Boulevard","Neighborhood","OH",652,"Cleveland-Elyria",394475,3.33,4.44,5.56,5.56,5.56,7.78,5.56,5.56,5.56,7.78,7.78,8.89,8.89,8.89,7.78,7.78,8.89,8.89,8.89,7.78,8.89,6.67,3.33,2.22,2.22,3.33,3.33,3.33,2.22,3.33,3.33,4.44,4.44,3.33,2.22,2.22,3.33,5.56,6.67,6.67,8.89,8.89,10,10,10,10,10,7.78,4.44,5.56,5.56,6.67,6.67,7.78,8.89,10,8.89,5.56,4.44,3.33,1.11,1.11,1.11,1.11,3.33,3.33,2.22,2.22,4.44,4.44,5.56,5.56,5.56,7.78,10,8.89,7.78,8.89,7.78,6.67,7.78,10,10,10,6.67,5.56,4.44,6.67,5.56,6.67,7.78,7.78,6.67,3.33,3.33,4.44,4.44,5.56,8.89,8.89,8.89,5.56,8.89,6.67,5.56,5.56
14041,"Sun Lakes","Neighborhood","AZ",653,"Phoenix-Mesa-Scottsdale",394976,0.67,0.33,0.67,1,4,5.33,4.67,2.67,2,1.33,0.67,0.67,0.33,1,1.67,1.33,1.33,1,1,0.67,0.67,0.67,0.67,0.67,0.67,1,2,1.67,2,1.33,1.33,1,1,1,1.33,3.33,5.33,6,7.67,8.67,9.67,9.33,8.33,7.33,7,7.67,7.33,7.67,7.67,8,5,4.67,4.67,3.67,2.33,2,1.67,1.33,2.33,2.67,3,2.67,2.67,2,2,2,2.33,2.67,2.67,1.67,1,1.33,2,2.67,3,2.33,2.33,2.33,2,3,5.67,7,9,9.33,9,6.33,5.33,4.33,3.67,4.33,5,5.33,6,7,7.67,9,8.67,8,8,7.67,8.67,8.67,7.67,6.33,5.67,5.33
8449,"Eggertsville","Neighborhood","NY",654,"Buffalo-Cheektowaga-Niagara Falls",394425,5,5,5,5,5,5,5,5,5,10,10,10,10,5,5,5,5,5,5,5,5,5,5,5,5,10,10,5,5,5,5,5,5,5,10,5,5,5,5,5,10,10,5,10,10,10,10,5,5,5,5,5,5,5,5,5,5,10,10,10,10,10,10,10,10,5,5,5,10,10,10,10,5,5,5,5,5,5,10,10,5,5,5,5,5,5,5,5,5,5,5,5,10,5,5,5,5,5,5,5,5,5,5,10,10,10
270077,"West Grand","Neighborhood","MI",655,"Grand Rapids-Wyoming",394640,10,10,10,10,10,10,10,10,10,10,10,10,10,10,10,10,10,10,10,10,10,10,10,10,10,10,10,10,10,10,10,10,10,10,5,10,10,10,10,5,5,5,10,10,10,10,10,10,10,10,10,10,10,10,10,5,5,5,5,5,5,5,5,5,5,5,5,5,5,5,5,5,5,5,5,5,5,5,5,5,5,5,5,5,5,5,5,5,5,5,5,5,5,5,5,5,5,5,5,5,5,5,5,5,5,5
200574,"Ellet","Neighborhood","OH",656,"Akron",394304,5.56,5.56,6.67,7.78,7.78,8.89,4.44,1.11,1.11,1.11,2.22,3.33,3.33,1.11,1.11,2.22,3.33,4.44,8.89,8.89,6.67,4.44,5.56,5.56,8.89,8.89,8.89,6.67,5.56,3.33,5.56,7.78,8.89,8.89,8.89,4.44,5.56,7.78,6.67,5.56,5.56,3.33,4.44,3.33,3.33,5.56,7.78,8.89,7.78,10,10,8.89,7.78,5.56,5.56,7.78,6.67,3.33,4.44,4.44,5.56,4.44,5.56,8.89,8.89,4.44,3.33,4.44,4.44,3.33,4.44,6.67,8.89,6.67,4.44,3.33,1.11,2.22,4.44,7.78,6.67,6.67,3.33,3.33,4.44,6.67,7.78,5.56,1.11,1.11,1.11,5.56,8.89,8.89,7.78,7.78,5.56,4.44,3.33,3.33,3.33,5.56,7.78,8.89,8.89,7.78
27328,"Sunland","Neighborhood","CA",657,"Los Angeles-Long Beach-Anaheim",753899,9.42,8.49,6.4,2.79,1.63,3.14,6.74,5.93,4.19,2.21,1.63,1.74,2.21,3.14,4.77,6.28,6.63,8.26,9.19,9.53,8.37,8.37,8.84,8.84,7.33,5.7,3.26,3.14,1.98,2.21,3.02,4.19,6.16,8.02,8.95,9.53,9.65,9.77,9.53,9.3,9.19,9.88,9.77,9.53,9.42,9.53,9.53,9.88,10,9.88,9.65,9.19,9.53,8.72,3.72,1.63,1.4,3.72,4.77,6.63,7.33,8.02,6.86,6.51,4.42,6.51,8.02,9.77,9.42,9.42,9.77,9.88,9.65,8.95,8.49,7.09,6.51,7.09,8.6,9.77,10,10,9.65,9.07,7.91,7.91,8.26,8.72,9.3,9.19,8.95,8.49,8.37,7.91,7.33,7.09,8.14,9.3,9.53,9.19,8.6,8.95,8.6,9.42,9.42,9.42
38922,"Hauppauge","Neighborhood","NY",658,"New York-Newark-Jersey City",394913,5.4,6.55,8.14,7.88,8.14,8.14,8.32,8.58,8.85,8.76,7.61,4.87,1.59,0.62,0.35,0.35,0.44,0.53,0.88,0.88,0.71,1.15,2.3,4.96,5.31,6.46,5.58,4.6,3.19,2.83,3.01,3.01,2.39,2.3,3.36,6.46,7.08,5.13,0.97,0.35,0.27,0.53,1.24,2.39,2.57,3.89,6.02,5.93,4.6,3.36,5.4,6.02,5.66,4.34,3.89,4.51,4.16,3.72,2.48,1.5,0.8,0.18,0.44,0.35,0.35,0.18,0.09,0.09,0.18,0.62,3.63,2.92,3.19,3.72,3.19,2.83,1.77,1.77,0.62,0.35,0.88,2.12,3.1,2.83,2.57,3.1,1.77,1.59,1.33,1.77,1.77,3.19,4.25,5.93,6.99,5.84,4.6,3.54,4.25,3.1,1.86,0.8,1.59,3.27,5.49,5.13
249694,"South Franklin","Neighborhood","IN",659,"Indianapolis-Carmel-Anderson",394705,6.43,6.43,6.43,6.43,6.43,6.43,6.43,6.43,6.43,6.43,6.43,6.43,6.43,6.43,6.43,6.43,6.43,6.43,6.43,6.43,6.43,6.43,6.43,7.14,6.43,6.43,6.43,6.43,6.43,5.71,5,5,5,5,5.71,6.43,7.14,6.43,6.43,9.29,9.29,9.29,7.86,7.86,8.57,8.57,8.57,8.57,7.86,8.57,8.57,9.29,8.57,8.57,9.29,9.29,10,8.57,7.14,7.86,8.57,8.57,8.57,9.29,10,10,10,8.57,7.14,5.71,5.71,7.14,7.14,5.71,6.43,6.43,7.14,6.43,3.57,3.57,2.86,2.86,2.86,3.57,3.57,4.29,5.71,7.14,7.86,5.71,5.71,5,5.71,5,5,6.43,7.14,7.14,7.86,7.86,6.43,7.14,6.43,6.43,5,3.57
38178,"Delmar","Neighborhood","NY",660,"Albany-Schenectady-Troy",394308,8,8,6,6,6,6,6,6,8,8,6,6,6,6,6,6,6,6,6,6,6,6,8,10,10,10,10,10,10,10,10,10,10,10,10,10,10,10,10,10,10,10,10,10,10,10,10,8,10,10,8,8,8,10,8,8,8,8,6,6,6,8,6,6,10,10,10,10,10,10,10,10,10,10,10,10,10,10,10,10,10,10,10,10,10,10,10,10,10,10,10,10,8,8,10,10,10,10,10,10,10,10,10,10,8,10
762171,"Panorama","Neighborhood","CA",661,"Riverside-San Bernardino-Ontario",395025,5,3.57,2.14,3.57,3.57,4.29,2.14,0.71,0.71,0.71,2.14,2.14,2.86,2.86,3.57,4.29,4.29,4.29,2.14,2.14,1.43,2.86,2.86,5,5.71,5,3.57,4.29,5,5.71,4.29,3.57,3.57,3.57,2.86,5,4.29,5,4.29,5,5,4.29,3.57,2.86,3.57,4.29,4.29,2.14,2.86,2.86,5,7.14,7.14,8.57,7.86,7.86,7.86,7.14,6.43,6.43,5,5,5.71,5,2.14,0.71,0.71,0.71,1.43,1.43,1.43,1.43,1.43,1.43,1.43,2.14,2.14,1.43,1.43,2.14,2.86,2.86,2.86,3.57,3.57,4.29,3.57,3.57,3.57,4.29,3.57,4.29,3.57,5,5.71,9.29,9.29,9.29,10,10,10,10,10,10,9.29,9.29
273086,"Buffalo","Neighborhood","NV",662,"Las Vegas-Henderson-Paradise",394775,1.63,2.86,3.27,7.35,7.35,8.98,8.37,8.78,8.57,8.37,7.96,6.94,6.12,3.67,3.27,1.63,1.02,0.82,1.02,1.43,1.84,2.04,0.61,0.82,0.41,0.41,1.43,1.84,2.45,4.08,6.94,7.55,3.47,0.61,0.41,0.41,1.02,2.86,3.47,5.51,4.69,4.9,5.1,3.88,2.04,0.41,1.43,2.45,4.69,5.92,5.51,3.27,2.04,1.43,1.43,1.43,2.65,4.49,3.88,3.47,3.06,1.63,0.61,0.2,0.2,0.41,0.82,0.82,0.61,1.63,1.22,1.43,1.02,1.22,0.82,0.82,0.61,0.82,1.02,1.84,1.63,1.63,1.84,2.24,2.04,1.84,1.84,1.63,2.04,3.47,4.29,4.08,2.45,1.43,0.82,0.61,1.02,1.43,1.22,0.61,0.41,0.41,0.41,0.61,0.41,1.22
201557,"Kenmore","Neighborhood","OH",663,"Akron",394304,7.78,8.89,7.78,6.67,3.33,2.22,6.67,8.89,10,10,10,8.89,8.89,7.78,5.56,5.56,7.78,7.78,6.67,5.56,3.33,5.56,7.78,8.89,5.56,5.56,5.56,4.44,4.44,5.56,4.44,2.22,2.22,2.22,2.22,2.22,2.22,2.22,5.56,6.67,8.89,5.56,1.11,1.11,1.11,3.33,6.67,3.33,3.33,5.56,6.67,10,10,8.89,4.44,5.56,10,10,8.89,6.67,6.67,5.56,7.78,10,10,10,10,7.78,6.67,4.44,8.89,10,10,8.89,3.33,4.44,4.44,5.56,3.33,2.22,2.22,1.11,4.44,8.89,6.67,4.44,2.22,4.44,4.44,3.33,4.44,2.22,2.22,2.22,2.22,3.33,4.44,7.78,8.89,10,6.67,1.11,1.11,3.33,5.56,6.67
126082,"Sarasota Springs","Neighborhood","FL",665,"North Port-Sarasota-Bradenton",753906,7.86,9.29,10,10,10,10,10,10,10,10,9.29,7.86,7.86,9.29,9.29,8.57,6.43,5.71,4.29,3.57,5.71,7.14,8.57,9.29,9.29,9.29,8.57,5.71,5.71,6.43,9.29,10,9.29,7.14,7.14,8.57,10,9.29,8.57,7.86,7.14,8.57,10,10,10,9.29,8.57,6.43,3.57,1.43,1.43,2.86,3.57,5.71,6.43,7.14,8.57,8.57,9.29,10,10,10,8.57,9.29,9.29,9.29,8.57,10,9.29,9.29,10,10,10,10,8.57,7.86,7.86,4.29,6.43,5.71,7.86,7.86,8.57,8.57,5.71,6.43,6.43,5.71,5.71,5.71,6.43,7.86,7.86,8.57,7.86,7.86,7.86,8.57,7.86,6.43,7.14,5.71,5.71,3.57,3.57,5
271021,"North Hill","Neighborhood","OH",666,"Akron",394304,1.11,2.22,2.22,2.22,2.22,4.44,2.22,5.56,3.33,4.44,4.44,4.44,5.56,5.56,2.22,1.11,1.11,1.11,2.22,3.33,8.89,8.89,8.89,7.78,7.78,6.67,6.67,7.78,7.78,6.67,6.67,8.89,10,10,10,10,10,8.89,8.89,8.89,6.67,10,10,10,8.89,8.89,4.44,5.56,4.44,2.22,3.33,5.56,5.56,4.44,3.33,4.44,7.78,7.78,7.78,8.89,8.89,8.89,8.89,5.56,3.33,3.33,2.22,2.22,3.33,5.56,7.78,8.89,6.67,5.56,6.67,6.67,3.33,1.11,1.11,1.11,1.11,5.56,1.11,2.22,2.22,10,10,10,10,10,10,10,10,10,10,8.89,10,8.89,7.78,7.78,7.78,8.89,6.67,4.44,3.33,4.44
269603,"O'Hare","Neighborhood","IL",667,"Chicago-Naperville-Elgin",394463,2.08,3.19,3.33,2.92,2.36,2.08,1.53,1.67,1.81,2.36,2.08,2.08,1.94,5.42,7.64,9.86,10,10,10,9.86,9.86,9.86,9.86,9.86,9.58,9.58,6.53,4.72,3.06,6.11,8.33,7.92,6.53,7.36,8.89,9.72,8.33,5.28,2.36,1.81,2.5,3.61,4.86,5.69,7.22,5.69,7.64,8.33,9.72,9.17,7.78,7.36,6.67,7.5,7.64,8.61,8.89,8.75,9.58,9.44,9.44,8.89,7.92,5,2.36,1.53,1.81,4.03,6.11,8.06,8.33,9.17,8.33,7.22,7.5,5.97,2.64,0.97,1.94,4.31,9.58,9.44,9.17,9.72,9.86,10,10,10,10,10,9.86,9.86,9.86,9.72,9.03,8.61,9.44,10,10,10,10,10,10,10,10,9.44
268628,"Capitol Hill","Neighborhood","CO",668,"Denver-Aurora-Lakewood",394530,6.54,8.46,9.62,10,6.15,4.62,3.85,4.23,4.23,5,5.38,5,5.38,6.15,6.15,7.69,5.38,4.23,3.85,3.46,5,6.54,7.31,5.77,6.54,8.08,3.46,2.31,1.92,3.85,8.46,9.23,9.23,8.85,8.08,6.54,5,4.62,1.92,1.92,1.92,3.08,6.54,8.08,9.23,9.23,8.85,8.46,7.31,6.54,8.08,8.08,8.46,8.85,10,10,10,9.23,8.46,8.85,9.62,9.62,9.23,8.85,9.62,9.62,10,9.23,9.23,8.85,7.31,6.54,6.15,7.31,8.85,9.23,8.46,6.54,7.31,8.08,8.08,5.77,5,5.38,6.15,5.77,8.08,8.46,8.46,8.46,9.23,8.46,8.08,6.92,8.85,5.38,6.54,6.54,7.31,6.92,4.62,6.15,6.92,8.08,7.69,7.31
270952,"Tudor City","Neighborhood","NY",669,"New York-Newark-Jersey City",394913,4.96,5.31,5.58,6.28,6.99,6.81,6.64,5.58,4.16,3.89,3.81,4.16,5.4,6.02,6.46,6.11,5.66,5.58,6.02,6.46,6.28,3.63,2.04,0.97,0.88,0.88,0.97,1.06,1.06,1.5,1.86,2.12,1.24,1.15,1.68,3.81,5.04,4.96,4.69,2.57,2.74,3.1,5.31,3.98,4.6,5.13,6.73,7.43,6.99,6.99,6.73,6.81,6.9,6.99,4.25,2.92,2.12,1.59,1.42,1.06,1.15,1.06,1.06,1.15,1.86,3.63,4.87,5.49,4.78,3.01,0.97,0.62,1.15,3.27,6.11,7.08,7.52,6.64,6.19,5.58,4.42,2.57,1.33,0.71,0.88,1.95,3.54,4.69,4.96,3.98,3.45,4.6,4.96,5.66,3.63,2.57,1.95,1.06,0.44,0.97,1.06,1.59,0.8,0.44,0.44,0.62
762249,"Grogan's Mill","Neighborhood","TX",670,"Houston-The Woodlands-Sugar Land",394692,2.14,1.19,2.62,4.05,4.76,3.57,2.14,2.62,3.57,5.48,7.38,8.81,9.05,9.29,9.29,9.05,8.81,8.81,9.05,9.05,8.57,7.38,4.76,4.29,6.67,6.9,7.14,6.9,6.19,4.76,3.57,3.1,4.05,4.52,4.76,5,3.57,3.1,2.62,1.9,1.9,2.86,2.38,1.9,0.95,1.19,0.95,1.19,1.67,1.67,1.9,1.9,1.43,1.43,1.43,0.95,0.95,0.95,0.95,1.67,1.67,1.19,1.9,2.14,3.81,3.33,4.05,4.52,3.81,3.81,3.1,2.86,3.33,4.29,2.62,2.86,3.33,4.52,2.62,1.43,0.48,0.48,0.71,0.48,0.48,1.67,2.86,5,4.29,5.48,5,4.05,2.86,4.52,6.67,7.86,8.1,8.1,7.86,7.86,7.86,6.9,7.14,6.43,6.9,5.71
276514,"Playa Del Rey","Neighborhood","CA",671,"Los Angeles-Long Beach-Anaheim",753899,2.56,1.98,2.09,4.3,3.84,3.49,2.33,1.4,1.28,1.74,2.44,1.86,0.93,0.7,1.16,1.86,2.21,3.37,2.79,3.6,3.02,2.56,1.74,1.28,1.74,1.63,2.21,2.67,4.19,4.42,4.65,3.49,3.26,3.14,4.42,5.81,6.05,6.05,6.51,7.33,7.91,7.09,6.4,6.86,7.67,7.67,6.4,7.09,7.91,9.42,9.19,8.6,8.72,8.6,9.65,9.77,9.19,8.49,8.95,9.65,9.77,9.53,9.07,8.84,8.84,9.53,9.77,9.65,8.84,8.6,7.56,7.21,6.98,7.79,8.26,9.3,9.19,8.72,5.93,5.58,7.21,9.53,9.77,9.88,9.53,9.53,9.65,9.07,8.72,6.86,5.47,3.95,4.53,5.35,8.14,8.95,9.3,8.6,8.37,8.02,7.67,5.47,5.47,5.93,5.81,4.53
269599,"Near West Side","Neighborhood","IL",673,"Chicago-Naperville-Elgin",394463,2.64,2.92,4.58,4.44,4.72,4.44,4.86,5.42,5.83,4.86,4.86,4.72,4.17,3.75,2.5,2.92,2.78,4.17,4.86,5.28,5.83,5.83,5.69,6.39,6.67,6.94,7.36,7.78,8.19,8.47,8.61,8.06,8.06,8.47,8.47,8.33,8.61,8.33,8.06,7.08,7.92,8.33,8.61,9.17,9.31,9.31,8.89,9.17,9.58,10,9.86,9.86,9.86,9.72,9.44,9.58,9.72,9.86,10,10,9.86,10,10,10,10,9.86,9.86,9.86,10,10,10,10,10,10,10,10,10,10,10,10,10,10,10,10,10,9.86,9.72,9.58,9.58,9.44,9.31,8.89,8.61,8.47,7.64,8.06,7.22,7.36,7.22,7.36,7.22,7.36,6.81,6.39,5.69,5.83
270188,"Central West End","Neighborhood","MO",674,"St. Louis",395121,8.75,8.75,8.75,8.75,8.75,7.5,7.5,7.5,8.75,8.75,7.5,8.75,8.75,10,10,10,8.75,6.25,6.25,5,5,3.75,2.5,1.25,1.25,1.25,1.25,1.25,2.5,2.5,2.5,2.5,1.25,1.25,1.25,2.5,5,3.75,7.5,7.5,7.5,5,7.5,6.25,7.5,7.5,7.5,7.5,8.75,5,5,6.25,8.75,10,10,8.75,7.5,7.5,7.5,7.5,5,7.5,7.5,7.5,6.25,7.5,7.5,3.75,3.75,1.25,1.25,1.25,2.5,3.75,3.75,2.5,1.25,1.25,2.5,2.5,2.5,1.25,1.25,3.75,3.75,5,5,3.75,6.25,6.25,5,2.5,2.5,2.5,1.25,1.25,1.25,1.25,1.25,1.25,1.25,2.5,1.25,1.25,1.25,1.25
267954,"North Gateway","Neighborhood","AZ",675,"Phoenix-Mesa-Scottsdale",394976,9.33,9.33,9,8.33,7,9,9.67,9.67,8.67,7.33,8.33,7.67,8.33,8,8,7.67,7,5.67,2.33,1.67,1.67,2.67,3.67,2.33,2.67,3.33,4.33,4,3.33,3.33,3,3.33,4,6,5.33,4.67,2,1,1.67,3,6.33,7,5,3,2,1,1.33,2,2.33,2,1.67,0.67,1.67,2,3,2.33,2.33,2,1.33,1.33,1.33,1.33,1.33,1.33,1.33,1,1,1,1.33,2,2,2,1.67,1.67,1.67,2,2,1.67,1,0.67,0.67,1,0.67,0.67,0.67,0.67,0.67,0.67,0.67,1,1,1,0.67,1,0.67,0.67,0.67,1.67,2,3,3.67,3.67,3.33,2.67,1.67,1.67
271181,"Grays Ferry","Neighborhood","PA",676,"Philadelphia-Camden-Wilmington",394974,1.13,0.81,0.32,0.48,0.48,0.48,1.77,4.03,7.9,6.29,5.81,2.9,2.9,2.26,3.39,4.84,6.61,6.61,5.16,3.39,2.26,3.23,8.39,8.87,8.06,7.1,4.03,2.26,2.1,2.58,2.9,2.58,3.55,4.68,7.26,6.94,8.87,7.26,6.45,6.13,9.03,9.84,9.68,8.71,9.19,9.19,9.84,9.84,9.84,10,10,9.68,9.52,9.03,8.87,8.55,9.03,8.87,7.26,6.77,6.45,7.74,8.71,9.84,10,10,10,10,9.68,9.68,9.52,9.52,9.52,9.84,9.52,10,9.52,9.68,7.74,5.65,5.65,7.26,8.39,8.39,7.42,7.1,4.68,5,3.87,6.94,8.06,8.71,6.77,6.45,5,5.97,6.29,7.42,8.55,5.65,2.58,1.13,1.77,2.74,3.23,2.9
753746,"South Campus","Neighborhood","LA",678,"Baton Rouge",394367,7.78,8.89,10,10,10,10,10,8.89,10,8.89,8.89,8.89,10,10,8.89,8.89,8.89,8.89,7.78,5.56,4.44,6.67,7.78,7.78,7.78,6.67,7.78,8.89,10,10,10,10,7.78,3.33,6.67,6.67,6.67,6.67,7.78,7.78,6.67,6.67,6.67,6.67,5.56,7.78,5.56,4.44,2.22,3.33,3.33,2.22,2.22,1.11,1.11,1.11,1.11,1.11,1.11,1.11,1.11,3.33,5.56,4.44,3.33,4.44,4.44,5.56,4.44,3.33,4.44,3.33,3.33,3.33,4.44,6.67,7.78,7.78,5.56,4.44,2.22,2.22,4.44,4.44,3.33,2.22,3.33,3.33,3.33,2.22,1.11,1.11,3.33,2.22,1.11,2.22,1.11,1.11,1.11,1.11,1.11,1.11,1.11,1.11,1.11,1.11
407493,"North Shore","Neighborhood","FL",679,"Miami-Fort Lauderdale-West Palm Beach",394856,4.33,4.03,4.78,6.72,7.61,7.31,6.72,6.87,7.61,7.61,6.72,6.12,6.87,7.61,7.16,5.67,5.07,3.13,1.94,1.04,1.94,5.52,8.06,7.61,6.12,5.52,4.63,5.37,5.67,5.07,5.22,4.63,5.67,5.97,6.72,7.16,7.76,7.91,7.16,6.27,5.67,6.42,5.97,5.67,5.07,6.12,6.12,6.12,5.67,5.07,5.97,5.52,4.03,1.94,1.79,2.69,5.22,6.12,5.82,3.13,1.49,2.24,3.88,4.48,4.03,2.54,2.54,3.43,4.78,5.67,3.13,2.54,2.09,4.03,4.78,5.52,4.63,4.18,4.18,3.43,2.84,2.54,2.39,2.09,2.84,3.13,3.13,2.39,2.39,1.79,2.39,1.34,1.79,1.94,2.99,3.28,3.28,2.99,2.99,2.54,3.28,4.03,4.48,4.18,2.84,1.79
273782,"Franklin Park","Neighborhood","OH",680,"Toledo",395160,10,9.17,6.67,4.17,4.17,2.5,3.33,4.17,8.33,8.33,5,2.5,2.5,5.83,7.5,5,3.33,5,2.5,2.5,0.83,1.67,4.17,5.83,7.5,8.33,7.5,7.5,7.5,5,2.5,0.83,1.67,3.33,7.5,9.17,9.17,9.17,7.5,5.83,6.67,7.5,8.33,8.33,7.5,4.17,0.83,1.67,4.17,7.5,7.5,5.83,3.33,5,8.33,10,9.17,9.17,10,10,8.33,6.67,3.33,4.17,5,6.67,6.67,9.17,10,10,10,10,9.17,5.83,5,2.5,1.67,4.17,5.83,5.83,6.67,7.5,8.33,8.33,8.33,4.17,0.83,0.83,0.83,2.5,3.33,4.17,5.83,9.17,10,10,8.33,8.33,6.67,5.83,3.33,3.33,2.5,4.17,5,5
211844,"Hyde Park","Neighborhood","PA",681,"Scranton--Wilkes-Barre--Hazleton",395075,10,10,10,10,10,10,10,10,10,10,10,10,10,10,10,10,10,10,10,10,10,10,10,10,10,10,10,10,10,10,10,10,10,10,10,10,10,10,10,10,10,10,10,10,10,10,10,10,10,10,10,10,10,10,10,10,10,10,10,10,10,10,10,10,10,10,10,10,10,10,10,10,10,10,10,10,10,10,10,10,10,10,10,10,10,10,10,10,10,10,10,10,10,10,10,10,10,10,10,10,10,10,10,10,10,10
271220,"Squirrel Hill South","Neighborhood","PA",682,"Pittsburgh",394982,1.25,1.25,1.25,1.25,3.75,5,5,5,5,5,5,2.5,2.5,1.25,2.5,3.75,6.25,7.5,7.5,6.25,3.75,2.5,3.75,7.5,8.75,8.75,8.75,8.75,5,5,5,6.25,6.25,8.75,8.75,8.75,8.75,8.75,8.75,7.5,8.75,10,10,8.75,7.5,5,5,3.75,2.5,2.5,3.75,6.25,7.5,7.5,6.25,5,5,3.75,5,3.75,3.75,3.75,5,5,5,5,5,2.5,2.5,1.25,2.5,2.5,3.75,7.5,8.75,10,8.75,7.5,5,7.5,8.75,7.5,6.25,6.25,6.25,7.5,8.75,5,2.5,2.5,6.25,6.25,5,5,3.75,3.75,5,6.25,7.5,8.75,10,8.75,8.75,5,3.75,5
403325,"Galewood","Neighborhood","IL",683,"Chicago-Naperville-Elgin",394463,4.86,5.69,6.11,5.83,4.86,5.56,4.72,3.33,1.67,1.39,1.94,3.06,4.72,5.14,5.28,3.47,2.36,2.78,4.44,4.58,3.47,2.92,2.22,1.81,2.08,2.22,3.47,4.17,4.86,4.17,3.47,2.08,3.61,6.81,9.17,9.03,7.78,8.19,7.36,8.33,9.31,10,10,9.58,8.33,4.72,4.31,3.89,4.86,2.36,2.36,3.47,8.47,7.92,8.06,8.06,8.33,7.78,7.78,7.5,4.31,1.81,2.22,4.72,4.58,2.36,1.94,2.22,2.36,1.94,1.81,1.39,1.53,1.67,1.94,3.19,3.89,3.89,4.31,3.47,3.33,1.94,1.67,2.5,5.69,8.47,8.33,5.83,3.89,2.36,1.81,0.97,1.11,1.25,1.39,1.81,1.25,2.08,3.75,3.47,3.89,5.56,4.86,6.25,5,7.22
210296,"Elmwood","Neighborhood","PA",684,"Philadelphia-Camden-Wilmington",394974,10,9.19,5.32,2.74,5.32,6.61,6.94,5,4.35,5.32,6.94,6.29,6.13,7.74,8.39,8.39,9.03,9.52,9.84,9.52,7.58,7.1,5.16,3.55,1.29,0.48,0.32,0.65,2.42,3.55,4.84,3.87,3.87,2.9,1.77,0.65,0.32,0.32,1.61,5.81,7.74,7.9,7.1,7.42,7.1,7.42,8.71,9.68,9.68,9.35,8.71,8.55,8.55,5.81,1.61,0.97,1.94,5.32,6.94,6.45,5.97,5.65,5.97,7.42,8.39,6.13,3.55,1.77,2.1,1.77,1.13,1.13,1.13,2.26,4.19,5.16,4.03,2.74,0.97,1.45,1.61,2.26,3.39,5.97,9.03,8.55,7.58,4.19,2.42,1.77,2.58,3.87,8.06,7.58,7.1,5.32,5.97,5.65,7.1,6.94,7.26,5.32,6.45,5.81,6.77,7.58
269306,"Downtown","Neighborhood","GA",685,"Atlanta-Sandy Springs-Roswell",394347,1.58,1.05,1.05,1.05,1.05,1.05,1.05,0.53,0.53,1.05,0.53,0.53,1.05,3.68,8.95,7.89,7.37,7.37,7.89,8.42,8.42,6.32,5.26,6.32,6.84,7.37,5.79,5.79,3.68,3.16,2.63,4.21,7.37,9.47,10,7.89,3.68,2.11,2.11,1.58,4.21,7.37,8.95,6.84,7.89,6.84,6.84,6.84,7.89,7.37,7.89,8.42,4.21,3.16,2.11,3.16,3.16,2.63,1.58,2.63,3.68,4.74,4.21,3.68,2.11,3.68,3.68,4.74,3.68,4.21,3.68,3.68,3.68,3.68,4.21,4.21,4.74,4.21,3.68,2.63,2.63,2.63,3.16,2.11,1.58,1.58,2.11,2.63,3.68,4.74,4.74,3.68,4.21,6.84,8.42,8.95,5.79,4.21,4.21,4.74,6.32,5.79,4.21,3.16,2.11,2.11
117980,"Scripps Ranch","Neighborhood","CA",686,"San Diego-Carlsbad",395056,4.83,4.48,6.21,8.28,8.62,8.28,6.21,5.17,8.28,8.97,9.31,9.31,8.28,8.28,5.86,5.52,5.86,6.9,5.17,4.48,5.86,6.21,7.93,6.21,5.86,5.17,4.83,4.14,3.45,3.45,4.14,4.14,4.14,3.1,3.79,4.14,3.45,2.07,2.07,2.76,2.41,2.41,2.07,3.45,3.1,6.9,4.83,5.86,4.83,6.21,7.93,9.31,8.62,7.24,7.59,8.28,9.31,8.97,7.93,6.55,5.52,7.59,8.28,8.28,7.59,6.9,6.21,4.14,4.14,4.14,5.17,7.24,7.93,8.28,8.62,9.31,8.97,8.28,7.59,7.93,8.97,8.97,8.97,7.93,9.31,9.66,9.66,8.62,8.28,8.62,9.31,8.62,5.17,2.76,2.76,1.72,3.45,2.76,5.17,5.86,7.93,8.28,7.59,4.83,3.45,3.79
272060,"Capitol","Neighborhood","WI",687,"Madison",394816,10,10,10,10,10,10,10,10,10,10,10,10,10,10,10,10,10,10,10,10,10,10,10,10,10,10,10,10,10,10,10,10,10,10,10,10,10,10,10,10,10,10,10,10,10,10,10,10,10,10,10,10,10,10,10,10,10,10,10,10,10,10,10,10,10,10,10,10,10,10,10,10,10,10,10,10,10,10,10,10,10,10,10,10,10,10,10,10,10,10,10,10,10,10,10,10,10,10,10,10,10,10,10,10,10,10
271041,"South Broadway","Neighborhood","OH",688,"Cleveland-Elyria",394475,10,10,7.78,6.67,6.67,5.56,7.78,7.78,8.89,6.67,2.22,5.56,7.78,6.67,6.67,6.67,5.56,7.78,6.67,6.67,6.67,5.56,7.78,8.89,8.89,8.89,8.89,8.89,3.33,1.11,1.11,1.11,1.11,2.22,3.33,3.33,6.67,6.67,4.44,4.44,4.44,4.44,3.33,2.22,1.11,1.11,2.22,5.56,7.78,6.67,7.78,8.89,8.89,8.89,7.78,8.89,10,10,10,10,10,7.78,6.67,5.56,6.67,6.67,6.67,4.44,1.11,1.11,2.22,4.44,10,10,4.44,3.33,4.44,5.56,5.56,4.44,5.56,4.44,2.22,2.22,2.22,2.22,3.33,2.22,2.22,2.22,2.22,4.44,3.33,4.44,4.44,3.33,2.22,2.22,3.33,3.33,2.22,1.11,2.22,3.33,3.33,3.33
275179,"Rita Ranch","Neighborhood","AZ",689,"Tucson",395167,3.33,5,5,5,5,5,8.33,8.33,10,10,8.33,8.33,3.33,3.33,3.33,5,8.33,10,10,10,6.67,8.33,8.33,10,10,8.33,8.33,8.33,6.67,6.67,6.67,8.33,10,10,10,10,10,10,10,10,8.33,10,10,10,10,8.33,6.67,6.67,6.67,6.67,6.67,6.67,5,5,6.67,6.67,6.67,6.67,6.67,10,10,10,10,10,10,8.33,8.33,8.33,10,10,10,10,10,10,10,10,10,10,10,10,10,10,10,6.67,6.67,5,5,6.67,10,8.33,8.33,8.33,8.33,8.33,6.67,6.67,8.33,8.33,8.33,10,10,10,10,10,8.33,8.33
204189,"West Akron","Neighborhood","OH",690,"Akron",394304,8.89,7.78,8.89,5.56,8.89,7.78,8.89,7.78,7.78,6.67,6.67,7.78,6.67,6.67,7.78,8.89,8.89,6.67,3.33,2.22,2.22,2.22,4.44,6.67,6.67,7.78,7.78,8.89,8.89,8.89,8.89,6.67,6.67,5.56,3.33,3.33,3.33,3.33,4.44,2.22,2.22,4.44,8.89,8.89,10,6.67,1.11,1.11,2.22,4.44,4.44,6.67,8.89,10,10,3.33,3.33,1.11,3.33,2.22,4.44,6.67,4.44,6.67,6.67,8.89,5.56,3.33,2.22,7.78,10,5.56,3.33,2.22,2.22,1.11,2.22,3.33,2.22,3.33,4.44,2.22,8.89,10,10,8.89,5.56,6.67,7.78,5.56,2.22,1.11,1.11,1.11,1.11,1.11,1.11,3.33,5.56,6.67,5.56,4.44,4.44,5.56,7.78,5.56
273803,"Gandy-Sun Bay South","Neighborhood","FL",691,"Tampa-St. Petersburg-Clearwater",395148,2.9,3.87,6.45,4.19,3.55,4.84,7.1,7.1,7.42,4.19,4.19,3.87,5.16,6.77,7.1,7.42,5.16,6.45,6.77,7.74,9.03,8.39,5.16,2.9,4.19,5.81,6.45,3.87,5.48,7.1,7.1,5.16,3.55,2.58,1.61,2.58,4.84,6.77,7.74,6.45,7.1,8.06,6.77,6.45,4.52,5.16,7.1,8.71,8.06,6.45,5.81,6.13,5.81,5.81,7.1,8.71,8.71,8.39,5.16,6.77,7.42,6.77,4.84,3.55,3.23,2.58,2.26,2.26,3.87,5.81,7.1,7.42,7.74,8.06,7.1,6.13,5.16,5.16,6.13,6.45,5.81,7.1,6.77,6.77,7.1,7.1,6.13,3.87,5.48,5.81,6.77,6.13,6.13,6.13,7.1,6.45,6.77,7.1,7.42,7.1,4.84,2.9,3.23,4.19,6.45,7.74
416968,"West Oak Hill","Neighborhood","TX",692,"Austin-Round Rock",394355,10,10,10,10,10,10,10,10,10,10,10,10,10,10,10,10,10,10,10,10,10,10,10,10,10,10,6.67,6.67,6.67,10,10,10,10,10,10,10,10,10,10,10,10,10,10,10,10,10,10,10,10,10,10,10,10,10,10,10,10,10,10,10,10,10,10,10,10,10,10,10,10,10,10,10,10,10,10,10,10,10,10,10,10,10,10,10,10,6.67,6.67,6.67,10,10,10,10,10,10,10,10,10,10,10,10,10,10,10,10,10,10
115622,"Hillcrest","Neighborhood","CA",693,"San Diego-Carlsbad",395056,5.86,5.17,5.17,5.17,7.93,9.66,10,8.28,2.76,0.69,1.72,2.07,2.76,1.03,1.38,0.69,1.72,1.72,2.76,3.1,3.79,3.79,3.79,4.48,3.79,3.79,3.45,3.79,2.76,4.14,5.52,5.52,3.45,2.07,1.72,1.72,1.03,1.72,1.72,2.07,0.69,0.69,1.38,1.72,1.38,4.83,7.93,8.28,8.62,9.31,5.86,2.41,1.03,0.69,1.72,1.72,2.76,3.79,3.45,2.07,1.03,0.69,1.38,1.38,2.41,4.14,4.14,3.1,2.41,1.38,2.07,2.41,2.41,1.72,1.03,0.69,0.69,1.03,1.03,2.41,4.83,3.45,2.76,2.41,2.07,2.41,3.1,4.48,5.17,5.17,3.45,2.07,1.72,2.07,1.72,3.45,5.17,6.9,6.9,7.24,7.59,6.55,4.48,2.07,1.72,1.38
274795,"Northwest","Neighborhood","TX",694,"Corpus Christi",394502,4.29,5.71,8.57,8.57,8.57,10,10,10,10,10,10,10,8.57,8.57,10,10,10,10,8.57,7.14,4.29,2.86,1.43,1.43,1.43,4.29,4.29,2.86,2.86,2.86,1.43,1.43,1.43,4.29,5.71,5.71,5.71,7.14,4.29,1.43,1.43,1.43,2.86,2.86,5.71,7.14,8.57,10,10,10,10,10,10,10,8.57,8.57,5.71,5.71,5.71,4.29,7.14,10,10,10,10,8.57,7.14,8.57,8.57,10,10,10,10,10,8.57,8.57,7.14,5.71,4.29,2.86,1.43,1.43,5.71,8.57,8.57,2.86,2.86,2.86,5.71,7.14,8.57,7.14,5.71,4.29,7.14,7.14,4.29,4.29,8.57,10,10,10,8.57,4.29,4.29,2.86
15126,"Kenmore","Neighborhood","NY",695,"Buffalo-Cheektowaga-Niagara Falls",394425,10,10,10,10,10,10,10,10,10,5,5,5,5,10,10,10,10,10,10,10,10,10,10,10,10,5,5,10,10,10,10,10,10,10,5,10,10,10,10,10,5,5,10,5,5,5,5,10,10,10,10,10,10,10,10,10,10,5,5,5,5,5,5,5,5,10,10,10,5,5,5,5,10,10,10,10,10,10,5,5,10,10,10,10,10,10,10,10,10,10,10,10,5,10,10,10,10,10,10,10,10,10,10,5,5,5
274579,"Montclare","Neighborhood","IL",696,"Chicago-Naperville-Elgin",394463,7.78,7.36,7.08,6.53,5.83,6.67,7.5,7.78,6.25,1.94,0.69,1.81,6.94,6.67,5.56,2.64,4.72,7.5,9.44,9.44,9.58,9.72,8.61,7.5,5.69,6.81,5.42,7.64,7.92,9.58,9.72,9.72,8.47,5.97,5.28,6.67,8.06,7.36,4.86,3.47,4.72,5.14,4.17,2.78,2.92,4.86,7.78,7.36,6.53,3.89,3.75,2.64,3.33,3.47,4.03,4.86,5.42,6.81,5.83,4.44,2.78,1.25,1.39,1.39,3.19,2.08,1.67,0.83,3.19,6.53,6.39,3.75,2.5,4.58,3.61,2.08,1.11,0.69,0.97,1.25,1.81,2.64,3.61,2.92,2.22,1.81,2.36,1.53,1.25,0.97,1.39,2.36,3.89,4.72,4.17,5.14,5.42,4.44,4.31,4.58,4.44,3.89,4.72,6.53,6.25,5.42
268672,"Hampden South","Neighborhood","CO",697,"Denver-Aurora-Lakewood",394530,5.38,4.62,5.77,6.15,5.77,7.69,8.08,8.85,8.46,7.69,5.77,5.38,4.62,4.23,3.85,3.85,3.08,3.46,2.69,2.31,2.31,1.92,3.85,3.85,4.62,3.85,3.85,3.46,4.62,3.46,6.15,5.38,6.54,5,6.92,6.15,7.31,6.54,7.69,7.69,7.69,7.31,7.31,6.54,6.15,6.54,6.92,6.92,8.08,8.08,6.92,6.92,5.77,5.77,6.15,6.54,6.92,6.54,6.15,5.77,6.54,6.15,6.92,8.08,6.92,7.31,6.15,7.31,6.15,5.38,5.38,5.38,5,5,5.38,5.38,5.38,5.77,5.38,5.77,6.15,6.54,8.08,7.69,7.31,6.54,5.77,5.77,5.77,5,5.38,3.85,4.23,5,5,5.77,5.38,6.15,6.54,6.54,6.54,6.54,6.54,6.92,6.92,7.69
272907,"Belair","Neighborhood","GA",698,"Augusta-Richmond County",394352,3.33,3.33,3.33,3.33,3.33,3.33,3.33,3.33,3.33,3.33,6.67,6.67,6.67,6.67,6.67,6.67,6.67,6.67,3.33,3.33,6.67,10,10,10,10,10,10,10,10,10,10,6.67,3.33,3.33,3.33,3.33,3.33,10,6.67,3.33,3.33,3.33,6.67,10,10,10,10,3.33,6.67,6.67,6.67,10,10,10,10,10,10,10,6.67,10,3.33,6.67,10,10,10,10,6.67,6.67,3.33,6.67,10,10,10,6.67,6.67,6.67,6.67,10,10,10,10,10,10,10,10,10,10,10,6.67,6.67,6.67,10,10,10,10,10,10,10,10,10,10,10,10,10,10,10
271633,"West End","Neighborhood","MT",699,"Billings",394386,3.33,3.33,6.67,6.67,6.67,6.67,3.33,3.33,3.33,3.33,3.33,3.33,6.67,6.67,6.67,6.67,6.67,6.67,6.67,6.67,6.67,6.67,6.67,6.67,3.33,3.33,6.67,6.67,6.67,6.67,3.33,3.33,3.33,3.33,6.67,3.33,3.33,3.33,3.33,6.67,6.67,6.67,6.67,10,10,10,10,10,10,6.67,3.33,3.33,6.67,6.67,6.67,6.67,6.67,6.67,3.33,3.33,3.33,3.33,6.67,6.67,3.33,3.33,6.67,6.67,6.67,3.33,3.33,3.33,3.33,3.33,3.33,3.33,3.33,3.33,6.67,3.33,3.33,3.33,6.67,6.67,6.67,6.67,10,6.67,3.33,3.33,3.33,3.33,3.33,10,3.33,3.33,3.33,3.33,3.33,3.33,6.67,6.67,10,10,6.67,3.33
274206,"Kuliouou-Kalani Iki","Neighborhood","HI",700,"Urban Honolulu",753924,2.73,2.73,2.73,6.36,5.45,5.45,4.55,3.64,2.73,2.73,5.45,9.09,8.18,3.64,0.91,0.91,1.82,4.55,6.36,8.18,7.27,4.55,2.73,1.82,1.82,0.91,0.91,1.82,2.73,9.09,10,10,10,8.18,4.55,1.82,2.73,3.64,9.09,8.18,7.27,5.45,4.55,0.91,0.91,0.91,1.82,1.82,2.73,0.91,0.91,1.82,3.64,7.27,7.27,2.73,3.64,3.64,1.82,1.82,0.91,0.91,0.91,0.91,5.45,7.27,8.18,6.36,3.64,0.91,0.91,0.91,0.91,0.91,0.91,0.91,0.91,0.91,0.91,0.91,0.91,2.73,3.64,3.64,3.64,2.73,1.82,0.91,0.91,0.91,0.91,1.82,1.82,2.73,3.64,3.64,5.45,3.64,2.73,1.82,1.82,2.73,2.73,4.55,1.82,1.82
275103,"Provincetowne","Neighborhood","NC",701,"Charlotte-Concord-Gastonia",394458,5.88,5.88,5.88,5.88,6.47,7.06,7.65,7.06,6.47,6.47,5.88,4.71,4.12,5.29,5.88,6.47,6.47,6.47,8.24,7.06,8.24,8.82,8.82,9.41,9.41,10,9.41,9.41,9.41,9.41,9.41,8.82,7.06,8.24,9.41,9.41,9.41,9.41,9.41,9.41,8.82,9.41,10,10,10,10,10,10,10,10,10,10,10,10,9.41,7.65,7.06,7.65,7.65,8.82,8.82,8.82,8.24,9.41,9.41,8.82,7.06,5.29,6.47,5.88,7.06,7.06,7.65,7.06,7.06,7.06,7.06,5.88,6.47,6.47,6.47,7.65,7.65,7.06,7.06,7.06,7.65,7.06,6.47,7.06,6.47,7.06,6.47,6.47,6.47,7.06,6.47,5.88,6.47,7.06,7.06,7.06,7.65,7.06,7.06,7.06
267629,"Jefferson","Neighborhood","LA",703,"Baton Rouge",394367,3.33,3.33,2.22,2.22,2.22,2.22,4.44,4.44,7.78,10,10,5.56,4.44,7.78,10,10,10,10,10,10,8.89,10,10,10,10,10,8.89,6.67,7.78,7.78,8.89,6.67,8.89,7.78,7.78,7.78,7.78,7.78,6.67,5.56,5.56,5.56,5.56,3.33,2.22,5.56,7.78,7.78,8.89,7.78,7.78,6.67,10,10,10,6.67,4.44,5.56,4.44,8.89,10,10,8.89,7.78,6.67,8.89,10,10,10,6.67,6.67,7.78,8.89,8.89,8.89,10,10,10,6.67,5.56,5.56,8.89,8.89,8.89,8.89,8.89,8.89,8.89,7.78,6.67,6.67,6.67,5.56,5.56,7.78,6.67,6.67,7.78,8.89,10,5.56,5.56,4.44,4.44,6.67,8.89
275961,"West Colorado Springs","Neighborhood","CO",704,"Colorado Springs",394484,4.55,8.18,0.91,6.36,3.64,9.09,8.18,8.18,7.27,5.45,4.55,1.82,1.82,1.82,1.82,1.82,2.73,1.82,2.73,7.27,10,10,10,10,10,10,10,4.55,4.55,7.27,10,10,10,10,10,10,10,10,9.09,3.64,2.73,1.82,1.82,0.91,0.91,4.55,8.18,8.18,5.45,8.18,8.18,9.09,4.55,2.73,1.82,2.73,3.64,3.64,2.73,2.73,2.73,0.91,0.91,0.91,1.82,1.82,2.73,3.64,5.45,7.27,2.73,2.73,1.82,1.82,2.73,3.64,3.64,2.73,3.64,8.18,9.09,7.27,3.64,1.82,1.82,2.73,2.73,1.82,3.64,7.27,9.09,10,10,10,7.27,4.55,7.27,9.09,9.09,6.36,4.55,5.45,4.55,6.36,6.36,6.36
272991,"Bluffview","Neighborhood","TX",705,"Dallas-Fort Worth-Arlington",394514,8.71,8.71,8.06,8.06,8.06,8.39,8.71,8.71,8.06,7.42,5.81,4.84,2.26,1.94,2.58,3.55,4.52,3.87,2.9,1.94,0.65,2.26,2.9,1.94,2.58,2.58,2.9,2.58,2.58,2.9,2.9,3.23,3.23,3.55,3.55,2.58,2.26,2.26,1.61,2.26,2.9,2.9,2.9,2.26,1.94,1.94,1.94,1.61,1.94,1.94,2.58,2.9,1.94,2.26,2.26,1.61,1.94,1.29,1.29,1.61,2.26,2.9,3.23,2.58,2.58,2.26,1.94,0.97,1.29,1.61,1.94,0.32,0.32,0.32,0.65,0.97,1.29,1.29,0.65,0.97,0.32,0.32,0.32,0.32,0.65,1.29,0.97,1.29,1.29,1.29,1.61,1.61,1.94,1.61,1.29,1.94,1.61,1.29,0.97,1.29,0.97,1.29,1.29,0.97,0.97,0.65
272876,"Bay View","Neighborhood","WI",706,"Milwaukee-Waukesha-West Allis",394862,10,10,10,10,10,10,10,10,10,10,10,10,10,10,10,10,10,10,10,10,10,10,10,10,10,10,10,10,10,10,10,10,10,10,10,10,10,10,10,10,10,10,10,10,10,10,10,10,10,10,10,10,10,10,10,10,10,10,10,10,10,10,10,10,10,10,10,10,10,10,10,10,10,10,10,10,10,10,10,10,10,10,10,10,10,10,10,10,10,10,10,10,10,10,10,10,10,10,10,10,10,10,10,10,10,10
271198,"North Central","Neighborhood","PA",707,"Philadelphia-Camden-Wilmington",394974,0.65,0.48,0.48,0.81,0.81,1.13,1.45,1.94,2.42,1.61,0.32,0.32,0.32,0.65,0.81,0.97,0.97,1.29,1.29,2.1,1.77,1.45,1.13,2.42,3.06,5.32,4.84,8.06,9.03,9.19,6.61,4.35,2.1,1.13,0.16,0.16,0.16,0.16,0.32,1.13,4.52,8.06,9.19,7.74,5,0.97,0.97,1.45,2.26,3.71,6.61,8.39,9.03,8.39,7.42,4.35,3.87,4.03,8.87,9.68,9.84,6.77,2.9,1.77,4.35,7.9,9.68,6.61,1.94,0.48,4.03,8.71,9.35,8.23,2.74,0.97,1.45,1.61,1.45,0.65,0.97,1.61,1.77,2.42,2.74,4.03,5.32,6.94,5.81,4.35,3.23,4.03,3.55,1.94,0.97,0.32,0.16,0.81,1.94,4.35,4.52,4.35,3.39,2.58,2.26,1.77
275041,"Pioneer Park","Neighborhood","NV",708,"Las Vegas-Henderson-Paradise",394775,2.24,1.43,2.04,2.45,3.47,6.73,7.55,4.69,3.06,1.43,1.84,2.04,2.24,2.04,3.47,5.92,8.57,8.57,8.57,8.78,8.98,9.39,8.98,9.18,8.57,9.59,9.18,9.39,9.39,8.57,7.76,5.31,5.1,4.08,4.08,2.65,3.06,4.29,6.94,5.1,4.08,2.24,2.45,4.08,8.37,10,9.18,6.94,6.12,7.76,7.96,6.53,5.31,5.71,8.57,9.18,9.59,9.39,8.37,5.71,7.35,9.39,10,9.59,8.37,8.37,9.8,9.59,9.8,9.39,9.18,8.57,7.76,7.96,8.16,9.59,9.59,10,9.8,9.59,9.39,9.39,9.39,9.59,9.18,8.37,7.35,8.16,8.37,9.39,10,9.8,9.8,9.8,10,10,9.8,9.8,10,9.8,9.8,9.8,9.8,9.8,9.59,9.59
54331,"Sayville","Neighborhood","NY",710,"New York-Newark-Jersey City",394913,0.18,0.27,0.35,0.97,1.68,2.04,2.74,2.48,2.74,3.63,4.34,4.78,3.63,3.19,2.04,2.39,3.01,3.54,3.72,3.81,2.57,1.33,0.97,1.5,3.01,3.81,2.21,1.15,0.97,1.86,2.39,2.3,1.42,1.77,1.95,3.89,4.34,5.75,6.19,6.37,5.4,3.81,1.77,1.86,2.92,4.34,5.75,4.6,4.07,2.92,3.54,3.72,4.25,5.4,6.19,5.13,3.98,3.19,2.21,1.95,1.24,2.04,3.36,4.96,3.98,2.83,1.86,1.59,1.59,1.24,2.12,1.59,2.65,3.1,3.98,4.42,2.48,2.83,4.78,6.99,8.14,6.19,6.28,4.51,5.04,4.25,5.49,3.98,3.72,2.74,4.42,4.69,3.98,3.27,2.57,4.87,6.19,6.81,7.79,8.94,9.56,9.73,9.65,9.29,7.79,6.46
274461,"McCullough Hills","Neighborhood","NV",712,"Las Vegas-Henderson-Paradise",394775,6.53,2.24,1.63,0.82,1.63,2.24,0.61,1.22,1.02,2.04,2.65,4.29,5.1,3.06,1.43,1.22,3.27,3.88,3.47,1.84,2.24,2.45,3.88,3.06,1.63,0.61,0.61,1.22,1.02,2.65,7.35,8.57,8.57,8.98,9.39,9.59,9.39,7.76,5.71,2.86,6.12,5.71,8.98,7.55,7.14,4.9,6.53,8.37,7.96,6.73,5.1,5.31,5.71,4.69,5.31,5.1,2.45,2.04,4.69,8.98,8.98,8.57,6.12,5.31,3.67,3.67,2.24,1.63,2.45,2.24,3.06,3.47,2.65,2.45,1.84,1.84,1.84,1.43,1.63,2.04,3.27,3.06,2.45,0.82,1.02,0.61,0.82,0.61,0.61,0.82,2.65,4.9,6.33,4.69,1.84,0.82,0.41,1.22,2.04,5.31,5.1,3.88,4.69,5.51,6.53,5.92
274797,"Northwest","Neighborhood","OR",714,"Portland-Vancouver-Hillsboro",394998,4.5,4.5,5,4.5,4,4.5,5,5,4,3,2.5,1.5,2,2,3,3,3.5,2.5,5.5,7,7,7.5,8.5,8.5,8.5,9.5,8.5,7.5,7,7.5,7.5,8.5,8.5,9,8.5,8.5,8.5,9,9.5,9,9,9,8.5,8,8,8,9,9.5,9.5,9.5,7.5,8.5,9,8.5,8,6,5.5,6,6,5.5,6,5.5,7,8,8.5,7,6,6.5,6.5,7,7,8.5,9,7,7,6,5.5,4.5,3.5,4,3,3.5,3.5,3.5,5.5,6.5,6,4.5,3.5,3,2.5,2.5,2,3,3,2,1.5,1.5,2.5,3.5,3,2,1.5,1.5,1.5,1
276627,"Valley View","Neighborhood","NV",715,"Las Vegas-Henderson-Paradise",394775,2.45,5.1,7.76,8.16,9.18,9.18,9.18,9.18,9.39,9.39,9.59,9.59,9.59,9.8,9.8,9.59,9.39,7.55,6.73,5.51,5.92,6.33,6.33,5.92,6.12,7.14,7.55,8.37,8.98,8.98,8.98,8.37,7.76,7.76,8.16,8.78,8.98,7.96,4.49,6.53,8.78,9.18,8.78,8.98,8.98,9.39,8.98,8.98,8.98,9.39,9.8,9.8,9.8,9.8,9.8,9.59,8.98,8.37,9.18,8.57,6.94,6.94,8.78,8.98,8.78,8.57,8.98,8.98,8.98,8.98,8.78,8.78,7.55,4.49,3.67,4.49,6.73,7.55,6.33,5.1,5.51,6.12,6.33,6.12,5.92,5.71,5.92,5.31,4.69,4.08,4.69,6.33,6.73,5.92,5.51,4.9,6.12,5.31,5.31,6.33,7.14,6.94,6.53,7.14,7.35,6.73
270810,"Carnegie Hill","Neighborhood","NY",718,"New York-Newark-Jersey City",394913,1.59,1.86,2.04,2.48,3.45,3.19,2.57,1.59,1.24,1.33,1.06,1.06,1.33,1.5,2.48,2.92,3.27,3.27,3.36,3.45,2.65,2.57,1.86,1.77,1.86,2.57,3.63,3.45,3.36,3.36,3.81,3.89,2.65,1.06,0.88,0.88,1.06,0.88,1.86,4.25,5.49,5.66,4.69,4.6,4.69,3.19,1.15,1.15,2.21,4.07,1.68,1.68,1.5,1.59,1.77,0.62,0.62,0.71,3.27,2.65,2.21,1.86,2.48,2.92,3.1,1.77,1.42,1.15,0.53,0.35,0.09,0.27,0.27,0.09,0.09,0.09,0.18,0.35,0.97,0.62,0.53,0.44,0.62,1.5,2.12,2.57,4.07,5.4,6.11,5.49,6.64,8.14,8.41,6.81,2.3,0.88,1.06,0.71,0.35,0.18,0.09,0.35,0.35,0.27,0.53,0.88
403303,"Gold Coast","Neighborhood","IL",719,"Chicago-Naperville-Elgin",394463,1.53,1.53,0.56,0.69,0.28,0.28,0.42,0.42,0.28,0.69,1.11,0.97,0.69,0.28,0.42,0.83,0.97,1.53,1.94,2.64,2.64,2.78,2.92,3.89,4.72,4.03,4.17,4.31,5.56,5.56,5.28,4.58,4.44,6.11,6.67,4.86,4.58,4.17,5.14,4.44,4.17,1.81,1.94,1.67,1.53,0.97,0.83,0.97,1.11,2.22,3.19,2.92,2.22,1.39,0.83,0.28,0.28,0.56,0.56,0.97,1.39,2.64,3.89,4.44,5.14,5.69,3.89,2.78,0.97,0.83,0.97,0.56,0.42,0.14,0.56,1.25,4.03,2.92,2.22,0.83,0.56,0.56,0.56,0.83,1.67,2.22,1.94,1.67,2.64,5.42,8.47,7.5,2.64,1.11,0.69,0.56,0.56,0.83,0.97,0.97,0.69,0.97,0.83,1.53,1.81,1.53
272908,"Belair-Edison","Neighborhood","MD",721,"Baltimore-Columbia-Towson",394358,5,7.5,9.17,9.17,8.33,8.33,6.67,6.67,5.83,5.83,5,5,4.17,5,6.67,6.67,6.67,7.5,9.17,9.17,8.33,6.67,4.17,3.33,1.67,0.83,0.83,0.83,0.83,1.67,3.33,7.5,10,10,10,10,7.5,7.5,5,4.17,3.33,0.83,1.67,1.67,2.5,2.5,7.5,7.5,5.83,4.17,1.67,2.5,3.33,5.83,5,6.67,9.17,10,8.33,10,10,10,10,5.83,2.5,1.67,5.83,7.5,8.33,7.5,6.67,4.17,2.5,2.5,5.83,5,4.17,1.67,0.83,1.67,1.67,1.67,1.67,1.67,3.33,2.5,3.33,3.33,4.17,7.5,8.33,9.17,8.33,8.33,9.17,9.17,6.67,5.83,5.83,8.33,8.33,7.5,7.5,7.5,7.5,7.5
268919,"Chimney Lakes","Neighborhood","FL",722,"Jacksonville",394714,5,2.67,1.67,1.33,1,1,1,0.67,1,2,3.33,3.67,4,4.67,4.33,4.67,6,6.67,6.67,6,5,4,3.33,2,1.67,1,2.33,2.67,5.33,7,7.33,6.33,5.67,5,3.33,4.67,5,6.33,6,6,4,5,5.33,7.67,6.67,6.67,6.33,7,8,9,9,9,8.33,9,6.33,4.33,2,6,5,4.67,2.33,3.67,6,7,7.33,5,4.67,3,3,4.67,6.33,7.33,7.67,8.67,8,7.67,7,6.33,6.33,5.33,5,4.33,4,4.67,6,6.67,6.67,6.33,5.67,5.67,5.33,4.33,3.33,3,3,3,3.33,3.67,3.67,2.67,2.67,2.67,2.67,4,4.67,6.67
28656,"Hyannis","Neighborhood","MA",723,"Barnstable Town",394361,8.75,8.75,8.75,6.25,2.5,2.5,2.5,2.5,5,7.5,10,10,7.5,7.5,7.5,8.75,10,10,8.75,7.5,5,2.5,2.5,2.5,2.5,3.75,3.75,5,3.75,3.75,5,8.75,8.75,10,7.5,8.75,6.25,5,3.75,5,5,6.25,7.5,6.25,3.75,3.75,2.5,5,5,6.25,6.25,7.5,7.5,7.5,10,10,10,10,8.75,8.75,3.75,2.5,3.75,5,5,6.25,6.25,6.25,7.5,5,5,6.25,6.25,7.5,8.75,7.5,3.75,2.5,2.5,2.5,2.5,1.25,1.25,1.25,10,10,8.75,8.75,8.75,10,10,7.5,6.25,3.75,7.5,7.5,8.75,6.25,6.25,6.25,8.75,8.75,10,10,10,10
124797,"Hunters Creek","Neighborhood","FL",724,"Orlando-Kissimmee-Sanford",394943,3,3,4,4,4,5,5,3,4,5,7,8,9,7,8,8,10,10,10,7,6,2,2,2,3,4,4,5,8,7,6,7,7,8,8,8,9,6,5,5,3,3,5,8,10,9,8,8,8,8,4,3,4,5,2,3,4,5,7,7,7,8,9,9,9,7,6,5,3,4,4,4,5,5,5,5,7,6,6,4,4,3,4,3,2,1,2,2,3,4,4,4,4,3,3,4,5,6,7,8,7,3,3,3,3,2
124840,"Iona","Neighborhood","FL",725,"Cape Coral-Fort Myers",394440,3.33,3.33,3.33,3.33,3.33,3.33,3.33,3.33,3.33,2.22,2.22,2.22,2.22,2.22,2.22,2.22,3.33,1.11,2.22,2.22,2.22,2.22,4.44,3.33,2.22,2.22,3.33,2.22,2.22,3.33,3.33,3.33,4.44,3.33,3.33,2.22,2.22,2.22,4.44,3.33,3.33,3.33,2.22,2.22,2.22,3.33,4.44,4.44,4.44,3.33,3.33,3.33,3.33,3.33,3.33,3.33,4.44,4.44,4.44,4.44,2.22,4.44,4.44,5.56,5.56,5.56,2.22,2.22,4.44,4.44,4.44,4.44,3.33,1.11,1.11,1.11,3.33,3.33,2.22,2.22,3.33,3.33,3.33,4.44,3.33,3.33,4.44,3.33,4.44,6.67,6.67,4.44,4.44,2.22,1.11,1.11,2.22,5.56,7.78,5.56,4.44,4.44,3.33,2.22,3.33,4.44
403367,"Scottsdale","Neighborhood","IL",726,"Chicago-Naperville-Elgin",394463,2.5,1.94,1.94,2.22,2.5,3.89,5,5.83,7.22,7.92,6.81,4.58,5.42,8.89,9.58,10,9.86,9.72,9.86,10,10,10,10,9.72,9.31,9.31,9.58,9.58,9.44,8.61,6.94,7.22,7.08,6.94,6.39,5.56,5.56,7.78,8.19,6.81,4.03,1.94,2.78,5,9.17,9.17,8.19,6.81,5.56,6.25,4.72,4.86,6.11,8.19,8.19,7.5,4.17,4.31,5.42,5.42,5.42,5.83,6.11,3.75,1.94,1.11,1.53,3.89,6.81,8.89,8.89,7.64,4.44,3.61,5.83,7.5,8.89,9.03,8.89,6.11,5.69,5.42,6.39,4.44,3.75,4.03,5.14,6.53,5.14,2.5,1.25,1.53,5.83,8.75,9.44,9.31,9.03,6.81,5,3.75,4.58,5,5.69,8.06,9.72,9.72
396857,"Finn Hill","Neighborhood","WA",727,"Seattle-Tacoma-Bellevue",395078,6.47,4.12,6.47,8.24,8.24,5.88,5.29,5.88,6.47,6.47,6.47,6.47,7.06,7.65,8.24,7.65,4.12,1.76,1.76,5.29,7.06,6.47,5.88,5.88,5.29,5.29,6.47,8.24,8.82,8.24,7.65,5.29,4.71,6.47,7.06,10,10,10,10,8.82,8.82,8.82,8.82,8.82,7.06,6.47,6.47,7.65,8.24,7.06,6.47,5.88,6.47,7.06,7.06,6.47,5.88,6.47,7.65,7.65,7.65,7.65,7.65,8.24,8.24,8.24,7.06,7.65,7.65,7.65,5.88,6.47,7.06,7.65,8.24,8.82,10,10,8.82,7.65,7.65,7.65,8.24,8.24,8.24,8.24,8.82,9.41,7.65,5.88,4.12,2.35,1.76,2.35,2.94,2.35,2.35,1.18,1.76,2.94,4.71,6.47,7.06,7.06,5.29,4.71
264525,"Irvington","Neighborhood","IN",728,"Indianapolis-Carmel-Anderson",394705,7.86,7.86,8.57,9.29,9.29,8.57,8.57,7.86,8.57,8.57,8.57,9.29,9.29,9.29,9.29,9.29,9.29,8.57,8.57,8.57,8.57,9.29,8.57,9.29,9.29,9.29,9.29,10,10,10,9.29,9.29,9.29,9.29,10,10,9.29,9.29,9.29,7.14,2.86,1.43,2.86,2.86,3.57,7.86,7.86,5,5,5.71,7.86,7.86,7.86,9.29,10,10,5.71,2.86,3.57,5,3.57,2.86,2.14,2.86,2.86,5.71,7.14,10,10,10,10,10,10,10,10,8.57,3.57,5,5.71,7.14,7.14,6.43,3.57,2.14,2.86,3.57,2.86,2.14,2.14,7.86,7.14,6.43,6.43,6.43,6.43,3.57,2.86,2.86,4.29,5.71,7.14,7.86,7.14,5,3.57,5
275222,"Rock Creek","Neighborhood","AR",729,"Little Rock-North Little Rock-Conway",394798,7.14,8.57,4.29,4.29,5.71,5.71,5.71,5.71,7.14,7.14,8.57,7.14,7.14,4.29,1.43,1.43,2.86,5.71,8.57,10,10,10,8.57,8.57,7.14,5.71,4.29,1.43,2.86,5.71,7.14,10,10,10,10,10,8.57,7.14,7.14,4.29,4.29,4.29,4.29,4.29,2.86,4.29,4.29,4.29,4.29,7.14,8.57,10,7.14,7.14,7.14,8.57,5.71,7.14,4.29,5.71,8.57,10,8.57,8.57,7.14,10,10,10,10,8.57,8.57,8.57,10,7.14,5.71,5.71,5.71,7.14,8.57,10,7.14,8.57,8.57,8.57,7.14,7.14,1.43,1.43,1.43,2.86,5.71,7.14,10,10,10,10,7.14,4.29,5.71,5.71,4.29,7.14,5.71,4.29,2.86,1.43
38625,"Fruitville","Neighborhood","FL",730,"North Port-Sarasota-Bradenton",753906,9.29,7.14,6.43,4.29,5.71,6.43,7.86,7.14,6.43,5,5,4.29,3.57,3.57,5.71,6.43,7.14,6.43,6.43,9.29,9.29,7.86,6.43,7.14,7.14,7.86,5,5,3.57,5,5.71,9.29,10,8.57,8.57,6.43,4.29,1.43,0.71,1.43,2.14,5.71,9.29,7.86,7.14,6.43,6.43,8.57,7.86,9.29,7.86,4.29,2.86,2.14,4.29,6.43,7.14,6.43,5.71,5,5,5,5.71,7.86,4.29,5,3.57,5,5.71,6.43,5,7.14,6.43,7.14,6.43,7.14,4.29,6.43,5,4.29,5.71,5.71,6.43,5.71,5,5,5.71,5,3.57,2.86,2.86,2.86,2.86,4.29,4.29,5.71,5,5,4.29,4.29,5,5,2.86,2.86,6.43,8.57
215211,"Roxborough","Neighborhood","PA",731,"Philadelphia-Camden-Wilmington",394974,1.94,1.29,1.61,1.29,1.13,1.29,2.42,3.87,4.52,3.87,2.9,1.77,2.58,2.58,2.74,2.42,3.23,2.9,2.42,1.45,1.45,1.94,1.61,2.9,2.74,4.03,3.39,4.52,5.16,6.94,7.1,5.32,2.42,1.29,0.97,0.97,1.29,2.1,4.52,7.26,8.55,5.32,4.19,0.65,2.1,1.94,3.87,6.61,5.97,2.9,1.13,0.97,2.26,3.71,3.55,2.9,2.42,2.74,1.94,1.13,0.48,1.45,2.42,2.9,1.94,0.97,0.48,0.48,0.97,2.42,1.61,2.42,5.97,8.39,9.35,8.55,6.45,5.48,3.87,3.23,1.77,1.77,1.94,1.94,1.77,1.94,1.77,1.61,2.26,3.23,5,5.65,4.84,4.03,4.52,4.03,5.16,5,5.97,6.45,6.77,7.42,7.74,7.42,5.81,3.87
753745,"South Burbank","Neighborhood","LA",732,"Baton Rouge",394367,4.44,5.56,5.56,5.56,5.56,5.56,5.56,7.78,6.67,6.67,5.56,6.67,7.78,6.67,5.56,5.56,5.56,6.67,4.44,3.33,3.33,4.44,8.89,8.89,8.89,7.78,6.67,7.78,8.89,8.89,7.78,2.22,1.11,1.11,2.22,2.22,2.22,2.22,1.11,2.22,2.22,1.11,2.22,2.22,4.44,3.33,4.44,5.56,7.78,10,10,10,8.89,8.89,7.78,4.44,5.56,8.89,5.56,5.56,5.56,8.89,10,10,10,10,8.89,8.89,6.67,7.78,8.89,8.89,7.78,5.56,5.56,3.33,4.44,4.44,7.78,8.89,6.67,10,10,10,10,10,10,10,10,10,7.78,7.78,7.78,7.78,8.89,7.78,7.78,6.67,7.78,8.89,10,10,10,10,8.89,6.67
201414,"Hyde Park","Neighborhood","OH",733,"Cincinnati",394466,9,9,8,8,8,6,4,5,5,6,7,8,8,8,6,3,2,1,1,1,2,6,8,7,7,9,10,9,8,10,10,9,6,7,8,9,9,8,9,8,8,7,7,5,5,4,4,4,6,8,9,9,9,9,8,9,9,7,7,7,7,8,9,9,9,9,9,7,7,7,8,6,5,6,6,7,7,6,5,3,1,1,3,2,4,2,3,3,5,4,4,1,3,3,2,2,2,2,1,2,2,3,4,4,3,3
200713,"Firestone Park","Neighborhood","OH",734,"Akron",394304,3.33,3.33,3.33,3.33,4.44,1.11,1.11,2.22,6.67,8.89,8.89,10,10,10,10,6.67,5.56,5.56,5.56,6.67,5.56,6.67,6.67,4.44,4.44,4.44,3.33,3.33,2.22,2.22,2.22,3.33,5.56,6.67,7.78,7.78,4.44,5.56,3.33,4.44,3.33,2.22,3.33,2.22,2.22,4.44,5.56,6.67,8.89,7.78,7.78,1.11,2.22,7.78,8.89,8.89,5.56,5.56,5.56,7.78,7.78,7.78,6.67,2.22,2.22,1.11,1.11,1.11,1.11,1.11,1.11,3.33,4.44,4.44,5.56,5.56,5.56,6.67,6.67,5.56,3.33,3.33,5.56,5.56,5.56,3.33,4.44,3.33,3.33,4.44,6.67,7.78,6.67,5.56,6.67,5.56,6.67,5.56,4.44,4.44,2.22,3.33,5.56,6.67,6.67,8.89
416302,"Alamitos Beach","Neighborhood","CA",735,"Los Angeles-Long Beach-Anaheim",753899,1.28,1.28,1.74,4.77,6.86,7.56,7.33,7.09,7.21,6.74,5.93,3.26,0.81,0.47,0.47,0.58,0.81,1.4,1.86,1.16,0.7,0.35,0.35,0.81,0.93,1.28,1.86,2.09,1.86,1.86,2.56,2.79,3.49,5.47,7.44,7.56,7.44,8.26,8.6,6.51,3.02,2.21,1.51,1.98,1.4,1.16,0.93,0.81,0.58,0.47,0.81,1.63,3.37,4.19,2.79,1.86,1.16,0.7,0.47,0.7,0.81,1.4,2.44,3.26,3.84,3.37,2.91,2.44,2.91,4.3,5.81,6.63,5.7,3.6,1.74,1.86,2.21,2.09,1.86,2.91,4.42,4.53,4.3,5.7,6.63,7.79,7.21,6.16,5.23,3.84,3.26,2.44,1.05,1.16,1.51,4.88,8.95,10,9.77,9.42,9.3,9.3,8.14,6.74,6.28,4.77
123906,"Chaires","Neighborhood","FL",736,"Tallahassee",395146,10,10,10,10,10,10,10,10,10,10,10,10,10,10,10,10,10,10,10,10,10,10,10,10,10,10,10,10,10,10,10,10,10,10,10,10,10,10,10,10,10,10,10,10,10,10,10,10,10,10,10,10,10,10,10,10,10,10,10,10,10,10,10,10,10,10,10,10,10,10,10,10,10,10,10,10,10,10,10,10,10,10,10,10,10,10,10,10,10,10,10,10,10,10,10,10,10,10,10,10,10,10,10,10,10,10
271201,"Ogontz","Neighborhood","PA",737,"Philadelphia-Camden-Wilmington",394974,5,5.81,6.29,6.61,7.74,7.26,7.26,8.23,7.42,3.39,1.61,0.81,0.81,1.29,2.1,1.29,1.94,1.61,1.94,1.77,3.23,4.68,7.74,7.42,7.58,8.06,7.1,5.48,3.71,3.23,2.74,3.39,6.77,9.68,10,10,10,10,9.19,8.55,5.81,5.48,5.48,1.61,0.32,0.32,0.48,0.16,0.16,0.16,0.16,0.32,0.81,0.65,0.16,0.16,0.48,2.26,4.84,4.03,0.65,0.32,0.32,0.48,2.74,5,6.77,3.71,0.81,0.65,0.81,1.29,1.61,1.77,2.1,2.58,4.19,5,3.06,1.61,0.32,0.48,1.13,1.77,4.35,5.97,8.39,7.58,9.19,7.9,8.39,8.23,6.45,3.23,1.77,2.58,2.42,2.74,2.58,2.58,2.9,4.03,5.81,5.97,3.06,0.48
268273,"Magnolia Center","Neighborhood","CA",739,"Riverside-San Bernardino-Ontario",395025,7.86,6.43,3.57,4.29,5.71,8.57,8.57,8.57,7.86,7.86,8.57,9.29,9.29,10,10,10,7.86,6.43,5,4.29,7.86,9.29,7.86,6.43,6.43,7.86,8.57,7.86,7.14,7.14,5.71,5.71,9.29,10,7.14,7.14,5,2.14,2.14,2.14,2.14,2.14,2.86,4.29,6.43,6.43,7.14,6.43,7.86,8.57,5.71,3.57,3.57,7.86,8.57,9.29,10,9.29,8.57,7.14,9.29,8.57,7.86,6.43,8.57,7.86,10,7.86,8.57,6.43,6.43,6.43,5.71,5.71,5,6.43,8.57,8.57,8.57,7.86,7.86,5.71,3.57,2.86,2.86,2.86,4.29,5.71,10,10,9.29,6.43,5.71,6.43,7.14,7.86,7.86,8.57,7.86,7.14,6.43,5.71,5.71,5.71,7.14,8.57
416184,"Greater Pinellas Point","Neighborhood","FL",740,"Tampa-St. Petersburg-Clearwater",395148,2.26,2.26,1.94,1.61,1.94,1.61,2.9,3.87,5.16,4.84,4.52,4.52,4.52,3.55,3.23,4.19,4.52,5.16,5.16,2.58,1.94,1.61,1.61,2.58,3.23,6.77,3.87,3.23,1.94,3.23,3.87,5.48,4.52,3.87,5.16,5.48,6.13,5.81,5.81,4.52,3.55,3.87,5.16,8.06,8.06,8.06,8.06,6.45,4.19,3.87,4.52,5.16,3.87,2.26,3.87,4.19,5.16,5.81,7.1,6.13,5.48,6.13,5.16,5.81,5.81,5.81,7.1,8.39,7.74,7.42,8.06,7.74,8.06,8.71,8.39,8.39,6.45,4.19,3.55,5.48,6.13,5.48,5.48,6.13,6.77,5.16,3.87,3.55,6.45,8.06,7.42,5.81,6.45,7.42,6.13,5.16,6.13,6.45,6.45,6.13,5.16,6.77,8.39,7.1,5.48,6.45
753785,"South Emerson","Neighborhood","IN",741,"Indianapolis-Carmel-Anderson",394705,2.86,2.86,2.86,2.86,3.57,3.57,3.57,2.86,2.86,2.86,2.86,2.86,2.86,2.86,2.86,2.86,2.14,2.14,2.86,2.86,3.57,2.86,2.86,2.86,2.86,2.86,2.86,2.86,2.14,1.43,1.43,2.14,2.14,2.14,2.14,2.14,2.14,2.14,2.86,3.57,5.71,2.86,0.71,0.71,0.71,0.71,5,10,10,10,9.29,7.14,2.86,3.57,5,4.29,3.57,2.14,2.14,1.43,0.71,0.71,1.43,2.14,2.14,1.43,3.57,4.29,9.29,8.57,3.57,1.43,2.14,6.43,7.86,5.71,5,3.57,4.29,5.71,6.43,5.71,5,6.43,7.86,7.86,7.86,6.43,5,6.43,6.43,7.86,7.14,7.14,7.14,7.14,6.43,6.43,7.14,8.57,8.57,6.43,5.71,5.71,7.14,5.71
217363,"Wynnefield","Neighborhood","PA",742,"Philadelphia-Camden-Wilmington",394974,6.94,6.61,6.61,6.29,6.77,6.94,5.81,5.81,5.81,7.26,8.87,9.03,9.03,8.39,8.55,8.23,8.71,7.58,7.1,2.58,0.97,0.65,2.9,8.71,9.35,9.35,8.71,6.29,3.87,0.81,0.32,0.16,0.16,0.32,1.45,8.71,6.77,7.9,7.26,5.65,3.87,1.61,1.13,1.77,2.74,2.74,4.19,3.39,3.87,1.94,3.06,3.39,5.16,4.52,6.61,7.1,7.9,6.77,6.61,6.61,6.61,5.97,6.61,6.77,6.29,3.87,1.29,0.32,0.65,3.39,3.23,2.74,2.1,1.29,1.29,2.26,3.06,3.39,3.55,4.52,7.74,9.68,9.35,6.94,3.87,5.16,7.74,8.06,7.74,5.81,6.13,6.13,5.32,3.39,2.42,3.06,2.9,3.55,3.23,2.9,3.39,3.06,3.87,3.87,5.97,5.48
154868,"Liberty Heights","Neighborhood","MA",743,"Springfield",395115,2,2,2,2,2,2,2,2,2,2,4,4,6,6,10,10,10,10,10,10,10,10,4,2,2,6,2,2,2,4,4,2,2,4,4,6,8,10,10,10,8,10,10,10,8,10,10,10,10,8,6,6,6,6,6,6,6,6,6,6,6,6,6,6,2,2,4,8,8,4,4,4,4,4,6,6,2,2,2,2,4,6,6,10,10,8,8,8,6,4,2,6,6,6,4,4,2,2,2,2,2,2,6,8,8,8
268899,"Boulevard Heights","Neighborhood","FL",744,"Miami-Fort Lauderdale-West Palm Beach",394856,9.55,9.1,8.81,9.1,9.4,9.7,9.85,9.85,9.85,9.85,9.85,8.66,8.51,7.76,5.97,5.22,5.67,7.01,8.06,7.61,8.06,8.66,8.96,8.66,8.21,7.91,7.61,6.42,4.93,2.84,1.19,1.19,3.73,6.87,9.4,9.4,9.25,8.36,5.97,3.28,3.88,5.37,7.31,8.96,8.81,8.81,8.51,8.51,8.21,7.01,4.63,4.93,7.16,9.1,9.55,9.4,9.4,9.55,10,10,8.21,5.97,6.72,8.51,9.25,9.55,9.7,9.85,9.85,9.7,9.7,9.55,9.25,8.96,7.46,7.01,7.01,8.51,9.4,9.25,9.25,9.55,9.4,8.66,7.76,7.16,7.61,8.96,9.7,9.85,10,10,10,10,9.85,9.85,9.7,9.1,7.31,6.87,8.51,8.96,8.96,9.55,9.7,9.55
269220,"Villages of Palm Beach Lakes","Neighborhood","FL",745,"Miami-Fort Lauderdale-West Palm Beach",394856,4.78,4.78,4.63,6.27,7.31,8.36,9.25,9.4,9.55,9.25,7.91,7.16,7.31,8.81,9.25,9.1,9.55,8.96,6.87,6.27,7.31,9.1,8.81,8.36,7.16,6.27,5.07,4.93,5.52,6.42,6.87,7.91,8.81,8.96,8.36,6.12,4.93,6.87,8.51,8.06,6.42,4.63,5.22,6.87,8.51,8.66,7.76,6.57,6.57,6.57,6.57,7.01,6.72,6.42,7.16,7.16,7.61,6.72,6.87,7.91,8.81,9.25,9.55,9.4,9.1,8.81,7.91,8.21,9.55,9.85,9.55,8.21,6.57,5.82,5.52,6.42,7.31,7.91,8.21,8.51,8.96,9.4,9.1,7.61,6.57,6.12,7.16,7.61,6.72,5.67,5.97,7.61,8.81,8.96,8.81,9.1,8.36,7.76,6.87,7.31,6.87,7.76,8.36,9.25,9.1,9.1
275553,"St.Johns","Neighborhood","OR",746,"Portland-Vancouver-Hillsboro",394998,5,5,6,7,7,9,6.5,6.5,5.5,5,7,4.5,3.5,1.5,1.5,2,3,4.5,3,2,1,2.5,7,9,9,8.5,5.5,5,4,4,5,4.5,6.5,5,4.5,2.5,2.5,2,3,5,7,8.5,9,9,9.5,9.5,9.5,8,7.5,6.5,5.5,5.5,6,8,8.5,9.5,9,9,9.5,8.5,8.5,8,9.5,10,10,10,10,9,9,9,9,9.5,10,8.5,6,5,6.5,8,9.5,10,10,10,10,10,8.5,8.5,8,7,6.5,6.5,9,10,10,9.5,9,9,7,4.5,3.5,3,3.5,4.5,6,7.5,8,7
269590,"Lincoln Park","Neighborhood","IL",747,"Chicago-Naperville-Elgin",394463,3.75,3.75,2.36,2.36,2.08,2.5,2.5,3.19,5.14,4.44,3.75,2.78,3.33,4.86,6.39,5.83,3.61,0.97,0.42,0.69,0.97,1.94,2.64,2.36,1.39,1.25,1.25,2.36,5,6.94,8.47,7.36,4.31,3.33,3.33,4.17,4.86,5,5.56,5.56,5.14,4.17,3.89,3.75,3.75,2.78,2.36,2.78,3.19,3.75,3.06,3.06,3.89,6.11,7.36,7.36,6.53,4.58,6.11,7.64,7.64,6.53,5.83,6.25,6.67,6.81,6.39,6.25,6.39,6.39,6.53,6.81,6.81,6.81,7.36,6.67,6.11,4.72,5.14,5.56,6.25,6.94,7.22,5.97,4.86,5,6.94,8.75,9.03,8.61,5.83,3.47,1.67,1.81,2.08,2.78,2.92,3.47,3.47,4.86,6.11,6.94,6.53,5.14,3.75,3.19
753841,"Parkwood Manor","Neighborhood","PA",748,"Philadelphia-Camden-Wilmington",394974,2.26,1.94,1.94,1.77,2.1,2.1,4.19,5.97,8.23,6.94,6.13,6.45,7.58,7.26,5.32,4.03,4.68,6.45,8.71,7.74,8.39,9.19,9.03,6.61,3.55,3.39,5.16,6.77,7.9,9.03,8.55,6.94,6.13,4.19,3.39,1.45,0.81,1.13,2.9,5,4.35,0.81,0.32,0.48,2.26,6.29,4.84,2.1,1.29,1.77,3.23,5.16,5.97,3.55,2.58,1.29,1.13,0.65,0.97,0.97,2.1,2.74,1.61,2.1,2.58,4.84,3.71,4.19,5.32,5.16,5.48,4.52,5.48,3.87,3.39,2.9,3.87,1.94,1.94,1.94,2.26,3.71,4.84,4.03,2.42,2.74,3.71,6.29,7.58,9.19,8.87,7.58,7.58,7.1,6.94,7.26,6.94,7.58,8.87,9.35,9.52,9.52,9.52,9.52,8.71,6.61
274376,"Lowry Park Central","Neighborhood","FL",749,"Tampa-St. Petersburg-Clearwater",395148,7.42,8.39,8.06,8.71,8.39,8.39,8.39,9.03,9.68,9.68,8.06,6.77,5.48,7.42,9.03,9.68,9.03,7.42,5.48,3.55,4.52,5.16,8.71,9.68,9.35,6.13,3.23,5.48,8.06,9.35,8.71,8.39,9.03,9.68,9.03,8.06,5.48,4.52,4.19,3.87,6.13,8.71,9.35,9.03,8.71,7.1,5.48,3.55,2.9,5.16,7.1,8.06,6.77,6.13,5.81,7.42,9.03,8.71,6.45,4.52,3.23,1.29,2.26,3.87,5.16,7.42,9.03,9.68,9.68,9.35,10,10,10,10,10,9.68,9.68,8.39,8.39,8.39,7.74,7.74,7.74,8.06,8.39,8.71,8.71,5.48,3.87,3.55,7.74,9.35,9.68,10,10,10,9.68,10,9.35,9.35,8.39,6.45,8.71,9.68,9.68,9.03
223139,"Seven Oaks","Neighborhood","SC",750,"Columbia",394486,10,10,10,10,10,5,5,5,10,10,10,10,5,5,10,10,10,10,10,10,10,10,5,5,5,5,5,5,5,5,5,5,10,10,10,10,10,10,10,10,10,10,10,10,10,10,5,5,5,5,5,10,10,10,10,10,10,10,5,5,5,10,10,10,5,5,5,5,5,5,5,5,10,10,10,10,10,10,5,5,10,10,10,10,10,10,5,5,5,5,5,5,10,10,10,10,10,10,10,5,5,5,5,5,5,5
251109,"Lea Hill","Neighborhood","WA",751,"Seattle-Tacoma-Bellevue",395078,0.59,2.35,2.94,4.12,4.71,2.35,1.76,2.35,1.76,4.12,4.71,5.88,5.29,6.47,6.47,6.47,7.65,7.06,7.65,7.06,5.29,4.71,1.76,0.59,0.59,0.59,0.59,1.76,2.35,2.94,2.35,4.12,6.47,7.06,6.47,6.47,5.29,5.29,3.53,3.53,3.53,3.53,4.12,1.76,1.18,0.59,1.18,2.94,5.29,5.29,5.88,6.47,4.71,3.53,2.35,0.59,0.59,0.59,0.59,0.59,1.76,1.76,1.76,1.76,1.18,1.18,3.53,3.53,1.76,0.59,0.59,0.59,1.76,2.35,3.53,3.53,4.71,2.94,1.76,1.18,0.59,1.18,1.18,2.35,2.35,1.76,1.76,1.18,1.18,1.18,1.18,1.18,1.18,1.18,1.76,1.76,1.76,2.94,4.12,5.29,5.88,4.12,1.76,1.76,2.35,4.12
272785,"Arden Heights","Neighborhood","NY",753,"New York-Newark-Jersey City",394913,3.1,2.83,3.01,2.74,3.01,2.57,2.83,3.36,3.81,3.1,2.92,1.86,2.74,5.49,6.19,4.07,1.95,1.15,0.97,0.44,0.18,0.18,0.35,0.35,0.53,1.06,1.06,1.24,1.24,1.33,1.5,1.33,0.8,0.8,1.33,1.59,3.19,2.39,2.39,2.21,2.39,1.15,0.8,0.8,1.86,2.83,2.92,3.01,2.39,2.21,2.83,2.04,1.77,1.42,3.45,3.98,4.07,2.74,2.83,3.36,3.72,3.19,3.81,4.42,6.46,4.42,2.48,0.71,0.88,0.97,2.74,2.3,2.74,2.57,3.27,4.16,6.37,7.08,8.32,7.61,7.79,6.9,8.14,7.79,6.19,6.19,7.08,7.61,7.35,6.9,6.73,6.37,4.78,3.72,3.81,5.93,6.02,6.28,5.75,6.28,6.28,4.34,3.36,1.5,1.77,2.3
403559,"Afton Oaks - River Oaks Area","Neighborhood","TX",754,"Houston-The Woodlands-Sugar Land",394692,3.81,3.33,3.57,5,5.71,6.67,5.95,5,4.76,4.05,3.33,2.38,2.86,3.1,4.52,5,5,5,4.52,4.29,2.38,0.95,0.95,0.95,1.9,0.95,0.48,0.24,0.24,0.24,0.48,1.67,5,6.43,7.62,6.67,4.52,1.67,1.67,1.19,1.19,1.19,0.71,0.71,1.43,2.14,2.38,0.71,0.24,0.71,5.71,7.86,3.57,0.95,0.71,1.43,3.33,3.57,4.52,4.05,5.95,3.81,1.43,0.48,0.48,1.9,1.67,2.62,3.1,2.86,0.71,2.14,4.05,5.71,5.95,5.95,5,1.19,1.19,0.48,3.1,4.29,5.48,2.86,1.19,0.24,0.24,0.48,0.48,0.95,3.57,5.48,4.76,5.24,3.1,3.81,1.19,3.81,2.86,3.1,1.43,0.95,0.95,2.86,3.81,4.05
43845,"Alderwood Manor","Neighborhood","WA",755,"Seattle-Tacoma-Bellevue",395078,8.82,8.24,1.18,1.18,1.76,5.29,8.82,8.82,8.82,7.06,7.06,8.82,10,10,9.41,5.88,3.53,1.18,1.18,1.76,6.47,9.41,8.82,8.82,8.82,7.65,7.65,6.47,4.71,3.53,4.12,7.65,10,10,10,9.41,7.06,7.65,7.65,8.24,6.47,6.47,5.88,5.88,5.88,5.88,5.88,5.88,5.88,5.88,5.29,4.12,5.29,6.47,7.65,7.65,7.65,7.06,6.47,6.47,6.47,4.12,2.35,2.35,3.53,5.88,8.24,8.82,8.24,8.82,8.82,9.41,9.41,6.47,6.47,6.47,6.47,6.47,7.06,8.82,8.82,8.24,7.65,7.06,5.88,5.88,5.88,7.06,7.06,8.82,10,10,10,9.41,7.65,4.71,4.12,4.12,2.35,1.76,1.18,1.18,3.53,6.47,8.24,5.29
271904,"Lincoln Heights","Neighborhood","WA",756,"Spokane-Spokane Valley",395113,7.5,7.5,7.5,7.5,8.75,8.75,6.25,3.75,2.5,2.5,2.5,2.5,2.5,2.5,2.5,2.5,5,6.25,7.5,7.5,8.75,7.5,6.25,6.25,7.5,8.75,8.75,10,7.5,6.25,5,7.5,7.5,7.5,8.75,10,10,8.75,7.5,7.5,8.75,10,8.75,6.25,7.5,8.75,8.75,8.75,8.75,8.75,8.75,5,5,2.5,2.5,2.5,5,3.75,5,5,3.75,5,7.5,8.75,8.75,8.75,8.75,10,7.5,6.25,3.75,5,5,6.25,8.75,8.75,8.75,8.75,7.5,7.5,3.75,3.75,5,6.25,8.75,8.75,8.75,8.75,6.25,5,5,5,5,5,5,5,5,5,5,5,5,3.75,5,5,3.75,2.5
269570,"Ashburn","Neighborhood","IL",757,"Chicago-Naperville-Elgin",394463,7.64,7.5,7.36,6.94,5.97,6.39,6.39,7.22,8.06,8.89,8.75,7.78,7.78,7.64,8.19,8.33,8.19,8.19,4.72,4.44,4.58,8.61,7.22,3.19,0.56,0.28,0.28,1.11,5.14,7.5,5.56,3.61,2.92,2.22,1.11,1.25,2.64,6.39,7.22,3.33,1.67,0.83,1.81,1.94,6.94,8.75,8.75,7.92,8.89,9.72,9.72,8.75,6.25,3.06,1.94,1.25,1.94,2.92,3.47,2.22,1.11,0.97,0.69,1.53,2.64,4.44,5.83,7.64,8.33,8.47,8.47,7.22,5.28,4.17,3.33,3.75,2.36,2.22,2.08,1.81,1.25,1.11,1.25,2.08,1.25,1.53,3.19,6.11,7.22,4.58,3.06,1.39,2.5,6.11,7.36,7.08,5.69,3.61,5.56,7.64,7.36,3.06,2.78,5.42,9.17,9.17
276010,"Western Branch South","Neighborhood","VA",759,"Virginia Beach-Norfolk-Newport News",395194,8.26,9.78,10,7.83,2.83,3.26,6.52,10,9.13,8.48,8.04,7.83,6.52,4.35,2.83,4.57,4.78,3.26,1.52,1.3,2.61,4.78,3.91,1.52,1.52,1.09,1.09,3.48,6.96,5,4.78,4.35,8.04,7.17,5.43,4.35,3.7,3.48,3.26,2.39,1.3,1.09,1.96,5.22,7.39,7.17,3.04,1.96,1.96,3.26,5.43,5.43,3.04,2.17,2.39,3.91,4.35,5.65,8.26,9.57,9.57,9.35,4.78,2.17,1.3,1.74,3.7,5.22,5.43,5.43,6.09,6.74,7.17,7.39,7.17,6.96,6.09,5.87,4.13,5.43,5.65,5,4.13,2.83,2.17,2.17,4.13,6.52,5.43,2.83,2.39,3.7,5.43,6.09,5.43,6.09,5,3.91,2.83,3.04,4.57,6.09,6.3,5.87,5.87,5.43
268962,"Downtown","Neighborhood","FL",761,"Miami-Fort Lauderdale-West Palm Beach",394856,9.4,9.4,7.16,4.03,1.94,1.94,4.48,5.82,6.87,6.72,4.93,4.48,3.73,4.33,4.33,3.88,3.58,4.48,5.22,5.97,4.18,4.48,4.03,3.58,3.88,4.18,5.37,5.52,6.12,6.72,5.67,5.22,4.03,3.58,3.73,4.18,3.88,2.24,1.19,0.6,0.9,0.75,0.75,0.45,0.6,0.45,0.6,1.49,1.19,1.19,1.19,1.79,1.64,1.34,1.04,0.9,0.9,1.19,1.49,1.79,2.84,2.69,2.09,1.34,0.9,0.6,0.6,0.9,1.04,0.75,0.75,0.6,0.45,0.3,0.3,0.45,0.6,0.45,0.6,1.04,1.34,1.34,2.09,2.39,1.94,1.34,1.04,0.9,1.04,1.04,1.04,0.45,0.45,0.45,0.3,0.6,1.19,1.04,0.75,0.45,0.6,0.6,0.45,0.45,1.04,1.34
761634,"Greater Alberta","Neighborhood","AL",764,"Tuscaloosa",395171,10,10,10,10,10,10,10,10,10,10,10,10,10,10,10,10,10,10,10,10,10,10,10,10,10,10,10,10,10,10,10,10,10,10,10,10,10,10,10,10,10,10,10,10,10,10,10,10,10,10,10,10,10,10,10,10,10,10,10,10,10,10,10,10,10,10,10,10,10,10,10,10,10,10,10,10,10,10,10,10,10,10,10,10,10,10,10,10,10,10,10,10,10,10,10,10,10,10,10,10,10,10,10,10,10,10
271079,"Cully","Neighborhood","OR",765,"Portland-Vancouver-Hillsboro",394998,8.5,8.5,9,8,8,8.5,8,9.5,9.5,10,10,10,9,6,4,3.5,2.5,3.5,7,9,9.5,9.5,9.5,9.5,10,10,9.5,4.5,1.5,0.5,1.5,3.5,7.5,8,6.5,7.5,7.5,5.5,4.5,2.5,5.5,7.5,8,8.5,8.5,8.5,8.5,8.5,9,7.5,8.5,6.5,5.5,5,7.5,8.5,8.5,7,6.5,6,5,4.5,4.5,7,7.5,5,2,5,7,10,10,10,8,5.5,4.5,4.5,4.5,5,4,3.5,5.5,7,8,4.5,4,4.5,4.5,6.5,7.5,10,10,9.5,9,8.5,8,4.5,3.5,2.5,4.5,6,8.5,10,10,10,10,10
121704,"Dupont Circle","Neighborhood","DC",766,"Washington-Arlington-Alexandria",395209,6.15,6.92,6.15,6.15,7.69,6.15,5.38,3.85,4.62,4.62,8.46,3.85,3.08,2.31,2.31,1.54,1.54,3.08,6.92,7.69,9.23,10,9.23,8.46,9.23,9.23,9.23,10,6.15,3.08,3.08,3.85,6.15,8.46,7.69,7.69,3.08,3.08,3.08,3.08,3.85,5.38,9.23,10,10,9.23,9.23,9.23,8.46,6.92,3.85,3.85,4.62,7.69,9.23,9.23,10,9.23,9.23,6.15,5.38,4.62,3.85,5.38,6.15,6.92,10,9.23,7.69,6.15,6.92,7.69,7.69,9.23,9.23,9.23,8.46,9.23,9.23,9.23,6.92,5.38,4.62,4.62,6.92,6.92,6.92,4.62,2.31,2.31,2.31,3.85,5.38,4.62,5.38,5.38,4.62,5.38,7.69,7.69,5.38,4.62,3.85,7.69,8.46,8.46
17876,"East Islip","Neighborhood","NY",768,"New York-Newark-Jersey City",394913,3.19,3.54,3.72,3.98,4.42,4.96,4.07,3.54,3.36,3.98,3.89,3.98,3.72,3.81,3.72,4.51,4.87,5.13,4.87,5.22,6.46,6.02,5.4,5.04,5.4,5.58,6.11,6.19,1.95,0.44,0.27,0.8,2.83,5.31,6.55,5.58,4.07,3.45,1.5,0.97,0.8,0.88,0.35,0.09,0.09,0.27,0.62,1.86,0.71,0.35,0.18,0.27,0.27,0.27,0.18,0.35,0.53,2.57,1.95,1.33,0.09,0.8,2.39,5.75,6.02,1.42,0.44,0.27,1.06,3.19,3.19,3.36,3.54,3.36,3.54,3.89,4.78,5.49,7.43,8.05,8.41,7.35,7.17,8.05,8.67,8.5,8.14,6.73,1.95,0.97,1.33,5.58,6.99,7.7,8.23,8.58,8.5,8.58,8.41,9.12,9.03,8.76,8.5,8.14,8.05,7.7
272951,"Beverly","Neighborhood","IL",769,"Chicago-Naperville-Elgin",394463,0.42,0.28,0.14,0.14,0.14,0.14,0.14,0.28,0.14,0.14,0.14,0.28,0.28,2.22,4.72,7.22,7.36,7.36,8.06,6.11,5.28,3.06,6.81,8.06,8.06,5.14,2.36,0.28,0.28,0.56,0.69,0.69,0.14,0.14,0.14,0.42,0.83,1.94,2.5,2.64,2.64,1.67,1.39,0.83,1.39,1.25,1.11,0.69,1.53,1.53,0.97,0.28,0.14,0.28,0.97,3.75,5.14,6.39,1.81,0.83,0.69,1.11,1.67,0.83,0.14,0.14,0.14,1.25,4.03,2.92,1.67,0.83,0.83,0.28,0.28,0.14,0.14,0.14,0.42,0.69,2.08,3.61,2.78,1.94,3.33,4.72,5.42,2.22,3.75,5.14,8.33,5.97,3.33,2.64,4.31,5.56,6.94,7.64,6.53,2.92,0.97,0.42,0.97,1.94,5.42,6.11
422900,"Villages of Woodland Springs","Neighborhood","TX",771,"Dallas-Fort Worth-Arlington",394514,6.77,9.03,7.42,4.19,1.61,1.61,2.26,2.58,1.94,1.94,1.61,2.26,3.23,4.84,3.87,3.87,3.87,4.52,6.45,6.77,6.77,5.81,4.19,2.9,2.26,2.26,1.94,1.94,1.29,1.61,2.58,5.48,7.42,9.03,9.68,9.35,9.03,5.48,2.9,3.55,6.13,8.06,9.03,9.68,10,8.71,8.71,6.77,7.42,6.13,5.81,5.81,7.1,7.42,8.39,8.71,8.71,8.06,5.81,6.45,7.74,9.03,9.03,9.68,8.71,9.35,9.03,9.68,9.68,9.68,9.03,9.03,8.39,8.06,8.06,8.39,8.06,7.74,8.06,9.03,8.06,7.1,7.1,7.1,7.42,6.77,5.16,6.45,7.42,7.42,7.74,7.74,7.1,6.45,5.81,5.48,5.16,3.55,2.26,2.26,2.26,5.48,7.1,9.03,9.03,9.03
271020,"North Collinwood","Neighborhood","OH",772,"Cleveland-Elyria",394475,4.44,2.22,2.22,1.11,1.11,2.22,6.67,6.67,6.67,8.89,5.56,6.67,2.22,4.44,5.56,5.56,7.78,5.56,4.44,4.44,4.44,3.33,2.22,4.44,5.56,4.44,4.44,4.44,6.67,5.56,5.56,3.33,2.22,1.11,1.11,1.11,1.11,1.11,2.22,3.33,1.11,1.11,1.11,1.11,2.22,2.22,1.11,1.11,1.11,1.11,2.22,3.33,4.44,5.56,6.67,6.67,5.56,3.33,2.22,1.11,5.56,8.89,10,10,8.89,8.89,7.78,3.33,3.33,2.22,1.11,1.11,1.11,1.11,1.11,1.11,1.11,1.11,1.11,1.11,1.11,2.22,3.33,3.33,3.33,3.33,2.22,4.44,8.89,10,6.67,2.22,2.22,2.22,2.22,2.22,3.33,3.33,2.22,2.22,3.33,3.33,1.11,1.11,1.11,1.11
153338,"Shenandoah","Neighborhood","LA",773,"Baton Rouge",394367,5.56,4.44,6.67,6.67,8.89,7.78,7.78,5.56,4.44,3.33,4.44,4.44,5.56,4.44,4.44,3.33,3.33,4.44,5.56,6.67,7.78,8.89,5.56,6.67,6.67,8.89,10,10,6.67,6.67,4.44,8.89,10,8.89,8.89,8.89,5.56,4.44,3.33,3.33,3.33,4.44,4.44,4.44,3.33,2.22,2.22,3.33,5.56,6.67,6.67,5.56,5.56,7.78,8.89,8.89,8.89,7.78,7.78,4.44,3.33,2.22,3.33,6.67,8.89,6.67,6.67,2.22,2.22,1.11,1.11,1.11,1.11,2.22,3.33,4.44,3.33,3.33,3.33,1.11,1.11,1.11,2.22,2.22,4.44,4.44,7.78,7.78,8.89,7.78,5.56,3.33,1.11,3.33,3.33,3.33,3.33,3.33,2.22,3.33,6.67,7.78,8.89,8.89,7.78,7.78
194503,"Eastwood","Neighborhood","NY",774,"Syracuse",395143,10,10,10,10,10,10,10,10,10,10,10,10,10,10,10,10,10,10,10,10,10,10,10,10,10,10,10,10,10,10,10,10,10,10,10,10,10,10,10,10,10,10,10,10,10,10,10,10,10,10,10,10,10,10,10,10,10,10,10,10,10,10,10,10,10,10,10,10,10,10,10,10,10,10,10,10,10,10,10,10,10,10,10,10,10,10,10,10,10,10,10,10,10,10,10,10,10,10,10,10,10,10,10,10,10,10
190286,"Springdale","Neighborhood","NJ",775,"Philadelphia-Camden-Wilmington",394974,2.1,2.42,3.06,2.42,2.58,1.94,0.97,0.32,0.48,0.32,0.97,1.13,2.26,2.9,1.45,0.81,0.32,0.32,0.48,0.48,1.29,1.77,1.77,2.26,1.94,1.29,0.81,1.45,2.26,1.29,1.61,1.61,1.45,0.97,0.81,0.48,0.48,0.48,0.97,2.1,5,4.19,4.03,3.39,1.45,1.29,0.16,0.32,0.32,0.48,0.48,1.13,1.13,1.13,0.81,0.32,0.32,0.32,0.48,0.32,1.13,0.16,0.16,0.16,0.16,0.48,0.97,0.81,0.48,0.16,0.16,0.16,0.16,0.16,0.32,0.48,0.65,0.65,1.13,1.13,0.81,0.16,0.16,0.48,0.65,1.29,1.13,0.65,0.48,0.65,1.29,0.65,0.16,0.16,0.16,0.16,0.32,0.16,0.81,1.94,3.23,1.94,0.81,0.32,0.16,0.16
272716,"Aberdeen","Neighborhood","VA",776,"Virginia Beach-Norfolk-Newport News",395194,10,10,9.57,9.78,9.78,8.91,6.3,5.22,5.43,6.52,7.83,8.04,7.83,5.22,1.52,1.09,0.87,1.96,2.83,6.96,8.04,9.13,8.91,9.13,7.17,4.13,2.61,2.83,2.39,1.74,1.09,1.3,1.09,2.17,2.61,6.52,6.96,9.13,5.43,5.22,4.35,6.3,5.22,5.43,5,6.52,3.91,3.26,1.74,1.3,2.39,6.52,6.96,6.74,5,5.43,4.57,3.48,2.17,2.61,3.26,4.35,5.65,6.96,5,4.13,3.26,3.7,2.83,2.83,2.83,3.7,3.91,4.57,4.35,3.26,4.13,3.91,6.3,6.74,7.39,2.61,0.65,0.87,1.74,5.22,5.43,5.87,6.74,5.87,6.52,3.48,4.57,5,6.3,3.91,1.96,1.96,1.74,3.26,3.7,3.26,3.91,5.65,6.96,7.17
403378,"Brainerd","Neighborhood","IL",777,"Chicago-Naperville-Elgin",394463,4.17,4.72,4.86,3.75,3.89,4.17,4.17,4.58,5,5.28,5.69,6.39,6.81,6.53,5.97,5.28,4.58,4.03,3.06,2.08,1.81,1.39,1.67,1.53,1.67,1.94,1.94,1.53,0.83,0.69,0.56,0.97,1.25,1.11,0.97,1.11,1.11,0.97,1.11,0.83,0.83,0.97,0.83,1.25,1.81,2.64,2.92,2.08,1.94,3.19,6.39,6.81,5.69,5,5.28,1.81,0.42,0.28,0.28,2.36,7.22,9.03,8.33,7.78,5.83,6.25,5.56,6.81,5.69,3.75,2.64,2.92,5.97,4.72,2.92,1.53,1.94,2.08,1.39,1.67,1.39,1.39,2.36,2.36,1.39,0.42,0.14,0.56,0.97,0.42,0.14,0.14,0.42,6.81,8.47,5,2.5,2.22,4.58,5.97,5.28,6.53,6.39,7.36,6.11,3.47
183052,"Murraysville","Neighborhood","NC",778,"Wilmington",395229,4,4,4,4,6,6,6,4,6,8,8,8,6,8,8,6,6,6,8,6,6,4,4,6,10,10,8,8,8,6,6,4,4,8,10,6,4,4,6,6,6,6,6,6,4,6,2,6,2,4,4,6,4,4,4,6,4,6,4,4,4,4,6,6,6,4,8,6,10,8,10,8,8,6,8,8,10,10,10,10,8,8,8,8,8,8,8,6,6,8,10,10,10,8,8,6,10,8,8,8,8,6,4,6,6,8
753764,"Meridian Kessler","Neighborhood","IN",779,"Indianapolis-Carmel-Anderson",394705,9.29,9.29,9.29,8.57,7.86,7.86,7.86,8.57,7.86,7.86,7.86,7.86,7.86,7.86,7.86,8.57,8.57,7.86,7.86,7.86,7.86,8.57,9.29,8.57,8.57,8.57,8.57,8.57,9.29,9.29,8.57,6.43,8.57,8.57,9.29,9.29,10,10,10,10,10,10,10,10,10,9.29,9.29,9.29,8.57,7.86,6.43,4.29,3.57,2.14,4.29,5.71,8.57,7.14,2.86,2.14,5,5,3.57,1.43,1.43,0.71,0.71,0.71,2.14,3.57,4.29,4.29,4.29,0.71,0.71,0.71,0.71,0.71,1.43,1.43,1.43,2.14,5.71,2.86,2.14,0.71,1.43,1.43,0.71,0.71,2.14,2.14,0.71,0.71,0.71,0.71,0.71,0.71,1.43,2.14,0.71,0.71,0.71,1.43,1.43,2.86
272770,"Angel Park Lindell","Neighborhood","NV",781,"Las Vegas-Henderson-Paradise",394775,5.51,7.14,7.55,7.14,6.12,7.35,7.35,7.35,6.94,7.55,6.94,3.88,2.45,3.27,3.88,3.88,3.67,4.08,6.94,9.18,9.59,9.59,8.37,8.16,8.78,9.8,9.8,10,10,9.39,8.78,7.35,5.51,6.94,7.35,8.16,5.71,5.92,4.69,6.33,4.9,2.86,2.86,4.49,7.76,8.37,9.59,9.39,9.39,9.18,8.78,7.55,5.92,5.1,6.73,8.57,9.39,9.59,9.59,9.39,9.18,8.16,5.1,2.24,2.45,4.69,8.57,9.39,9.18,9.59,8.98,9.18,9.18,9.59,9.39,8.98,8.37,7.35,8.57,9.39,9.59,9.59,9.59,9.18,9.39,9.18,9.39,9.59,9.8,10,9.8,9.39,8.37,7.76,6.33,6.94,6.94,6.53,6.53,4.9,7.76,8.57,9.39,8.16,6.94,5.31
273820,"Gibson Springs","Neighborhood","NV",782,"Las Vegas-Henderson-Paradise",394775,3.67,4.29,4.69,4.49,2.86,2.65,3.47,4.49,5.71,5.31,5.51,4.69,5.92,4.9,5.92,5.31,5.31,3.47,4.08,3.67,6.33,6.53,7.14,4.29,3.67,3.47,4.49,6.12,8.16,9.59,10,10,10,10,8.98,8.37,8.16,8.16,8.78,9.39,9.39,9.39,9.18,9.39,8.57,7.76,8.16,7.14,5.92,3.88,6.33,9.18,9.59,9.59,9.18,9.39,6.73,4.9,3.47,7.35,7.96,9.18,9.18,8.78,6.73,4.9,2.45,2.45,4.08,7.96,9.39,9.8,10,9.8,9.8,9.8,9.8,9.59,9.39,8.57,7.76,7.55,8.57,8.78,9.8,9.8,9.8,9.8,8.78,6.94,4.08,2.65,3.27,3.67,4.49,7.76,9.39,9.59,9.39,9.39,8.37,7.14,4.9,5.31,5.1,6.12
188520,"Cherry Hill Mall","Neighborhood","NJ",783,"Philadelphia-Camden-Wilmington",394974,0.32,0.32,0.81,1.45,1.94,2.42,1.13,0.81,0.65,0.81,0.48,0.65,0.48,0.32,0.16,0.48,0.65,2.1,2.26,1.94,2.1,2.42,2.26,1.94,2.26,1.77,1.94,3.55,4.84,5.48,2.26,0.65,0.48,0.16,0.48,1.13,1.77,1.45,1.13,0.65,0.81,1.29,3.06,5,4.68,3.23,2.58,2.26,1.45,1.61,1.45,0.65,0.32,0.48,1.29,2.58,1.29,0.81,0.65,0.65,1.61,3.06,2.58,2.42,3.23,2.58,2.74,3.06,1.29,0.32,0.32,0.48,0.97,3.71,5.16,3.55,2.58,1.29,0.48,0.32,0.65,0.65,0.48,0.65,0.48,0.16,0.32,0.32,0.65,0.97,0.48,0.81,0.48,0.81,1.13,0.65,1.29,1.29,2.26,2.42,4.03,3.55,2.9,1.94,2.1,2.26
403533,"Willow Meadows - Willowbend Area","Neighborhood","TX",784,"Houston-The Woodlands-Sugar Land",394692,9.05,9.05,9.05,8.81,8.57,8.33,8.33,6.67,5.24,2.86,2.38,3.1,2.62,2.62,2.62,2.86,2.14,0.95,0.95,0.95,2.14,0.71,0.48,0.71,1.43,4.29,3.33,3.81,5.48,5.48,5.71,4.76,4.52,4.76,5.71,5.48,5,4.29,3.81,2.86,3.81,4.52,7.14,8.57,9.52,9.76,8.81,7.86,7.14,8.1,8.81,8.57,8.33,5.48,2.86,1.67,1.43,3.1,3.57,2.86,1.43,2.62,2.14,2.62,1.19,1.19,0.95,2.86,5.24,5.71,3.81,0.95,0.48,0.48,0.95,1.19,1.19,1.43,2.14,3.81,2.86,2.14,1.9,1.19,3.81,5.71,6.9,4.29,1.67,1.19,1.19,0.95,0.48,0.24,0.24,0.24,0.71,1.43,0.95,0.95,0.24,0.24,0.48,0.71,3.57,2.14
272740,"Album Park","Neighborhood","TX",785,"El Paso",394561,10,10,7.5,7.5,7.5,10,10,8.75,6.25,2.5,1.25,1.25,5,7.5,8.75,8.75,10,10,3.75,2.5,1.25,1.25,1.25,2.5,3.75,1.25,5,6.25,10,8.75,8.75,8.75,7.5,7.5,3.75,3.75,3.75,6.25,6.25,6.25,5,5,5,7.5,10,10,8.75,3.75,3.75,2.5,5,5,3.75,3.75,5,8.75,7.5,6.25,1.25,1.25,1.25,3.75,3.75,5,3.75,3.75,3.75,3.75,5,8.75,8.75,7.5,2.5,1.25,1.25,1.25,2.5,5,7.5,10,7.5,7.5,7.5,10,8.75,10,10,10,8.75,7.5,5,10,10,8.75,8.75,8.75,10,8.75,10,8.75,10,8.75,5,2.5,2.5,6.25
257978,"South Hills","Neighborhood","WV",786,"Charleston",394455,10,10,10,10,10,10,10,10,10,10,10,10,10,10,10,10,10,10,10,10,10,10,10,10,10,10,10,10,10,10,10,10,10,10,10,10,10,10,10,10,10,10,10,10,10,10,10,10,10,10,10,10,10,10,10,10,10,10,10,10,10,10,10,10,10,10,10,10,10,10,10,10,10,10,10,10,10,10,10,10,10,10,10,10,10,10,10,10,10,10,10,10,10,10,10,10,10,10,10,10,10,10,10,10,10,10
124860,"Jacksonville Heights","Neighborhood","FL",787,"Jacksonville",394714,5.33,5.67,6,6.67,6.67,5,4.33,2.67,2,1.33,1,1.33,1.67,3.67,5,6,6.33,6,8,8.67,9.67,9.67,9.33,8.67,8.33,7.33,6,5,6,7.33,6.33,4,4,3,4.67,5,4,3,4,7.67,9.67,10,9.67,8,6,7,8.33,9.33,9.33,9.33,9.33,9.33,8.67,7,6,4,3.33,4.67,6.33,8.67,10,10,9,8,8,7.33,5.67,6.67,7.33,8,7.33,8,9.67,10,10,9,8,6.67,7.33,9.33,10,10,10,6.33,4,3.67,5.33,5.33,6.33,7.67,9,8.33,8.33,8.67,9.67,10,10,10,10,10,10,9.33,7.67,6.67,6.67,7.67
269678,"Southwest","Neighborhood","KS",788,"Wichita",395224,5,5,5,5,5,5,5,10,10,5,5,5,5,5,5,5,5,10,10,10,10,5,5,10,10,10,10,10,10,10,10,10,10,10,10,5,5,5,5,5,10,10,10,10,10,10,5,5,5,10,10,10,10,10,5,5,10,10,10,10,10,5,5,5,5,5,5,5,5,5,10,10,10,10,10,5,5,10,10,10,10,10,10,10,10,10,10,10,10,10,10,10,10,10,5,5,5,5,10,10,10,10,10,10,5,5
54374,"Shadyside","Neighborhood","PA",789,"Pittsburgh",394982,2.5,2.5,2.5,2.5,5,6.25,6.25,8.75,10,10,10,8.75,7.5,6.25,6.25,7.5,5,1.25,1.25,1.25,1.25,3.75,8.75,8.75,7.5,1.25,1.25,1.25,1.25,1.25,2.5,2.5,2.5,5,3.75,3.75,6.25,3.75,3.75,2.5,1.25,1.25,2.5,2.5,8.75,6.25,6.25,6.25,8.75,10,10,10,10,10,10,10,10,8.75,6.25,6.25,6.25,7.5,10,8.75,8.75,8.75,10,10,10,8.75,5,5,6.25,10,10,8.75,10,10,10,10,7.5,5,5,7.5,7.5,5,6.25,2.5,5,3.75,5,5,7.5,7.5,7.5,7.5,7.5,8.75,2.5,1.25,1.25,1.25,1.25,3.75,5,3.75
403516,"Windsor","Neighborhood","CO",790,"Denver-Aurora-Lakewood",394530,8.08,9.23,8.85,6.92,3.08,1.15,1.15,1.54,0.77,0.38,0.38,0.38,3.08,4.62,7.31,10,10,10,6.15,3.85,3.85,7.69,9.62,9.23,7.31,5.38,4.62,3.08,2.69,3.08,2.69,3.08,4.23,6.15,7.69,9.62,10,10,8.85,9.23,8.85,9.23,10,9.62,9.62,8.85,10,10,10,9.23,8.46,8.85,9.23,9.23,9.62,9.62,9.62,10,10,10,8.46,7.31,5.77,6.54,7.69,6.92,6.54,5.77,6.92,7.69,8.46,6.92,6.92,5.77,6.54,6.54,6.54,6.15,6.15,6.15,4.62,4.23,3.85,3.46,3.08,3.46,3.08,3.85,3.85,4.23,3.85,7.69,9.62,9.62,7.69,4.62,3.46,4.23,3.85,3.08,2.31,3.08,3.08,2.69,1.92,2.31
275186,"River Mountain","Neighborhood","AR",791,"Little Rock-North Little Rock-Conway",394798,1.43,1.43,1.43,1.43,1.43,1.43,1.43,1.43,1.43,2.86,5.71,8.57,8.57,8.57,4.29,2.86,1.43,1.43,1.43,5.71,7.14,5.71,5.71,4.29,5.71,8.57,8.57,5.71,7.14,7.14,8.57,5.71,7.14,8.57,8.57,7.14,5.71,5.71,5.71,5.71,5.71,5.71,5.71,5.71,5.71,7.14,8.57,8.57,8.57,5.71,4.29,2.86,1.43,2.86,2.86,4.29,7.14,8.57,8.57,7.14,4.29,1.43,1.43,2.86,2.86,4.29,4.29,7.14,4.29,7.14,7.14,7.14,5.71,10,10,10,8.57,5.71,4.29,2.86,5.71,7.14,7.14,7.14,5.71,5.71,4.29,5.71,4.29,5.71,2.86,4.29,5.71,8.57,8.57,8.57,10,8.57,10,8.57,5.71,5.71,4.29,7.14,8.57,10
273084,"Buckroe","Neighborhood","VA",794,"Virginia Beach-Norfolk-Newport News",395194,2.61,1.74,2.83,3.26,4.78,5,4.78,5,5.87,5.87,5,3.26,1.52,1.52,1.96,7.39,8.91,9.35,9.13,8.7,7.39,7.39,5.43,2.83,1.74,1.96,3.7,6.74,7.61,6.96,3.48,2.17,3.04,3.91,5,4.78,2.83,1.52,1.74,3.26,6.3,8.04,5.65,2.83,1.96,2.39,1.96,3.48,4.57,8.26,8.91,9.35,7.83,6.3,3.91,1.96,1.74,3.26,4.57,6.3,5.43,2.83,1.52,0.87,0.65,0.87,1.09,2.39,3.7,3.26,3.7,1.74,1.52,1.96,3.04,4.35,3.48,3.04,1.96,2.39,3.48,6.96,3.04,2.17,1.96,1.09,1.09,1.74,5.65,9.13,9.35,8.04,5.87,4.78,3.48,2.83,4.13,4.35,6.3,4.78,2.61,1.96,1.74,4.35,3.04,1.3
417478,"Green Run","Neighborhood","VA",795,"Virginia Beach-Norfolk-Newport News",395194,1.74,1.96,2.17,2.61,3.26,4.57,5.87,8.04,8.7,9.35,9.13,6.96,6.3,5.43,6.3,6.96,7.39,8.48,9.35,9.57,9.78,9.78,10,9.78,9.35,9.35,6.96,4.13,1.74,1.96,2.61,6.09,8.48,8.26,8.91,8.91,9.78,9.78,9.78,9.35,7.17,4.35,5,5.87,5.43,5.22,4.78,5.22,5.43,7.17,6.09,4.13,4.35,6.96,9.35,10,10,10,9.78,8.7,6.3,5.87,5.43,5,4.57,4.78,6.09,8.04,8.48,8.7,8.26,9.35,9.78,10,9.78,10,9.78,9.78,9.78,8.26,5.22,4.78,8.04,9.78,10,10,9.78,9.13,9.13,4.78,2.83,2.61,8.04,9.78,10,10,10,9.78,9.78,9.78,8.91,8.91,9.35,10,10,9.78
276250,"Chambersburg","Neighborhood","NJ",796,"Trenton",395164,5,5,5,5,7.5,10,10,10,10,10,10,10,10,10,10,10,10,10,10,10,10,10,10,10,10,10,10,5,5,5,2.5,2.5,2.5,2.5,2.5,2.5,2.5,10,10,10,10,10,10,10,10,10,10,10,10,10,10,10,10,10,10,10,10,10,10,10,10,10,10,10,10,10,10,10,10,10,10,10,10,10,10,10,10,7.5,5,10,10,10,10,10,10,10,10,5,10,10,10,10,2.5,2.5,2.5,10,10,10,10,10,10,10,10,10,10,10
274289,"Lee Miles","Neighborhood","OH",797,"Cleveland-Elyria",394475,8.89,8.89,10,10,10,10,10,10,10,10,10,10,10,10,10,10,10,10,10,8.89,5.56,2.22,8.89,10,7.78,6.67,7.78,7.78,8.89,7.78,6.67,6.67,7.78,8.89,8.89,8.89,8.89,8.89,7.78,5.56,5.56,6.67,7.78,7.78,7.78,7.78,7.78,8.89,10,8.89,8.89,7.78,7.78,6.67,5.56,3.33,1.11,1.11,1.11,2.22,8.89,10,8.89,2.22,1.11,1.11,1.11,1.11,2.22,3.33,3.33,2.22,2.22,2.22,3.33,4.44,5.56,3.33,2.22,3.33,2.22,1.11,1.11,1.11,1.11,1.11,1.11,1.11,1.11,1.11,1.11,1.11,1.11,1.11,1.11,1.11,1.11,1.11,1.11,1.11,1.11,2.22,4.44,4.44,4.44,2.22
276222,"Brentwood-Darlington","Neighborhood","OR",799,"Portland-Vancouver-Hillsboro",394998,4,3,2.5,2.5,5,7,7,6,6.5,5.5,5.5,6.5,6.5,8,8.5,9,10,9,3.5,0.5,1.5,3,6,7,7,5.5,6.5,6.5,6,6.5,7,7.5,8,7,8,6,6,1,0.5,0.5,0.5,1,1.5,4,6,7.5,6,7.5,8,8.5,9.5,10,10,10,10,8,8,8,8,9,10,10,10,9.5,9,9,8,6,6,6,8.5,8,8.5,9.5,9.5,10,10,10,9,7.5,7,6.5,5,6,8,8,8.5,8,7,7,7,8.5,8,8,8.5,7.5,8,6,8,8,6.5,5,4,3.5,3.5,4.5
403549,"Lazy Brook - Timbergrove","Neighborhood","TX",800,"Houston-The Woodlands-Sugar Land",394692,6.43,6.19,6.67,2.62,0.48,0.71,3.57,6.9,6.67,4.76,3.81,4.76,7.62,8.33,8.81,8.33,6.9,4.05,1.67,4.52,7.38,8.81,8.81,8.1,7.62,6.43,5,2.62,4.76,5.71,7.86,8.57,9.52,10,10,10,9.76,9.05,8.33,9.29,8.81,8.33,7.38,8.33,7.62,6.67,4.29,5,7.86,9.29,9.05,8.81,7.38,6.43,5.95,4.52,4.29,4.05,5,3.1,2.86,1.9,3.33,3.57,2.38,1.67,1.19,2.38,6.19,6.43,7.14,7.38,7.14,7.62,6.9,7.14,5.24,5.24,5.24,6.67,7.38,7.38,6.43,4.52,3.33,3.57,4.52,3.57,1.9,1.67,2.38,4.52,5.95,7.38,7.38,6.67,6.43,6.43,8.1,8.1,8.1,5.24,5.24,5,5,4.76
761762,"Cochran's Crossing","Neighborhood","TX",801,"Houston-The Woodlands-Sugar Land",394692,6.67,4.29,2.86,2.86,3.81,5,6.9,8.1,8.33,8.1,8.57,8.33,8.81,7.86,8.33,8.57,9.52,9.76,10,10,9.76,9.76,9.76,8.81,8.57,8.57,8.81,8.57,9.52,9.76,10,10,10,9.52,8.81,6.9,5.48,4.76,3.57,3.57,4.29,7.38,8.57,6.9,5.71,2.62,1.43,2.14,2.14,2.86,2.14,2.38,1.19,1.67,1.9,4.05,5.48,5,2.62,2.38,2.14,3.1,2.86,1.43,0.71,0.48,0.71,1.9,5.95,6.9,6.67,5.95,4.76,3.81,4.52,5.71,7.86,7.14,6.67,5.24,5.95,5.95,4.05,3.1,1.9,4.05,5.95,6.43,4.76,5,5.71,7.62,7.14,5.95,6.9,5.71,5.24,5,5.95,6.43,5,4.76,5,7.86,8.1,7.86
269234,"Windy Hill","Neighborhood","FL",802,"Jacksonville",394714,10,10,9.67,7.67,8,8,8,7.67,5,5,4.67,7.33,8.33,8.67,9,8.33,7,7.67,6.33,6.33,6,7,7,6.67,6,5.33,5,6.67,2,1,1.67,4.33,9,9.33,9.33,8.67,7.33,7,8,9.33,9,9.33,8.33,9.33,10,10,10,10,10,10,9.67,9.67,10,10,9.67,9.67,9.33,8,7.33,8,8.33,9,7.33,6.67,5.33,5.33,5.33,8,9.33,9,8.33,7,6.67,7,7,8,7.33,7,7.67,10,9.67,9.67,7.67,8.67,9,9.33,9.33,9.67,9.67,8.67,8.33,8.67,9.67,10,10,9.33,8.67,9,9,8.67,8.33,7.33,7.33,7.67,7.33,5.67
753744,"Highland-Perkins","Neighborhood","LA",803,"Baton Rouge",394367,10,10,4.44,4.44,4.44,4.44,2.22,3.33,2.22,5.56,7.78,10,6.67,5.56,7.78,7.78,7.78,5.56,6.67,7.78,10,7.78,3.33,2.22,1.11,1.11,1.11,1.11,1.11,1.11,2.22,7.78,6.67,5.56,3.33,3.33,3.33,5.56,5.56,4.44,4.44,3.33,3.33,5.56,10,10,10,8.89,10,8.89,8.89,8.89,7.78,5.56,4.44,5.56,6.67,3.33,2.22,2.22,6.67,6.67,4.44,3.33,4.44,5.56,5.56,6.67,5.56,5.56,5.56,5.56,5.56,4.44,2.22,1.11,1.11,1.11,2.22,3.33,8.89,5.56,3.33,3.33,2.22,6.67,6.67,5.56,4.44,5.56,8.89,8.89,10,10,10,10,10,10,10,7.78,4.44,4.44,5.56,7.78,10,10
753815,"Washington Square","Neighborhood","PA",804,"Philadelphia-Camden-Wilmington",394974,6.77,7.26,8.23,8.39,8.71,8.39,7.42,6.29,7.1,7.1,5.48,3.06,2.74,3.39,4.19,2.58,1.29,0.48,0.81,2.9,6.61,8.87,7.9,5.81,5.16,4.19,7.26,9.03,9.68,9.84,9.68,9.52,8.55,5.81,3.71,1.94,1.94,4.03,8.06,9.03,8.87,9.19,8.39,8.23,8.87,9.52,9.52,7.26,3.71,1.45,1.94,1.29,3.39,1.77,6.77,7.26,9.19,8.71,8.39,7.58,5,3.71,3.87,3.23,1.77,0.81,1.45,2.9,6.29,6.45,7.74,7.1,5.16,2.9,1.61,0.81,0.81,2.58,6.13,7.58,7.1,6.45,6.61,6.77,2.1,2.1,1.29,3.71,5.32,7.74,4.03,2.9,2.74,3.71,4.68,4.52,4.84,6.77,6.45,6.77,4.19,3.39,2.1,2.1,2.58,3.06
213529,"Mount Airy West","Neighborhood","PA",805,"Philadelphia-Camden-Wilmington",394974,4.35,5.48,7.1,7.26,5.48,3.71,1.94,3.06,4.84,8.87,9.19,9.84,9.84,9.19,7.9,3.39,2.42,2.42,4.03,6.13,9.03,7.9,5.48,3.23,2.58,2.1,1.45,0.81,0.32,0.65,3.06,8.06,9.52,9.35,9.35,7.1,7.26,6.61,5.16,3.55,1.13,1.45,2.58,5.81,8.39,7.58,6.13,4.68,1.61,1.29,0.65,1.77,3.23,4.19,4.84,5,6.77,7.58,7.42,5.48,3.39,1.29,1.29,0.65,0.97,1.61,2.1,2.74,3.06,4.19,4.84,6.13,3.71,0.65,0.16,0.16,0.16,1.77,5.32,5.48,4.52,5,6.29,8.06,8.23,9.03,9.03,8.23,6.77,5.97,6.29,7.9,8.39,7.26,5.32,5,5.65,6.61,7.26,7.26,6.29,4.84,6.13,6.13,6.45,6.29
276230,"Caddo Heights, South Highlands","Neighborhood","LA",806,"Shreveport-Bossier City",395096,8.33,8.33,6.67,6.67,6.67,6.67,6.67,6.67,5,5,5,6.67,6.67,6.67,8.33,10,10,10,10,10,10,10,8.33,8.33,6.67,8.33,10,10,8.33,8.33,8.33,10,8.33,8.33,8.33,6.67,6.67,6.67,8.33,6.67,8.33,8.33,8.33,6.67,6.67,3.33,6.67,6.67,8.33,8.33,8.33,8.33,5,5,5,5,10,10,8.33,8.33,6.67,6.67,8.33,5,6.67,10,10,10,10,10,6.67,10,10,10,10,10,10,10,10,10,10,10,10,10,10,8.33,8.33,6.67,3.33,3.33,1.67,3.33,3.33,1.67,1.67,1.67,1.67,1.67,1.67,1.67,5,6.67,5,3.33,1.67,3.33
275702,"The Fan","Neighborhood","VA",807,"Richmond",395022,10,10,10,10,10,10,10,10,10,10,10,10,10,10,10,10,10,10,10,10,10,10,10,10,10,10,10,10,10,10,10,10,10,10,10,10,10,10,10,10,10,10,10,10,10,10,10,10,10,10,10,10,10,10,10,10,10,10,10,10,10,10,10,10,10,10,10,10,10,10,10,10,10,10,10,10,10,10,10,10,10,10,10,10,10,10,10,10,10,10,10,10,10,10,10,10,10,10,10,10,10,10,10,10,10,10
273243,"Chisholm Creek","Neighborhood","KS",808,"Wichita",395224,10,10,10,10,10,10,10,5,5,10,10,10,10,10,10,10,10,5,5,5,5,10,10,5,5,5,5,5,5,5,5,5,5,5,5,10,10,10,10,10,5,5,5,5,5,5,10,10,10,5,5,5,5,5,10,10,5,5,5,5,5,10,10,10,10,10,10,10,10,10,5,5,5,5,5,10,10,5,5,5,5,5,5,5,5,5,5,5,5,5,5,5,5,5,10,10,10,10,5,5,5,5,5,5,10,10
270268,"Tower Grove South","Neighborhood","MO",810,"St. Louis",395121,10,10,10,10,10,10,8.75,8.75,10,10,10,10,10,8.75,6.25,5,5,8.75,8.75,8.75,10,8.75,8.75,6.25,7.5,8.75,8.75,10,10,10,10,8.75,8.75,10,10,10,10,10,8.75,8.75,8.75,10,10,10,10,10,10,10,10,10,10,8.75,6.25,6.25,7.5,10,10,10,10,10,8.75,6.25,3.75,2.5,5,5,10,10,10,10,10,10,10,10,10,10,8.75,8.75,7.5,7.5,7.5,7.5,8.75,10,10,10,6.25,7.5,7.5,8.75,8.75,7.5,7.5,7.5,10,8.75,7.5,6.25,5,7.5,8.75,8.75,8.75,7.5,7.5,7.5
200100,"College Hill","Neighborhood","OH",811,"Cincinnati",394466,2,1,1,1,1,1,2,2,2,2,2,2,2,2,4,4,5,4,4,9,8,7,7,8,6,5,2,5,7,7,5,2,2,3,4,5,4,1,1,1,1,1,1,3,3,3,3,3,2,2,2,3,5,4,4,5,6,9,9,9,9,9,6,5,4,4,6,9,9,9,9,9,7,4,4,3,3,3,3,2,2,4,6,7,5,3,2,2,3,6,7,5,4,5,5,5,4,5,5,6,4,2,2,3,5,5
271850,"Downtown","Neighborhood","WA",813,"Seattle-Tacoma-Bellevue",395078,3.53,3.53,5.88,5.88,8.82,9.41,9.41,10,10,8.24,8.24,4.12,4.12,4.71,7.65,9.41,9.41,8.24,3.53,1.18,1.18,4.12,6.47,7.65,7.65,6.47,5.29,5.29,6.47,6.47,5.88,3.53,3.53,4.12,4.12,5.88,6.47,6.47,7.06,6.47,7.06,7.06,9.41,9.41,6.47,7.06,7.65,7.06,7.65,8.24,10,10,8.24,5.88,4.71,4.12,4.12,2.35,2.94,4.71,4.71,5.88,6.47,6.47,5.88,4.12,2.94,4.71,4.71,6.47,8.24,7.65,5.88,5.29,5.29,5.29,5.29,5.88,5.88,6.47,6.47,7.06,7.06,7.65,7.65,7.65,7.06,5.29,4.71,5.29,8.24,9.41,8.82,6.47,5.88,5.88,5.88,4.71,2.94,3.53,4.12,4.71,2.94,3.53,4.71,6.47
273464,"Detroit Shoreway","Neighborhood","OH",814,"Cleveland-Elyria",394475,2.22,3.33,4.44,4.44,4.44,3.33,2.22,3.33,3.33,1.11,3.33,2.22,1.11,3.33,4.44,3.33,3.33,2.22,2.22,1.11,1.11,1.11,1.11,1.11,1.11,1.11,1.11,1.11,1.11,2.22,2.22,2.22,3.33,6.67,6.67,6.67,5.56,4.44,5.56,7.78,7.78,7.78,8.89,8.89,5.56,6.67,6.67,6.67,5.56,4.44,1.11,1.11,1.11,3.33,4.44,5.56,7.78,8.89,8.89,5.56,3.33,2.22,5.56,8.89,10,10,10,10,8.89,8.89,6.67,6.67,4.44,4.44,5.56,5.56,2.22,2.22,4.44,7.78,6.67,6.67,7.78,6.67,8.89,7.78,6.67,3.33,3.33,3.33,4.44,5.56,5.56,7.78,5.56,5.56,5.56,4.44,4.44,4.44,4.44,4.44,3.33,2.22,2.22,4.44
208709,"Brookline","Neighborhood","PA",815,"Pittsburgh",394982,10,8.75,8.75,5,7.5,7.5,7.5,6.25,6.25,6.25,7.5,5,6.25,3.75,3.75,2.5,2.5,2.5,2.5,2.5,2.5,1.25,2.5,3.75,2.5,3.75,3.75,2.5,2.5,2.5,1.25,1.25,1.25,1.25,5,2.5,2.5,6.25,7.5,8.75,6.25,5,3.75,3.75,10,8.75,8.75,8.75,7.5,5,2.5,2.5,2.5,2.5,3.75,6.25,7.5,7.5,10,8.75,10,10,8.75,7.5,7.5,7.5,8.75,8.75,8.75,7.5,8.75,8.75,10,8.75,7.5,6.25,6.25,8.75,8.75,8.75,10,10,10,10,10,10,10,10,10,8.75,10,10,10,8.75,8.75,8.75,10,10,10,10,8.75,6.25,7.5,7.5,7.5,8.75
274388,"MacDonald Ranch","Neighborhood","NV",816,"Las Vegas-Henderson-Paradise",394775,4.49,2.45,2.65,3.06,5.1,4.9,5.1,6.33,7.14,7.35,5.71,3.27,3.88,5.1,4.9,3.06,2.65,3.67,6.33,7.55,4.08,1.43,1.43,2.65,4.08,5.51,6.53,6.94,7.35,7.76,6.12,3.67,2.04,1.84,3.27,3.06,3.27,3.67,4.08,4.08,2.86,2.04,1.84,2.86,5.1,6.33,5.1,4.9,5.31,5.51,7.35,8.57,9.18,8.57,5.51,1.84,1.43,1.43,3.67,4.29,4.29,3.88,3.27,2.04,1.84,2.45,4.08,4.29,5.51,7.55,7.76,6.33,4.08,2.24,2.65,3.88,7.14,8.37,7.96,5.51,3.47,2.45,2.24,3.06,4.49,7.14,8.37,7.35,6.33,5.1,5.1,3.67,3.47,4.08,6.53,7.14,5.71,4.29,4.69,4.49,3.27,1.22,0.82,0.82,2.45,5.71
4748,"Fords","Neighborhood","NJ",817,"New York-Newark-Jersey City",394913,2.92,2.48,2.12,2.21,3.1,3.1,3.89,4.42,7.17,8.32,9.12,9.29,9.12,9.12,9.03,7.26,3.81,2.12,2.39,3.98,6.99,8.76,8.5,8.23,8.14,8.58,8.67,8.32,8.23,8.94,9.38,9.73,9.73,9.65,9.65,9.47,9.2,9.12,8.94,8.32,7.88,6.99,6.73,7.08,6.99,7.43,6.55,6.55,8.32,9.29,9.56,9.03,5.04,2.48,1.42,4.07,8.14,9.12,8.76,7.88,7.35,7.61,7.61,7.88,7.52,6.02,3.54,3.89,6.19,8.67,9.38,9.56,9.65,9.73,9.03,7.88,7.35,8.41,9.2,9.47,9.56,9.29,9.12,8.76,8.58,8.41,8.76,9.03,9.38,9.73,9.91,9.82,9.56,9.65,9.47,9.38,9.12,9.03,9.29,9.38,9.29,9.29,9.29,9.38,9.73,9.82
126471,"Upper Grand Lagoon","Neighborhood","FL",818,"Panama City",394960,6.67,6.67,6.67,6.67,3.33,6.67,6.67,6.67,6.67,3.33,3.33,6.67,10,10,10,6.67,3.33,3.33,6.67,6.67,10,10,10,10,10,10,6.67,6.67,6.67,6.67,3.33,6.67,6.67,10,10,6.67,6.67,3.33,3.33,3.33,3.33,3.33,3.33,6.67,3.33,3.33,3.33,3.33,6.67,3.33,3.33,3.33,3.33,3.33,6.67,6.67,6.67,10,10,10,6.67,3.33,6.67,6.67,6.67,6.67,3.33,3.33,3.33,3.33,6.67,6.67,6.67,6.67,3.33,3.33,6.67,6.67,6.67,10,10,10,10,6.67,10,10,10,10,10,6.67,6.67,3.33,3.33,3.33,3.33,3.33,3.33,3.33,3.33,3.33,6.67,6.67,3.33,3.33,3.33,6.67
5012,"Guilford College","Neighborhood","NC",819,"Greensboro-High Point",394648,10,10,10,10,10,10,10,10,10,10,10,10,10,10,10,10,10,10,10,10,10,10,10,10,10,10,10,10,10,10,10,10,10,10,10,10,10,10,10,10,10,10,10,10,10,10,10,10,10,10,10,10,10,10,10,10,10,10,10,10,10,10,10,10,10,10,10,10,10,10,10,10,10,10,10,10,10,10,10,10,10,10,10,10,10,10,10,10,10,10,10,10,10,10,10,10,10,10,10,10,10,10,10,10,10,10
42226,"Lansingburgh","Neighborhood","NY",820,"Albany-Schenectady-Troy",394308,4,4,4,4,4,4,4,4,4,4,4,4,4,4,4,4,4,4,4,4,2,2,2,2,2,2,2,2,2,2,2,2,6,8,8,6,6,2,6,2,2,2,2,2,4,6,8,6,8,8,10,10,10,6,6,4,2,2,2,2,2,2,4,10,8,6,4,2,4,4,6,6,6,6,8,4,6,8,8,8,8,6,6,4,4,4,6,6,8,8,8,6,4,4,4,6,8,4,8,2,2,4,4,4,4,4
275284,"San Carlos","Neighborhood","CA",821,"San Diego-Carlsbad",395056,8.97,5.86,2.76,1.38,0.34,1.03,4.48,8.97,9.31,5.52,2.07,1.72,1.38,2.76,4.83,5.17,7.24,7.59,7.93,7.59,8.62,7.24,6.55,7.93,8.62,9.31,7.93,5.52,4.48,5.17,7.93,9.66,9.31,5.86,4.14,3.1,2.76,2.76,3.45,6.9,8.28,9.66,9.66,7.93,6.55,3.1,2.41,2.76,3.1,3.1,2.41,2.76,2.41,2.41,3.1,6.9,8.28,9.66,9.66,8.97,9.31,9.31,9.66,8.97,8.97,8.28,10,10,9.66,10,10,10,9.66,8.62,6.21,4.14,4.14,5.86,7.93,8.28,8.62,9.66,10,9.31,8.28,7.93,7.59,6.55,6.21,6.9,8.97,9.31,9.66,8.28,4.14,4.14,4.48,5.86,4.83,5.17,5.52,8.62,9.66,10,8.97,7.59
118887,"West Los Angeles","Neighborhood","CA",822,"Los Angeles-Long Beach-Anaheim",753899,1.4,9.19,9.07,8.49,8.14,9.07,9.65,9.65,9.53,9.77,9.88,9.88,9.3,6.28,4.53,6.05,7.09,6.86,5.47,4.3,4.88,5.7,6.74,5.47,6.51,7.67,9.77,9.77,9.77,8.6,8.14,5,5,4.3,6.63,6.86,8.6,7.67,9.19,9.53,9.88,8.95,5.47,3.6,5.93,8.95,8.84,5.81,3.37,2.67,2.21,2.67,6.51,9.42,9.77,10,9.88,10,9.88,9.77,8.84,7.91,7.33,6.16,6.28,6.05,6.74,6.74,5.7,4.88,6.51,8.14,7.79,6.98,7.09,8.6,9.07,8.6,7.79,7.09,7.33,7.67,7.21,7.56,9.42,9.42,9.77,9.42,7.56,6.51,6.05,9.3,9.07,9.07,8.6,9.07,9.42,9.42,8.72,8.6,8.02,10,10,9.88,9.65,9.53
403283,"Belmont Heights","Neighborhood","IL",823,"Chicago-Naperville-Elgin",394463,3.89,5.28,5.83,5.42,4.17,3.47,3.33,3.89,4.03,3.47,2.36,2.22,3.06,5.69,6.81,6.94,6.94,3.75,0.97,1.11,2.08,6.94,8.19,8.75,8.61,8.33,7.64,6.53,6.25,5.97,5.83,4.03,3.75,2.92,5.69,6.25,8.19,8.75,7.08,3.89,1.94,2.78,5.83,8.75,8.75,7.36,3.47,3.61,3.89,4.86,3.61,1.39,0.83,0.42,2.36,5.69,8.47,7.36,4.86,2.78,2.22,5.42,6.94,8.61,5.42,1.81,1.11,1.94,4.72,6.67,6.25,2.64,2.08,2.36,3.06,3.61,3.61,5.83,6.67,7.92,6.39,5,3.89,4.17,2.64,3.75,2.78,3.06,2.78,5.28,8.19,8.06,5.69,2.5,2.78,3.75,3.33,3.06,1.81,2.08,4.17,5.42,9.17,6.94,7.5,6.94
273885,"Greater Wythe","Neighborhood","VA",824,"Virginia Beach-Norfolk-Newport News",395194,9.57,5.65,3.26,5.43,7.83,9.13,7.17,3.26,1.96,1.96,4.78,6.3,8.91,7.61,4.35,1.74,1.74,1.74,1.74,1.96,1.96,1.3,1.74,2.17,2.61,4.35,5.87,7.39,8.04,8.91,6.52,2.39,1.52,1.52,1.74,2.61,2.61,3.04,2.83,2.83,0.87,0.87,0.43,0.43,1.09,3.48,2.83,2.39,2.17,2.39,3.91,6.09,4.57,4.35,3.04,2.83,2.83,1.3,1.74,1.74,2.61,2.39,3.7,3.48,3.7,2.39,2.39,1.74,2.39,1.96,1.96,2.17,1.96,0.87,0.43,0.87,1.74,2.61,2.61,1.74,1.3,1.09,1.74,1.74,2.39,2.61,3.91,3.7,2.83,2.39,3.04,2.83,3.91,3.7,4.35,5.43,6.74,7.39,7.61,5.43,5,3.7,4.57,4.78,4.57,4.57
13179,"Panther Creek","Neighborhood","TX",827,"Houston-The Woodlands-Sugar Land",394692,8.1,8.1,8.57,8.57,8.81,8.81,9.29,9.29,9.29,9.05,8.33,6.9,6.67,8.1,8.57,9.29,8.57,9.29,9.29,9.52,9.52,9.05,9.29,7.62,8.33,9.05,9.76,9.52,7.86,5.24,6.43,6.67,9.29,9.05,9.29,8.57,9.05,6.9,7.62,7.86,8.1,7.62,5.48,3.81,4.52,4.52,5.48,4.29,2.62,3.1,3.57,3.81,5.71,8.57,9.29,7.86,6.9,5.24,5.24,4.52,4.29,4.52,5.48,6.9,7.38,7.38,6.9,6.19,5,5.48,6.19,4.52,4.29,2.86,4.29,7.38,7.62,6.67,3.57,2.86,2.62,4.05,4.52,6.9,6.43,6.43,6.67,8.33,9.29,8.81,6.9,5,6.43,7.86,7.86,7.62,7.38,8.33,6.43,6.9,6.43,8.1,8.57,8.57,7.86,7.62
189015,"Greentree","Neighborhood","NJ",828,"Philadelphia-Camden-Wilmington",394974,4.19,5.16,6.77,6.94,7.58,7.74,8.39,8.55,8.87,7.58,5.65,3.23,3.71,4.03,5.16,5.65,5.16,4.19,3.55,3.23,2.58,3.06,3.06,5.16,5,3.71,2.42,3.39,3.39,5.16,4.35,4.84,4.03,3.55,2.9,2.26,2.1,2.74,1.94,1.94,2.74,0.48,0.97,2.26,5.97,6.77,6.61,8.55,7.9,5.48,2.42,2.58,1.61,2.58,3.39,5.48,4.35,4.68,2.26,1.77,0.16,0.65,0.81,1.94,0.32,0.16,0.65,1.45,4.68,1.61,0.65,0.32,0.32,0.32,0.81,1.13,1.94,3.23,4.19,3.39,1.94,1.45,1.45,1.13,0.97,0.32,0.16,0.16,0.16,0.32,1.13,2.26,2.1,1.61,1.45,0.97,0.81,0.48,0.97,1.77,2.74,3.71,2.58,2.9,2.42,2.42
113749,"Beverly Crest","Neighborhood","CA",829,"Los Angeles-Long Beach-Anaheim",753899,0.7,1.16,3.72,4.88,5.81,5.12,3.49,0.7,0.47,0.12,1.98,6.16,8.72,7.91,3.6,2.33,2.09,1.86,1.74,1.28,1.63,2.67,1.51,0.93,0.47,0.47,1.16,2.21,2.91,2.56,1.86,0.81,0.47,0.58,1.16,1.51,2.09,1.63,1.98,2.21,2.79,1.28,1.05,0.81,0.93,0.23,0.12,0.12,0.12,0.12,0.12,0.12,0.12,0.12,0.35,0.12,0.12,0.12,0.93,1.51,1.4,1.51,1.4,1.63,1.28,1.16,1.16,1.28,1.4,0.58,0.35,0.35,0.35,0.35,0.58,1.05,1.05,0.47,0.35,0.35,0.47,0.58,0.47,0.23,0.35,0.35,0.58,0.58,0.47,0.58,0.7,0.81,0.35,0.35,0.35,0.35,0.35,0.35,0.47,0.81,0.7,0.81,1.05,0.7,0.58,0.58
270185,"Bevo Mill","Neighborhood","MO",831,"St. Louis",395121,5,6.25,5,5,7.5,8.75,10,10,7.5,5,5,6.25,6.25,6.25,7.5,7.5,6.25,5,5,6.25,6.25,6.25,7.5,8.75,10,10,10,8.75,8.75,7.5,7.5,7.5,10,5,3.75,5,6.25,7.5,3.75,5,2.5,3.75,6.25,8.75,8.75,8.75,8.75,8.75,6.25,2.5,3.75,3.75,7.5,7.5,8.75,3.75,3.75,3.75,5,8.75,6.25,2.5,1.25,1.25,1.25,3.75,3.75,6.25,7.5,7.5,5,3.75,5,6.25,6.25,6.25,3.75,3.75,3.75,6.25,6.25,6.25,7.5,6.25,5,2.5,3.75,5,8.75,7.5,7.5,6.25,6.25,6.25,5,5,5,3.75,3.75,3.75,3.75,3.75,3.75,3.75,5,3.75
271684,"Ballston-Virginia Square","Neighborhood","VA",832,"Washington-Arlington-Alexandria",395209,7.69,10,10,10,10,10,10,10,9.23,9.23,10,10,10,10,10,10,6.15,3.85,1.54,6.15,7.69,9.23,8.46,9.23,8.46,8.46,7.69,7.69,10,10,10,8.46,8.46,9.23,9.23,8.46,8.46,8.46,8.46,8.46,8.46,10,10,6.92,6.92,6.15,6.92,6.92,7.69,8.46,9.23,6.92,5.38,4.62,5.38,5.38,6.15,5.38,4.62,4.62,3.85,3.08,3.08,3.08,3.08,3.85,3.85,3.85,3.85,3.08,3.85,3.85,3.85,3.85,3.85,3.08,4.62,4.62,6.92,6.15,6.15,6.92,6.92,6.15,5.38,5.38,5.38,6.92,7.69,6.15,4.62,2.31,4.62,6.15,8.46,7.69,7.69,6.92,5.38,6.92,8.46,9.23,9.23,9.23,9.23,9.23
111854,"Dobson Ranch","Neighborhood","AZ",834,"Phoenix-Mesa-Scottsdale",394976,7,8.33,10,9.67,9.67,8.33,5.67,5.33,7,7,8,8.67,9.33,9.33,9,9.33,8.33,9,9.33,9.33,9,9.67,10,10,10,10,10,9.67,9,8,7.33,6.67,8.67,9.67,9,8.33,7.67,7.67,7.33,8,9.33,10,10,10,9.67,9,9.67,9,8.33,3,2.33,1.33,2.33,4,5.67,6,6.67,6.67,7.33,7.67,8.33,7.67,8,9,9,7.67,6.33,7,7.33,7.67,7.33,8,8.67,9.67,9.67,10,10,10,9.67,9.33,8.67,7.67,7.33,7.33,7.33,8,8.33,8.67,9.33,9.33,9,9.33,9.33,9.33,10,10,10,10,10,10,9.33,10,10,10,9.67,9.33
275613,"Sun City Summerlin","Neighborhood","NV",836,"Las Vegas-Henderson-Paradise",394775,1.84,1.22,0.41,0.2,0.2,3.47,4.49,4.29,3.27,4.9,2.04,1.63,1.43,1.84,1.84,2.24,2.04,2.04,3.27,3.88,7.96,8.37,9.18,8.78,7.14,6.73,6.94,7.35,7.76,9.18,9.18,9.18,8.98,8.16,6.33,3.88,2.45,2.24,1.84,1.43,1.63,1.84,3.06,5.1,6.73,3.67,1.22,0.61,1.22,1.84,1.84,1.43,1.02,0.82,0.82,0.82,1.22,1.22,1.84,4.08,5.1,4.9,5.31,5.71,6.33,7.55,6.12,4.69,5.1,5.31,3.88,2.24,1.84,2.04,2.45,2.65,2.86,5.31,7.35,8.16,7.35,5.1,3.06,2.65,2.65,3.67,3.88,3.88,3.88,3.88,5.31,6.94,7.76,6.94,6.94,8.37,7.96,8.37,6.33,6.53,4.69,5.51,5.71,6.12,5.71,2.86
275040,"Pinnacle Peak","Neighborhood","AZ",840,"Phoenix-Mesa-Scottsdale",394976,1.33,1.33,1.33,2,2.33,3.33,3,1.67,1.67,1,1.33,1.67,1.33,0.67,0.33,0.33,0.33,0.33,0.33,0.33,0.33,0.33,0.33,0.33,0.33,0.33,0.33,0.33,0.33,0.33,0.33,0.33,0.33,0.33,0.33,0.33,0.33,0.33,0.33,0.33,0.67,1.67,2,2.33,2.33,1.67,2,1.33,1.33,0.33,0.33,0.33,0.33,0.33,0.67,0.33,0.33,0.33,0.33,0.33,0.67,0.33,0.33,0.33,0.67,0.67,0.67,0.67,0.67,0.67,0.67,0.67,0.67,0.33,0.67,0.67,0.33,0.33,0.33,0.33,0.33,0.33,0.33,0.33,0.33,0.33,0.33,0.33,0.33,0.33,0.33,0.33,0.33,0.33,0.33,0.33,0.33,0.33,0.33,0.33,0.33,0.33,0.33,0.33,0.33,0.33
764218,"West Bluff","Neighborhood","IL",841,"Peoria",394972,10,10,10,10,10,10,10,10,5,10,10,10,10,10,5,5,5,5,10,10,10,10,10,10,10,5,5,5,5,10,10,10,10,10,10,5,5,5,5,5,5,5,10,10,10,10,10,10,10,10,10,10,10,10,10,10,10,10,10,5,5,5,5,5,5,10,10,10,10,10,5,5,5,5,5,5,5,10,10,10,10,5,5,10,10,5,5,5,5,10,10,10,10,10,10,10,10,5,5,5,5,10,10,5,5,5
753810,"Graduate Hospital","Neighborhood","PA",842,"Philadelphia-Camden-Wilmington",394974,5.48,6.29,7.9,7.58,6.45,4.84,4.03,2.26,1.94,2.1,1.77,1.45,1.94,1.61,0.97,1.45,3.39,6.94,7.9,7.42,6.13,6.77,7.26,8.39,9.19,9.19,9.03,8.55,8.23,8.23,8.39,8.55,9.19,9.19,9.03,9.35,9.52,9.68,10,9.84,10,8.71,8.55,7.9,9.03,8.23,7.9,7.9,8.71,9.03,9.35,8.23,7.58,6.94,7.26,7.9,8.39,9.03,8.71,7.9,7.1,5.81,4.84,5.32,5.65,5.32,5.32,6.29,6.77,6.61,8.39,8.55,8.23,7.58,7.42,9.03,9.84,9.84,9.52,6.13,3.23,3.87,4.19,5.16,5.16,4.35,4.03,3.23,3.06,4.84,7.1,6.94,5.81,4.19,3.55,2.9,2.74,2.9,3.06,4.03,4.35,4.52,3.23,3.06,1.77,1.94
416852,"South Lakes Dr - Soapstone Dr","Neighborhood","VA",843,"Washington-Arlington-Alexandria",395209,6.92,5.38,3.85,3.85,3.08,3.85,3.85,5.38,6.92,6.92,7.69,6.92,6.15,3.85,3.85,5.38,9.23,10,10,8.46,6.92,8.46,10,10,10,10,10,9.23,7.69,6.92,6.92,5.38,4.62,5.38,6.15,4.62,6.15,6.92,6.15,5.38,4.62,3.85,3.85,1.54,1.54,1.54,1.54,0.77,0.77,1.54,3.08,3.08,1.54,0.77,0.77,1.54,1.54,1.54,1.54,1.54,1.54,1.54,1.54,1.54,0.77,1.54,1.54,1.54,2.31,3.85,3.08,3.08,3.08,4.62,6.92,6.92,6.92,7.69,5.38,5.38,3.08,3.08,3.08,3.08,3.85,2.31,2.31,2.31,3.08,4.62,7.69,8.46,7.69,6.92,6.92,8.46,8.46,8.46,9.23,9.23,9.23,8.46,8.46,6.92,6.15,5.38
274716,"North Hill","Neighborhood","WA",844,"Spokane-Spokane Valley",395113,10,10,8.75,8.75,7.5,7.5,7.5,7.5,7.5,6.25,7.5,7.5,8.75,8.75,5,3.75,2.5,3.75,5,5,3.75,3.75,3.75,5,8.75,7.5,10,8.75,10,7.5,8.75,5,6.25,6.25,5,7.5,8.75,10,10,10,10,8.75,7.5,7.5,3.75,5,3.75,6.25,5,5,5,8.75,10,10,10,10,8.75,8.75,7.5,7.5,7.5,7.5,6.25,5,2.5,5,5,7.5,8.75,8.75,8.75,8.75,6.25,7.5,7.5,7.5,7.5,10,10,8.75,6.25,6.25,6.25,8.75,6.25,3.75,3.75,2.5,8.75,10,10,10,10,10,8.75,7.5,7.5,10,10,10,10,10,8.75,7.5,6.25,7.5
274726,"North King St","Neighborhood","VA",846,"Virginia Beach-Norfolk-Newport News",395194,3.91,4.35,7.17,8.7,4.35,4.13,2.83,1.74,0.87,0.87,1.3,4.78,4.35,3.04,3.7,2.39,1.96,2.17,3.04,4.35,5.87,6.3,6.74,7.17,7.83,7.83,4.13,4.35,3.91,5.87,2.83,1.74,3.48,4.35,4.13,2.39,1.74,1.3,1.09,1.52,1.52,1.3,2.39,1.74,2.17,0.65,1.74,3.7,5.65,4.35,3.26,2.17,3.48,6.52,8.7,6.74,3.7,1.52,0.87,0.22,0.22,0.43,0.65,1.74,2.17,3.26,2.83,3.48,3.91,6.52,7.61,8.04,5.65,2.83,1.09,0.65,1.52,1.74,3.7,3.26,4.13,4.35,4.57,3.04,2.83,3.04,2.61,2.83,3.04,2.61,3.48,3.91,7.17,6.74,8.48,4.78,3.04,2.39,1.52,3.48,5.43,7.17,8.04,7.61,7.83,8.26
753784,"Galludet","Neighborhood","IN",847,"Indianapolis-Carmel-Anderson",394705,7.14,7.14,7.14,7.14,7.14,7.14,7.14,7.14,7.14,7.14,7.14,7.14,7.14,7.14,7.14,7.14,7.14,7.14,7.14,7.14,7.14,7.86,7.86,7.86,7.86,7.86,7.86,7.86,8.57,7.86,7.86,7.14,7.14,7.86,7.14,7.14,5.71,5,5,7.86,7.14,5.71,5.71,5,5,5,6.43,7.14,9.29,9.29,10,10,10,10,7.86,7.86,9.29,9.29,7.86,7.14,7.86,7.86,6.43,4.29,3.57,7.86,8.57,9.29,4.29,6.43,7.86,8.57,3.57,1.43,1.43,7.14,8.57,7.86,7.86,8.57,8.57,7.14,6.43,5.71,1.43,1.43,0.71,0.71,1.43,2.86,3.57,5.71,5,3.57,3.57,5,4.29,4.29,2.86,3.57,2.86,2.86,2.86,3.57,4.29,4.29
271082,"Downtown","Neighborhood","OR",849,"Portland-Vancouver-Hillsboro",394998,6,7,5.5,1.5,2,5,9.5,8.5,4.5,2,1,1,1,1,2,2.5,2,2,1.5,6,8.5,8.5,7.5,1,0.5,0.5,0.5,0.5,0.5,1.5,3.5,5,7,7.5,6,5.5,6.5,7,8.5,8.5,7.5,7,6.5,6,4,5.5,6.5,9,8.5,8,8,9,9.5,9.5,9,7.5,7,6.5,7.5,7.5,7,7,5.5,6.5,5,5.5,4,2.5,4,5.5,6,4,3,2.5,3.5,3.5,2.5,2,2,3,6,5,4.5,4,5,3.5,3,2.5,2,2,2,2,3,2.5,2.5,1.5,2,2,1,1,1,1,1,1,1,0.5
273452,"Del Rio","Neighborhood","FL",850,"Jacksonville",394714,9,7.33,5.67,2.67,2,2.33,3.33,6,7.33,9,8.67,6.33,5.33,6.33,8.33,8.67,4,3,2,5,7.67,8.33,7.67,7.33,7.67,6.67,5.67,4.67,4.33,4.67,6.67,5.33,4.67,3.33,3.67,5.67,6.67,7.33,8.33,8.67,8.67,7.33,7.67,7.33,6.33,7.33,7,7.33,8.33,8.33,8.67,8.33,8,8,8.33,9,9,9,8.33,7.67,7.33,7.33,7,6,6.67,8.67,8.33,7.67,6.67,7,7,6.67,7.33,8.33,8.33,8.67,9.33,9.33,10,8.67,8,6.33,6,7,8,8.67,7.33,6.67,7,6.67,6.67,6.67,7.33,6.33,6,5.67,6.67,6.67,6.67,5.67,4.67,3.33,4.33,4.67,4.33,3.67
275787,"Twin Lakes","Neighborhood","NV",852,"Las Vegas-Henderson-Paradise",394775,7.96,5.92,5.92,6.53,8.98,9.39,8.98,7.55,7.35,7.96,9.18,9.18,8.37,6.73,4.49,4.29,5.92,7.35,9.18,9.8,9.8,9.8,9.8,9.8,9.59,8.78,5.92,4.49,4.9,5.31,5.1,3.88,2.65,1.02,0.82,0.82,0.41,0.41,0.41,0.41,0.82,0.61,1.02,1.63,3.67,4.49,3.06,2.24,2.65,4.69,5.92,1.63,0.61,0.41,0.61,2.04,6.53,2.65,0.61,0.2,0.41,0.82,1.43,1.84,2.04,2.04,2.65,5.51,7.96,9.18,9.8,10,8.16,3.27,2.04,3.47,5.51,6.94,7.14,8.98,9.8,10,10,10,7.35,3.47,1.63,1.22,1.22,1.22,1.22,3.06,6.94,8.78,8.98,7.96,4.49,3.27,2.45,2.45,2.65,2.24,1.63,2.24,4.29,9.18
764317,"Las Colinas","Neighborhood","TX",853,"Dallas-Fort Worth-Arlington",394514,8.06,7.74,8.39,8.39,8.39,8.06,8.39,9.03,9.35,9.35,9.03,8.71,8.06,7.42,7.74,7.74,6.77,5.48,4.52,5.48,6.13,6.13,5.48,5.16,5.81,6.13,5.48,4.19,3.23,2.58,1.61,1.29,0.97,1.94,3.23,4.19,5.16,4.84,4.84,5.48,6.45,7.74,6.13,5.16,3.87,4.19,3.23,2.58,2.58,3.87,4.84,4.84,0.97,0.97,0.65,1.94,5.48,8.39,9.03,5.48,4.19,3.23,4.52,4.52,5.48,6.13,7.42,6.13,3.55,2.58,2.26,2.26,2.26,1.61,0.32,0.32,0.32,0.32,1.94,2.9,5.48,4.84,4.52,2.9,2.26,2.58,2.58,2.9,0.97,0.97,0.65,0.97,3.23,5.81,6.45,7.42,8.06,6.45,2.58,0.97,0.32,0.32,0.97,2.26,4.52,7.1
42714,"Martinsville","Neighborhood","NJ",854,"New York-Newark-Jersey City",394913,6.37,4.16,4.07,5.58,7.88,9.03,9.12,8.05,8.05,8.05,9.03,8.58,7.17,6.9,7.96,9.2,9.65,9.73,9.2,7.26,5.4,6.9,8.41,9.03,9.03,8.14,6.64,4.16,5.31,6.37,7.88,8.32,8.67,8.85,8.32,8.67,9.29,9.73,9.82,9.82,9.38,8.85,8.58,9.03,9.12,8.58,7.52,7.26,8.05,9.03,9.65,9.73,9.03,6.64,4.34,4.6,4.34,4.6,4.51,6.55,8.5,9.03,8.76,7.96,7.96,8.76,9.12,9.38,9.12,8.94,8.32,8.32,8.41,8.32,8.05,7.7,7.96,8.32,8.85,8.58,8.32,7.96,7.43,7.61,7.88,8.58,9.12,9.12,9.12,9.03,8.23,6.02,3.63,3.19,4.96,6.64,6.37,5.49,4.51,5.49,7.43,9.2,9.56,9.56,9.65,9.47
417579,"Power Ranch","Neighborhood","AZ",855,"Phoenix-Mesa-Scottsdale",394976,3.67,2.67,3.67,2.67,3.33,3.67,7.33,9,9.33,8.67,6,6.67,6.67,6,4.33,4.33,2,0.67,0.67,1.33,3.67,3,5.67,6.33,6.67,4.33,3.33,3.33,4.33,6,8.33,7.67,7.67,7.33,8.67,8,8,8.67,8.67,5.33,3.33,3.67,3.33,3.67,3.67,4.67,4,3,3,5.67,9,9.33,9,7.67,7,8,8.33,7.33,6.67,6.67,7.33,8,8.33,8,6.67,6.33,7.67,9.67,9.33,9.33,9.67,9.67,9,7.67,7.67,8,7.67,8.67,9,8.33,8.33,8,8,8,9.33,9.67,10,9.67,9.67,9.67,9.33,8.33,7,6.67,6.67,8.33,7.67,9.33,9,8.67,7,8,9.67,9.67,10,9.67
231786,"Calallen","Neighborhood","TX",856,"Corpus Christi",394502,1.43,1.43,1.43,1.43,1.43,1.43,1.43,2.86,5.71,8.57,7.14,4.29,5.71,4.29,5.71,8.57,8.57,7.14,5.71,4.29,1.43,1.43,2.86,4.29,4.29,1.43,1.43,1.43,1.43,1.43,2.86,2.86,8.57,8.57,8.57,7.14,7.14,4.29,5.71,8.57,8.57,8.57,5.71,5.71,10,10,10,8.57,7.14,7.14,4.29,2.86,4.29,7.14,10,10,7.14,4.29,4.29,7.14,5.71,5.71,2.86,4.29,5.71,7.14,8.57,10,10,8.57,7.14,2.86,2.86,2.86,7.14,7.14,2.86,2.86,1.43,1.43,5.71,2.86,2.86,5.71,7.14,10,10,10,10,10,5.71,2.86,2.86,5.71,10,8.57,8.57,10,10,8.57,4.29,2.86,2.86,2.86,2.86,5.71
275659,"Taku-Campbell","Neighborhood","AK",857,"Anchorage",394327,7.5,8.33,8.33,9.17,9.17,9.17,8.33,9.17,9.17,9.17,7.5,7.5,8.33,9.17,10,10,8.33,8.33,8.33,8.33,7.5,5.83,5.83,5,5.83,6.67,6.67,6.67,7.5,7.5,6.67,6.67,6.67,6.67,6.67,8.33,7.5,6.67,6.67,9.17,7.5,6.67,5.83,5,4.17,5.83,6.67,7.5,8.33,6.67,5,5.83,5.83,4.17,4.17,5.83,8.33,9.17,10,10,10,10,10,9.17,8.33,9.17,9.17,10,10,10,9.17,9.17,10,9.17,8.33,9.17,9.17,9.17,7.5,5.83,5.83,6.67,5,4.17,3.33,3.33,5,5,6.67,5.83,5.83,5,5,4.17,5,5,5,7.5,8.33,8.33,6.67,4.17,5,5.83,5,5
275509,"Southwyck","Neighborhood","OH",858,"Toledo",395160,5.83,5,4.17,5,5,4.17,2.5,1.67,1.67,2.5,3.33,5,4.17,2.5,4.17,5.83,8.33,6.67,5.83,3.33,2.5,3.33,2.5,3.33,1.67,3.33,3.33,5,5,4.17,5,6.67,6.67,7.5,3.33,1.67,1.67,2.5,4.17,5,5,5,6.67,7.5,6.67,5.83,6.67,6.67,7.5,3.33,1.67,0.83,2.5,3.33,3.33,3.33,5,5,5.83,7.5,9.17,9.17,9.17,9.17,10,10,8.33,8.33,6.67,6.67,2.5,1.67,2.5,5,3.33,0.83,0.83,0.83,0.83,1.67,1.67,0.83,0.83,1.67,2.5,6.67,6.67,5,7.5,9.17,10,10,9.17,6.67,7.5,9.17,10,9.17,10,10,10,9.17,8.33,5.83,3.33,4.17
7930,"Wicker Park","Neighborhood","IL",860,"Chicago-Naperville-Elgin",394463,0.97,1.25,1.67,3.33,2.78,1.39,0.28,0.14,0.56,1.81,3.61,3.75,5.69,4.44,3.89,2.36,1.25,0.56,1.25,3.06,5.14,5.42,4.86,6.94,7.64,7.5,5.69,5.28,5.42,8.19,9.44,10,10,9.58,9.03,8.19,7.22,8.61,8.61,8.19,6.11,6.39,7.5,8.06,8.47,7.5,7.22,7.64,8.19,6.11,6.25,7.22,9.03,9.17,9.17,9.17,9.03,9.03,9.44,9.58,9.72,9.44,9.31,9.03,8.89,8.47,8.75,8.47,8.47,8.75,8.61,7.92,6.94,8.33,9.17,9.58,9.72,9.58,9.58,8.61,7.08,7.22,7.36,7.64,7.36,6.81,6.39,6.81,5.97,4.86,3.75,3.33,4.31,5.42,5.83,4.72,3.19,2.92,2.22,3.06,2.5,5.14,5.97,8.61,8.47,7.5
273486,"Downtown","Neighborhood","CA",861,"Los Angeles-Long Beach-Anaheim",753899,2.91,6.4,8.02,7.56,6.98,4.65,5.12,3.95,3.37,3.6,2.67,3.6,1.98,0.58,0.23,0.47,0.47,0.7,0.93,1.63,2.56,4.3,2.56,1.74,1.63,3.14,5.81,3.26,2.44,2.79,6.63,8.49,8.26,7.91,7.56,7.79,8.14,8.14,5.35,3.49,2.67,6.28,7.44,8.37,7.79,6.05,5,4.65,2.67,1.86,1.51,3.6,6.4,9.3,9.42,8.26,5.7,6.28,8.37,9.07,8.02,7.44,5.7,3.84,2.09,0.93,0.58,0.81,2.67,4.65,5.23,3.72,2.56,1.16,0.93,0.81,0.58,2.21,4.65,8.6,8.14,8.14,8.37,8.72,9.77,9.88,9.88,9.53,8.6,7.21,5.35,4.19,5.23,4.07,6.4,6.86,6.16,3.14,3.02,4.07,4.19,5.7,8.26,9.19,7.91,4.3
403288,"Old Irving Park","Neighborhood","IL",862,"Chicago-Naperville-Elgin",394463,1.11,1.39,1.39,1.53,1.67,1.67,1.39,0.83,1.11,0.56,0.56,0.83,0.97,0.83,0.97,0.69,0.69,1.25,2.92,2.22,1.11,0.28,0.69,1.39,2.36,1.53,1.81,5.14,5.83,5.14,2.22,3.33,5.56,8.19,8.75,5.97,4.44,1.39,1.94,1.94,3.61,4.58,5.97,4.72,5.42,2.5,1.81,1.67,2.5,5.69,8.33,8.47,8.06,5.28,5.42,4.58,6.11,6.53,7.08,5.83,5,4.03,2.5,1.81,0.97,1.25,1.39,0.97,1.25,2.5,3.61,6.94,7.64,8.75,8.75,9.17,9.17,8.89,8.33,6.39,4.31,4.17,3.33,2.64,2.92,2.78,2.92,3.33,5.28,6.39,6.94,5.56,3.61,3.47,5,5.83,6.25,7.22,8.06,8.33,6.94,7.5,7.64,7.78,6.81,6.67
269593,"The Loop","Neighborhood","IL",863,"Chicago-Naperville-Elgin",394463,8.47,8.19,8.89,8.47,8.47,8.06,8.47,8.61,9.17,9.31,9.03,7.5,6.11,6.25,6.11,6.39,6.11,6.81,5.97,5.97,5.56,5.69,7.36,8.47,9.86,9.72,9.72,9.44,9.72,9.72,10,9.86,9.86,10,9.72,8.75,5.97,5.69,6.25,7.22,7.78,5.97,4.03,3.06,2.64,2.92,4.17,6.39,7.64,7.08,5.83,4.03,3.75,4.03,5.97,5.97,6.81,5.28,5.14,4.58,4.72,5.56,5.97,8.19,8.61,8.61,7.08,5.42,3.47,3.89,3.75,4.72,4.86,5,5,4.17,4.17,4.03,4.86,4.72,4.17,3.75,3.75,3.61,3.61,2.92,3.06,3.19,3.61,4.03,3.33,1.81,0.97,0.83,0.83,1.39,1.11,1.53,2.78,5,5.56,3.75,2.22,2.36,2.92,4.03
247895,"Thalia","Neighborhood","VA",864,"Virginia Beach-Norfolk-Newport News",395194,8.48,7.17,3.48,2.17,1.74,1.74,2.17,2.17,2.61,2.39,3.26,3.91,3.26,5.87,8.26,10,10,10,10,10,9.35,6.74,6.96,8.91,9.57,7.61,4.78,3.04,4.13,6.3,9.13,9.35,10,10,10,10,9.57,8.04,6.09,4.35,4.13,5.87,7.83,8.7,9.13,8.7,6.52,8.48,9.57,10,9.35,7.83,7.61,9.13,9.78,9.57,9.57,9.57,10,10,10,10,10,9.35,7.83,9.13,9.57,10,9.13,7.39,6.52,6.96,7.83,8.04,7.61,5.87,3.7,4.35,5.65,8.48,9.35,9.13,8.48,6.09,4.13,4.13,3.04,3.26,5.22,9.57,10,9.57,9.35,9.57,9.35,9.35,7.83,6.09,4.35,4.57,4.35,6.3,6.52,8.7,9.57,10
342766,"Aurora Highlands","Neighborhood","CO",866,"Denver-Aurora-Lakewood",394530,4.62,3.85,3.46,3.46,3.46,2.69,2.69,1.92,2.69,5.38,6.15,6.92,6.15,6.92,5.77,5.77,6.15,8.46,8.85,9.23,9.23,9.23,7.69,8.08,8.85,9.62,8.85,7.31,8.08,8.46,9.62,8.08,7.31,7.69,6.15,5,5.38,8.85,9.23,8.46,7.31,8.08,8.46,10,10,10,9.62,9.62,9.62,10,10,10,10,10,8.46,8.85,9.23,9.62,9.62,9.62,9.23,9.23,8.85,9.23,9.23,9.23,9.23,8.46,8.46,9.23,9.23,9.62,9.62,9.62,9.62,9.62,9.62,9.23,9.23,8.85,8.85,8.85,9.23,9.23,9.23,9.23,9.62,9.62,9.62,8.85,8.46,10,10,10,10,9.23,8.85,8.85,9.23,8.85,9.23,9.23,8.85,8.46,8.08,8.85
269483,"Drake","Neighborhood","IA",867,"Des Moines-West Des Moines",394531,10,10,9,10,10,10,10,9,9,9,10,8,7,7,8,8,8,8,5,7,6,5,7,5,4,4,5,3,5,4,5,5,5,7,8,6,6,3,3,4,4,4,5,7,5,4,4,5,4,5,5,6,7,7,7,3,3,2,2,2,1,1,1,2,4,5,4,2,1,1,2,2,3,3,4,5,5,4,4,4,3,1,3,5,6,7,8,8,8,8,7,8,6,6,6,7,8,8,8,8,9,10,9,9,8,7
422852,"Park Glen","Neighborhood","TX",868,"Dallas-Fort Worth-Arlington",394514,2.26,2.26,2.58,3.23,4.52,3.87,3.87,3.23,4.84,4.52,6.45,7.1,7.42,5.16,3.23,2.9,2.9,3.55,3.23,2.26,1.94,2.58,3.55,4.52,4.52,5.48,6.13,4.52,3.87,5.48,9.35,10,9.68,8.39,6.13,7.1,7.42,9.03,9.68,9.35,8.06,6.13,6.77,7.74,9.35,9.68,9.68,10,9.03,9.35,9.68,10,10,10,10,10,9.68,9.68,9.68,9.68,9.68,10,9.68,9.03,9.68,9.68,9.35,9.03,8.71,9.35,9.68,9.68,9.35,9.68,9.68,10,10,10,9.35,8.71,8.71,8.39,8.39,8.39,7.74,8.06,8.06,8.06,7.74,7.74,7.1,6.45,5.16,4.84,3.23,2.58,3.55,4.84,6.45,7.74,7.74,6.77,6.13,6.13,7.1,7.42
269397,"Old Fourth Ward","Neighborhood","GA",869,"Atlanta-Sandy Springs-Roswell",394347,2.11,2.11,1.58,1.58,1.58,1.58,1.58,1.05,1.05,2.11,2.11,1.58,6.84,8.95,10,8.95,7.89,8.42,7.37,6.32,4.21,2.63,4.74,5.79,5.79,5.26,6.84,6.32,5.26,5.26,3.68,6.32,6.32,7.89,9.47,10,10,7.89,5.79,7.89,7.89,8.42,6.84,5.26,5.79,7.37,9.47,10,10,10,9.47,7.89,5.79,5.26,6.32,5.79,5.79,5.79,5.79,7.89,8.42,8.95,8.95,9.47,9.47,9.47,8.95,8.95,8.95,8.42,7.37,6.84,5.79,6.84,5.26,4.74,4.21,5.79,7.37,6.84,6.84,6.32,7.37,6.84,5.79,5.79,7.37,9.47,10,10,10,10,8.95,9.47,9.47,9.47,10,10,7.89,6.84,5.79,6.32,6.32,7.37,7.89,7.37
270034,"Morningside","Neighborhood","MI",870,"Detroit-Warren-Dearborn",394532,6,2,4,6,6,2,2,8,8,6,6,8,8,8,8,8,10,10,8,6,4,4,4,2,2,2,2,4,6,8,10,8,8,6,6,6,6,4,2,4,6,6,6,4,6,4,8,10,10,10,8,4,4,6,8,4,2,2,4,2,2,2,2,2,2,2,2,2,2,2,4,4,6,10,6,2,2,2,2,6,2,6,6,10,10,10,8,4,4,4,4,4,2,4,4,4,4,6,6,4,4,2,4,8,8,8
623403,"North Central","Neighborhood","FL",871,"Miami-Fort Lauderdale-West Palm Beach",394856,8.21,8.36,9.55,8.96,8.66,7.61,8.81,9.7,9.25,9.7,9.25,9.4,9.1,8.36,8.96,8.96,9.7,10,9.85,9.1,7.91,6.12,5.67,4.78,3.58,4.48,4.18,5.97,5.37,6.27,5.37,5.52,4.93,5.22,5.97,6.57,7.01,6.57,5.67,6.57,6.57,7.61,7.46,8.21,7.91,8.36,8.66,9.1,8.96,8.96,8.66,9.1,9.4,8.96,8.51,8.66,8.81,7.61,7.46,8.21,9.4,9.7,8.81,8.06,7.01,7.61,7.46,7.76,7.46,7.46,7.01,8.06,9.1,9.4,9.4,9.4,9.55,9.85,9.55,9.4,9.1,8.96,8.81,9.1,9.25,8.96,8.81,8.81,8.51,8.66,8.06,8.06,7.01,7.46,8.06,8.51,9.25,8.21,6.57,6.57,7.01,6.72,5.67,5.22,5.97,6.57
121729,"Georgetown","Neighborhood","DC",872,"Washington-Arlington-Alexandria",395209,1.54,2.31,2.31,4.62,5.38,4.62,2.31,0.77,0.77,0.77,0.77,1.54,0.77,0.77,0.77,0.77,0.77,0.77,0.77,0.77,1.54,2.31,2.31,2.31,0.77,0.77,1.54,3.08,3.08,3.85,3.85,3.08,0.77,0.77,0.77,0.77,0.77,1.54,1.54,2.31,1.54,2.31,1.54,2.31,0.77,0.77,0.77,2.31,3.08,3.08,2.31,1.54,2.31,3.08,3.85,3.08,3.08,2.31,2.31,2.31,2.31,2.31,2.31,2.31,2.31,2.31,2.31,2.31,1.54,2.31,2.31,1.54,1.54,1.54,2.31,2.31,2.31,2.31,1.54,1.54,1.54,1.54,1.54,2.31,1.54,1.54,1.54,1.54,1.54,1.54,1.54,1.54,1.54,1.54,0.77,2.31,3.08,3.08,1.54,0.77,0.77,0.77,0.77,1.54,1.54,1.54
126149,"Shenandoah","Neighborhood","FL",873,"Miami-Fort Lauderdale-West Palm Beach",394856,1.49,1.49,1.49,1.49,2.54,2.99,4.03,4.18,5.37,5.67,4.78,4.63,4.33,3.28,2.84,1.49,1.04,1.34,4.03,7.01,6.87,7.16,7.01,7.16,7.91,8.81,9.85,10,9.85,9.25,9.1,8.36,7.91,7.76,5.37,5.07,4.63,6.12,6.87,7.91,7.91,8.36,6.57,5.82,5.82,5.07,5.22,5.97,6.27,4.93,3.58,2.84,3.73,3.58,4.63,6.57,8.21,8.66,7.76,5.97,4.18,3.28,2.99,3.88,5.07,7.76,8.36,9.55,8.96,8.36,8.51,8.66,8.36,8.36,7.91,7.46,7.61,6.72,3.43,2.24,2.39,4.48,6.12,6.72,5.52,4.63,3.88,4.48,6.27,7.61,7.91,6.12,3.88,3.13,4.48,5.97,7.31,8.51,9.55,10,9.85,9.1,7.16,6.42,6.72,6.42
274397,"Magruder Area","Neighborhood","VA",874,"Virginia Beach-Norfolk-Newport News",395194,0.65,0.65,0.87,0.65,0.87,0.65,0.87,0.87,1.3,2.17,3.91,5.87,4.13,3.48,3.91,3.7,2.39,2.61,1.96,2.17,1.52,1.09,0.43,1.09,2.39,2.61,2.17,1.96,1.3,1.52,1.74,1.52,2.83,1.74,0.65,0.65,0.87,3.26,3.7,5.43,6.74,8.26,8.7,8.91,8.91,9.13,8.7,8.7,6.3,2.17,0.87,0.87,0.87,0.43,0.87,1.3,1.09,1.74,1.96,3.26,3.48,5.43,8.04,10,8.91,6.3,4.57,5.65,7.83,9.35,9.78,9.78,8.91,8.7,6.74,2.61,1.3,0.43,1.09,1.96,5,6.09,6.74,5.65,6.52,5.43,6.52,4.78,3.48,2.17,3.26,5,2.61,2.83,1.74,3.7,4.78,8.04,3.91,2.83,1.96,3.91,5.65,8.48,9.13,9.35
273490,"Downtown","Neighborhood","HI",875,"Urban Honolulu",753924,0.91,0.91,0.91,0.91,0.91,0.91,0.91,0.91,0.91,1.82,0.91,1.82,4.55,9.09,9.09,5.45,2.73,0.91,3.64,6.36,9.09,8.18,9.09,6.36,5.45,7.27,7.27,5.45,3.64,1.82,1.82,0.91,2.73,3.64,8.18,10,10,9.09,7.27,6.36,1.82,0.91,0.91,3.64,3.64,7.27,8.18,6.36,4.55,3.64,2.73,3.64,1.82,1.82,3.64,9.09,9.09,2.73,0.91,0.91,1.82,1.82,1.82,1.82,0.91,1.82,0.91,0.91,2.73,1.82,1.82,1.82,2.73,4.55,8.18,9.09,9.09,9.09,9.09,9.09,8.18,4.55,2.73,2.73,5.45,8.18,7.27,3.64,1.82,1.82,1.82,2.73,2.73,5.45,5.45,4.55,2.73,2.73,0.91,0.91,0.91,0.91,0.91,3.64,6.36,5.45
126513,"Villas","Neighborhood","FL",877,"Cape Coral-Fort Myers",394440,4.44,6.67,7.78,7.78,7.78,8.89,7.78,5.56,7.78,8.89,10,10,10,6.67,5.56,4.44,4.44,5.56,10,10,10,10,10,10,7.78,7.78,7.78,7.78,7.78,4.44,4.44,7.78,8.89,8.89,8.89,8.89,10,10,10,6.67,7.78,7.78,7.78,10,10,10,8.89,7.78,8.89,8.89,8.89,8.89,8.89,10,10,8.89,8.89,7.78,5.56,5.56,6.67,8.89,7.78,8.89,7.78,7.78,7.78,7.78,7.78,6.67,6.67,5.56,5.56,5.56,5.56,6.67,5.56,7.78,7.78,6.67,5.56,7.78,7.78,6.67,4.44,6.67,6.67,6.67,5.56,5.56,5.56,5.56,5.56,6.67,5.56,3.33,6.67,6.67,5.56,3.33,5.56,5.56,7.78,7.78,7.78,10
271355,"Downtown","Neighborhood","TX",878,"Houston-The Woodlands-Sugar Land",394692,5.71,5.95,6.43,6.19,6.9,6.9,6.43,6.43,6.19,5.71,5,5.24,5,5.48,5.95,5.95,6.43,6.19,6.19,5,4.05,3.33,2.86,2.62,3.33,3.33,4.29,4.76,4.29,5,4.52,5,4.76,5.71,7.38,9.05,9.29,9.29,9.52,9.76,9.76,9.52,10,10,9.76,9.52,9.52,8.81,8.57,8.33,6.43,5.71,5,4.29,3.81,3.1,3.81,1.9,1.9,2.14,2.38,2.86,2.38,2.38,4.05,4.52,5,3.81,2.62,3.57,5,4.29,5.24,4.52,4.76,4.76,3.57,3.81,3.81,4.52,4.05,1.43,0.95,0.95,0.71,1.43,1.43,1.67,2.14,2.86,1.9,1.43,0.71,0.48,0.48,0.71,1.67,1.19,2.14,1.9,2.86,2.14,2.38,2.38,1.9,1.9
45228,"Falcon","Neighborhood","CO",879,"Colorado Springs",394484,1.82,3.64,4.55,4.55,0.91,2.73,7.27,7.27,8.18,7.27,9.09,7.27,5.45,2.73,4.55,5.45,7.27,8.18,10,9.09,9.09,6.36,5.45,4.55,2.73,2.73,2.73,7.27,6.36,5.45,3.64,1.82,0.91,3.64,4.55,4.55,5.45,5.45,6.36,6.36,5.45,4.55,6.36,9.09,9.09,5.45,4.55,4.55,7.27,9.09,9.09,7.27,7.27,7.27,8.18,8.18,7.27,9.09,6.36,6.36,6.36,6.36,6.36,6.36,6.36,6.36,6.36,2.73,2.73,2.73,3.64,4.55,5.45,4.55,4.55,4.55,5.45,5.45,5.45,3.64,3.64,3.64,4.55,6.36,6.36,6.36,5.45,4.55,4.55,4.55,3.64,2.73,2.73,3.64,3.64,3.64,3.64,3.64,3.64,3.64,3.64,3.64,3.64,3.64,4.55,5.45
275730,"The Waterfront","Neighborhood","NJ",880,"New York-Newark-Jersey City",394913,6.64,7.17,7.43,8.58,9.03,9.12,8.58,7.88,6.64,6.02,6.81,8.41,8.85,9.03,9.12,9.03,8.94,8.94,8.23,6.81,5.93,6.46,8.05,8.76,8.94,8.94,8.94,9.12,9.29,9.38,9.73,9.65,9.56,9.82,9.82,9.91,9.91,9.82,9.91,9.91,10,10,9.82,9.91,9.65,9.56,8.94,8.67,8.94,9.12,9.03,9.12,9.12,9.47,9.47,9.47,9.47,9.47,9.73,9.65,9.73,9.73,9.73,9.73,9.47,9.65,9.65,9.65,9.82,9.65,9.56,9.38,9.38,9.56,9.82,9.65,9.47,9.38,9.38,9.65,9.65,9.56,9.65,9.73,9.73,9.91,9.82,9.91,9.91,9.91,9.47,9.2,7.96,8.5,8.5,8.23,8.14,7.61,7.96,7.26,7.88,7.26,7.35,6.9,7.88,8.5
274497,"Mercury Central","Neighborhood","VA",881,"Virginia Beach-Norfolk-Newport News",395194,1.52,1.52,1.96,3.04,3.48,3.7,3.48,4.78,4.78,4.57,5.22,4.57,3.91,3.91,4.13,3.91,4.57,5,5.22,7.17,9.13,9.35,9.78,9.57,9.78,9.78,9.78,9.78,9.78,9.78,7.61,7.61,4.57,5.65,3.7,3.7,4.35,4.57,4.78,5,5.87,3.48,4.57,3.91,7.83,5.87,2.61,1.09,1.52,5,9.78,10,10,9.78,7.39,3.26,1.96,0.87,0.65,0.43,0.87,2.17,2.83,4.78,6.52,6.96,5.22,3.91,3.04,2.61,2.17,1.09,0.43,1.09,1.74,3.48,4.35,4.57,7.39,8.91,8.48,5.22,2.61,3.26,3.7,3.48,2.17,2.61,4.57,7.83,9.78,10,10,8.7,7.61,5.87,6.09,8.48,7.83,7.17,3.04,1.74,1.09,1.09,3.48,6.09
145983,"Turner","Neighborhood","KS",882,"Kansas City",394735,10,10,10,10,10,10,10,10,10,10,10,10,10,10,10,10,10,10,10,10,10,10,10,10,10,10,5,5,5,5,10,10,10,10,10,10,10,10,10,10,10,10,10,10,5,5,5,5,5,5,5,10,10,10,10,10,10,10,10,10,10,10,10,10,5,5,5,5,5,5,5,5,5,10,10,5,10,10,10,10,10,5,10,10,10,5,10,10,10,10,10,5,5,5,5,5,10,10,10,10,10,10,10,10,10,10
113128,"Tucson Estates","Neighborhood","AZ",883,"Tucson",395167,10,10,8.33,10,10,10,6.67,6.67,5,5,3.33,3.33,8.33,10,6.67,6.67,6.67,8.33,6.67,8.33,5,3.33,3.33,3.33,3.33,3.33,1.67,1.67,1.67,1.67,1.67,1.67,1.67,1.67,1.67,3.33,5,5,6.67,6.67,10,8.33,8.33,6.67,8.33,5,3.33,1.67,1.67,1.67,1.67,3.33,1.67,1.67,1.67,1.67,3.33,5,3.33,3.33,3.33,5,3.33,3.33,3.33,3.33,3.33,1.67,1.67,1.67,1.67,1.67,1.67,1.67,1.67,1.67,1.67,5,3.33,3.33,1.67,1.67,1.67,1.67,5,8.33,8.33,8.33,5,3.33,3.33,5,3.33,6.67,8.33,8.33,6.67,3.33,3.33,3.33,3.33,3.33,3.33,3.33,5,5
264098,"Norwood","Neighborhood","FL",884,"Miami-Fort Lauderdale-West Palm Beach",394856,6.12,6.12,5.67,5.67,6.72,8.21,9.1,9.1,9.4,9.55,9.55,8.21,6.12,4.03,2.99,3.58,5.37,5.82,6.42,6.42,4.33,5.07,4.63,6.12,6.27,5.22,3.73,2.84,1.79,1.49,1.04,2.39,3.43,4.93,6.57,7.46,7.61,7.16,7.01,5.67,3.73,2.99,2.09,1.04,0.9,2.09,5.97,7.76,6.12,4.18,2.54,4.33,8.06,8.81,8.96,8.51,9.55,9.85,9.85,9.7,9.25,7.61,5.82,4.03,3.13,2.84,4.33,7.01,8.66,9.1,9.1,8.96,9.4,9.25,9.25,7.91,6.72,6.12,6.12,7.31,7.91,8.06,8.06,8.51,9.4,9.1,8.21,8.06,9.1,10,9.85,9.55,9.1,9.4,10,10,10,8.81,7.16,7.01,6.57,6.57,7.46,8.66,9.85,10
271135,"Southeast","Neighborhood","OR",885,"Eugene",394576,10,8,8,10,10,10,10,10,10,10,10,10,10,8,8,10,10,10,6,4,2,2,2,2,2,2,2,2,4,4,4,6,6,4,4,4,4,6,8,10,10,10,10,10,6,4,6,10,10,6,4,4,4,6,4,4,4,4,4,4,4,2,4,6,8,8,8,8,6,4,8,8,8,10,8,6,6,4,6,4,4,2,2,2,2,4,6,8,8,6,4,4,4,4,4,6,8,6,6,4,4,4,6,2,2,2
272839,"Bagley","Neighborhood","MI",886,"Detroit-Warren-Dearborn",394532,2,4,10,10,10,10,4,2,4,8,10,10,10,10,10,10,8,4,4,2,2,2,2,4,6,8,10,10,10,10,8,6,4,8,8,10,10,10,8,8,8,8,8,10,10,10,4,4,4,6,6,6,8,8,6,6,4,4,2,4,10,10,6,6,6,6,6,4,6,6,6,6,4,4,4,6,8,8,10,10,6,2,2,2,2,2,4,10,10,10,8,8,6,6,6,6,8,8,8,10,10,10,8,6,4,2
273492,"Downtown","Neighborhood","VA",887,"Virginia Beach-Norfolk-Newport News",395194,3.48,3.7,4.35,5.65,5.65,6.09,5,3.48,2.83,1.74,1.09,1.09,1.09,1.09,1.09,1.96,4.35,7.83,7.17,3.26,1.09,0.65,1.09,1.96,1.96,2.17,1.74,1.3,0.43,0.43,0.65,0.87,0.22,0.22,0.22,0.22,0.65,0.43,0.43,0.65,1.74,1.74,1.09,0.65,0.22,1.74,7.39,7.17,3.48,1.74,2.83,3.48,2.39,1.09,0.65,0.43,0.65,2.17,4.78,8.91,4.78,3.7,1.09,0.65,0.43,3.48,4.78,3.04,1.96,1.52,3.26,3.48,3.04,2.39,1.3,1.09,0.87,1.3,1.3,0.87,0.22,0.65,1.52,1.96,1.52,1.74,2.39,1.96,0.87,0.87,0.43,0.87,0.65,1.09,0.87,0.43,0.43,2.17,3.26,3.7,2.39,2.17,2.61,3.7,3.7,2.17
45796,"Homosassa Springs","Neighborhood","FL",888,"Homosassa Springs",394685,10,5,5,5,10,10,5,10,10,10,10,10,10,10,10,10,10,10,10,10,10,10,10,10,10,5,5,5,5,10,10,5,5,10,10,10,10,10,10,10,10,10,10,10,10,5,5,5,10,10,10,10,10,10,10,10,10,10,10,10,10,10,10,10,5,5,5,5,5,5,5,5,5,5,10,10,10,10,10,10,10,10,10,10,10,10,10,10,10,10,10,10,10,10,10,10,10,10,10,10,10,10,10,10,10,10
276435,"Mandarin Station - Losco","Neighborhood","FL",889,"Jacksonville",394714,4.67,5,5.33,2.33,1.33,1.33,3.67,8.33,9.33,7.33,6,3.33,2.67,1.67,1,1,1,1.33,1.67,5.33,7,6.33,3.67,1.67,2.33,5,8.67,9,7.33,5.33,5,7.67,9.33,10,10,9.33,8,6.67,5,5,3.67,4.67,4,3.67,5.67,8,8.67,8,7.33,8,7,6,6.33,7.67,9.33,8.67,8.33,8.67,9.33,9.67,7.67,8,8,8.67,7.67,7.67,9,9.67,9.67,9.67,9.67,9.33,9,8,7.33,6.67,7.67,8.33,9.33,8,7.67,6.67,6.67,6,7.33,7.67,7.67,7.67,8.33,7.33,6.33,5,7,7.67,7.67,8.67,7.67,7,7,6.67,6.33,6.67,6.67,7.33,8.67,9.33
271180,"Girard Estates","Neighborhood","PA",890,"Philadelphia-Camden-Wilmington",394974,7.1,7.42,8.39,7.74,6.13,4.03,3.87,2.58,2.26,2.42,2.1,2.74,3.55,3.71,4.52,7.9,8.06,8.87,9.03,9.84,7.26,2.1,0.48,0.48,0.65,0.81,0.65,0.32,0.48,0.48,0.81,1.13,1.13,0.81,1.29,1.61,1.13,0.65,0.81,0.97,3.23,3.87,2.9,1.94,0.65,1.61,1.29,2.42,3.06,4.35,3.87,4.03,3.06,2.9,2.1,1.94,2.74,3.55,7.1,7.74,6.94,6.94,7.26,7.9,6.94,5.48,4.19,3.55,3.87,4.35,4.52,4.68,5.32,6.29,6.77,6.61,6.77,6.94,7.1,6.61,5,4.19,3.71,4.35,5,4.52,4.35,4.68,6.94,9.35,9.52,8.06,6.29,4.84,4.84,4.19,4.03,2.42,2.42,1.61,2.42,3.23,4.52,4.03,4.52,4.52
10342,"Thompsonville","Neighborhood","CT",891,"Hartford-West Hartford-East Hartford",394669,10,10,10,10,10,10,10,10,10,10,10,10,10,10,10,10,10,10,10,10,10,10,10,10,10,10,10,10,10,10,10,10,10,10,10,10,10,10,10,10,10,10,10,10,10,10,10,10,10,10,10,10,10,10,10,10,10,10,10,10,10,10,10,10,10,10,10,10,10,10,10,10,10,10,10,10,10,10,10,10,10,10,10,10,10,10,10,10,10,10,10,10,10,10,10,10,10,10,10,10,10,10,10,10,10,10
275187,"River Mountain","Neighborhood","NV",892,"Las Vegas-Henderson-Paradise",394775,1.43,1.84,1.84,4.08,5.71,3.88,2.04,1.84,4.29,6.73,8.16,2.24,1.84,1.02,2.86,4.08,5.71,4.49,4.69,5.92,8.16,4.49,1.22,0.2,1.02,2.86,6.33,5.1,5.92,6.73,6.33,3.06,4.9,8.57,10,10,10,10,10,6.94,3.67,5.31,8.57,9.8,9.39,8.78,9.39,9.59,9.59,9.8,10,10,10,10,9.39,8.98,8.37,8.57,9.8,9.8,9.8,9.8,9.8,10,10,10,10,10,10,10,10,9.59,9.8,10,10,10,10,9.39,8.16,7.96,8.57,8.57,7.76,7.76,7.14,7.76,8.57,8.37,8.57,8.78,8.37,9.18,9.59,9.18,7.35,4.49,2.86,3.67,3.06,1.63,1.43,2.45,7.14,8.78,9.8,10
268743,"Speer","Neighborhood","CO",893,"Denver-Aurora-Lakewood",394530,7.69,6.92,6.54,6.54,8.08,8.46,8.85,9.23,8.85,8.85,8.08,7.69,6.92,7.31,6.92,6.92,6.54,6.92,7.31,6.92,6.54,6.15,6.54,6.92,6.15,7.31,6.54,6.54,3.08,2.69,2.31,2.69,3.08,3.46,3.85,3.46,3.08,3.46,5,5,6.15,6.54,6.15,5.77,5.77,6.92,7.69,7.31,7.69,7.69,7.31,7.31,6.92,6.15,5.77,6.15,6.15,6.15,5.77,6.54,7.31,7.69,8.46,8.46,8.46,8.46,8.08,7.69,7.31,7.31,7.69,8.08,8.08,8.08,8.08,8.08,7.31,7.69,6.92,7.31,7.69,8.46,8.85,8.85,8.08,7.31,6.92,6.15,6.15,5.38,5,4.62,4.62,5.77,5.77,7.31,6.92,6.92,6.15,6.15,5.77,5,4.62,5,4.62,5
267850,"Russian Jack Park","Neighborhood","AK",894,"Anchorage",394327,6.67,6.67,7.5,6.67,8.33,7.5,7.5,7.5,6.67,4.17,3.33,2.5,2.5,2.5,2.5,2.5,2.5,5.83,5,5,2.5,3.33,2.5,2.5,2.5,3.33,4.17,5.83,5,4.17,5,5,5.83,3.33,3.33,2.5,1.67,2.5,2.5,1.67,1.67,2.5,2.5,0.83,1.67,0.83,0.83,0.83,2.5,1.67,1.67,1.67,1.67,0.83,0.83,1.67,1.67,3.33,3.33,4.17,3.33,2.5,3.33,4.17,4.17,4.17,6.67,5,5,4.17,5,5,4.17,3.33,5,3.33,4.17,3.33,4.17,2.5,3.33,2.5,1.67,1.67,1.67,1.67,0.83,2.5,3.33,3.33,2.5,0.83,0.83,0.83,0.83,0.83,0.83,0.83,0.83,1.67,1.67,2.5,2.5,1.67,1.67,2.5
274801,"Northwest","Neighborhood","NV",895,"Reno",395019,5,7.5,5,6.25,8.75,8.75,7.5,6.25,3.75,5,6.25,6.25,5,3.75,5,6.25,5,5,5,5,6.25,5,3.75,3.75,6.25,6.25,6.25,3.75,5,6.25,6.25,5,5,5,5,5,5,3.75,1.25,1.25,1.25,1.25,1.25,2.5,3.75,3.75,3.75,5,6.25,6.25,7.5,6.25,5,5,3.75,3.75,3.75,3.75,3.75,3.75,5,5,7.5,7.5,6.25,6.25,3.75,3.75,3.75,3.75,5,5,5,6.25,7.5,10,10,7.5,6.25,3.75,3.75,2.5,3.75,5,5,5,5,5,3.75,3.75,3.75,3.75,3.75,3.75,3.75,5,6.25,7.5,7.5,6.25,5,3.75,5,3.75,3.75,3.75
200442,"East Akron","Neighborhood","OH",896,"Akron",394304,10,10,10,10,10,10,10,10,8.89,7.78,7.78,6.67,4.44,4.44,6.67,10,10,10,7.78,7.78,7.78,10,10,10,10,10,10,10,10,10,10,10,4.44,1.11,1.11,1.11,1.11,1.11,1.11,3.33,4.44,6.67,7.78,6.67,6.67,2.22,2.22,2.22,1.11,1.11,1.11,2.22,4.44,2.22,2.22,1.11,2.22,8.89,10,10,10,10,10,7.78,5.56,5.56,8.89,10,10,10,6.67,4.44,1.11,1.11,1.11,2.22,7.78,10,10,10,10,8.89,2.22,1.11,1.11,1.11,1.11,1.11,5.56,8.89,8.89,4.44,3.33,4.44,3.33,2.22,2.22,2.22,2.22,1.11,1.11,2.22,3.33,2.22,1.11,1.11
274129,"Jamestown","Neighborhood","GA",897,"Augusta-Richmond County",394352,10,10,10,10,10,10,10,10,10,6.67,3.33,3.33,3.33,3.33,3.33,3.33,3.33,3.33,6.67,10,3.33,3.33,3.33,6.67,6.67,6.67,6.67,6.67,6.67,6.67,6.67,10,10,10,10,10,10,6.67,10,10,10,10,10,6.67,6.67,6.67,6.67,10,10,10,10,6.67,6.67,3.33,6.67,6.67,6.67,6.67,10,3.33,6.67,3.33,3.33,6.67,6.67,6.67,10,10,6.67,3.33,3.33,3.33,3.33,3.33,3.33,3.33,3.33,3.33,3.33,3.33,3.33,3.33,3.33,3.33,3.33,3.33,3.33,6.67,10,10,10,6.67,3.33,3.33,3.33,3.33,3.33,3.33,6.67,6.67,6.67,6.67,6.67,3.33,6.67,3.33
343876,"South Raleigh","Neighborhood","NC",899,"Raleigh",395012,10,10,10,10,10,9.09,3.64,1.82,1.82,0.91,0.91,0.91,0.91,0.91,0.91,0.91,0.91,3.64,4.55,4.55,7.27,2.73,0.91,2.73,6.36,7.27,6.36,7.27,10,10,9.09,9.09,9.09,10,10,10,9.09,9.09,9.09,9.09,10,8.18,8.18,9.09,9.09,8.18,6.36,7.27,8.18,9.09,10,6.36,3.64,2.73,6.36,6.36,6.36,5.45,4.55,4.55,4.55,4.55,4.55,4.55,4.55,4.55,3.64,5.45,3.64,5.45,5.45,5.45,5.45,5.45,6.36,9.09,10,8.18,6.36,6.36,6.36,6.36,9.09,9.09,10,10,8.18,5.45,5.45,5.45,6.36,5.45,6.36,7.27,8.18,10,10,9.09,9.09,10,10,10,8.18,6.36,6.36,6.36
738020,"Seward Hall","Neighborhood","TN",900,"Nashville-Davidson--Murfreesboro--Franklin",394902,7.5,7.5,7.5,7.5,10,10,7.5,7.5,7.5,5,5,7.5,7.5,10,5,5,2.5,2.5,2.5,5,5,5,5,5,5,2.5,2.5,2.5,2.5,2.5,2.5,2.5,2.5,2.5,2.5,2.5,5,5,5,5,7.5,5,5,5,2.5,2.5,2.5,2.5,2.5,2.5,2.5,5,5,5,5,5,2.5,2.5,2.5,2.5,2.5,2.5,5,5,5,5,7.5,5,2.5,2.5,2.5,2.5,2.5,2.5,2.5,5,5,5,5,5,5,2.5,2.5,2.5,2.5,2.5,5,5,5,2.5,2.5,2.5,2.5,2.5,2.5,2.5,2.5,5,5,5,5,5,5,5,2.5,2.5
396169,"Holiday City-Berkeley","Neighborhood","NJ",901,"New York-Newark-Jersey City",394913,5.93,4.96,5.31,6.02,7.17,7.61,7.61,8.32,8.41,9.2,8.94,8.67,8.14,8.58,8.5,9.12,8.85,9.12,7.96,8.67,9.03,9.03,9.2,9.56,9.82,9.91,9.91,9.91,9.91,9.91,9.91,9.91,9.91,9.73,9.73,9.73,9.56,9.38,9.29,9.29,9.2,9.12,8.94,7.61,6.64,6.55,7.08,7.61,7.7,7.88,8.41,8.58,9.2,9.38,9.38,9.38,9.12,8.94,8.85,8.67,7.88,6.55,7.17,8.23,9.56,9.82,9.56,8.67,7.79,8.14,8.85,9.12,9.47,9.47,9.56,9.73,9.56,9.56,9.56,9.56,9.47,9.38,9.38,9.12,9.47,9.47,9.56,9.47,9.2,9.12,8.85,8.32,6.64,5.58,6.64,7.96,8.58,8.76,8.94,8.23,8.32,8.58,8.23,8.05,7.43,7.35
28119,"Corona del Mar","Neighborhood","CA",902,"Los Angeles-Long Beach-Anaheim",753899,0.12,0.12,0.12,1.16,4.77,6.05,4.65,3.37,2.33,1.63,0.81,1.51,2.09,1.4,0.58,0.35,0.35,0.23,0.35,0.35,0.47,0.7,0.93,1.63,1.86,2.91,2.91,3.02,2.56,2.91,2.33,2.21,1.63,2.09,1.98,1.74,1.74,2.33,2.44,1.4,1.28,0.81,0.93,0.7,0.12,0.12,0.23,0.23,0.23,0.23,0.47,0.7,1.05,1.51,2.33,1.4,0.47,0.23,0.12,0.23,0.12,0.23,0.23,0.23,0.23,0.12,0.12,0.12,0.12,0.12,0.12,0.23,0.23,0.23,0.23,0.47,0.7,0.35,0.23,0.23,0.23,0.23,0.23,0.35,0.23,0.23,0.23,0.23,0.23,0.23,0.23,0.23,0.23,0.23,0.23,0.23,0.12,0.12,0.12,0.35,0.81,0.58,0.35,0.12,0.12,0.23
276065,"Whitney Ranch","Neighborhood","NV",903,"Las Vegas-Henderson-Paradise",394775,8.37,8.78,9.39,9.39,9.8,9.8,8.78,3.88,0.82,0.82,1.02,3.06,4.29,4.49,4.69,3.47,4.69,2.86,2.86,1.02,0.82,0.82,2.86,1.43,1.43,1.02,1.02,0.82,0.82,0.61,0.82,0.82,1.63,4.49,6.12,7.14,5.31,8.37,9.18,10,10,9.8,6.94,2.04,4.29,7.96,10,10,10,10,9.18,7.35,4.29,2.24,1.84,1.63,3.27,5.71,8.16,9.59,9.39,10,9.59,9.8,9.8,7.14,5.92,4.9,3.88,5.51,6.33,8.37,7.35,8.16,7.76,9.18,7.55,4.29,2.24,1.02,1.02,0.82,0.82,1.63,2.45,2.65,2.65,1.43,1.43,1.43,3.88,6.53,3.67,2.04,1.02,1.22,1.43,2.24,1.43,1.84,1.84,5.71,6.33,7.35,7.96,9.39
275177,"Rio Bravo","Neighborhood","CA",904,"Bakersfield",394357,5,5,5,5,5,5,5,5,5,5,5,5,10,10,10,5,5,5,5,5,10,10,10,5,5,5,5,5,5,5,5,5,5,5,10,5,5,5,5,5,10,10,10,10,10,10,10,5,5,5,10,10,10,10,5,5,5,10,5,5,5,10,10,5,5,10,10,10,5,5,5,5,5,5,5,5,5,5,5,10,10,10,10,10,10,5,5,5,5,5,5,5,10,10,10,10,10,10,10,10,5,5,5,5,10,10
761628,"Poinsettia","Neighborhood","CA",905,"San Diego-Carlsbad",395056,0.34,0.34,0.69,0.69,0.69,0.34,0.34,0.34,1.38,2.76,2.41,2.41,1.72,2.07,1.72,2.41,2.76,5.17,4.83,4.14,1.03,1.38,2.07,4.83,5.52,4.14,2.76,3.1,4.83,7.24,8.62,8.62,6.9,5.52,3.1,2.76,3.1,3.79,3.79,4.14,4.83,7.59,9.31,9.31,8.28,7.59,6.9,3.45,2.41,1.72,2.07,2.07,3.45,5.17,5.17,3.45,3.1,3.1,2.07,1.72,2.76,3.45,3.1,2.41,1.72,2.76,3.79,6.9,6.55,3.45,2.41,1.72,1.72,2.07,2.76,3.1,2.41,2.41,2.41,3.45,3.45,3.1,3.79,4.48,3.45,5.17,5.52,7.93,7.59,7.59,6.55,6.55,6.21,4.83,4.83,4.83,2.76,1.72,1.38,1.38,1.38,1.72,1.72,2.41,3.1,2.41
124944,"Kings Point","Neighborhood","FL",906,"Miami-Fort Lauderdale-West Palm Beach",394856,2.39,3.13,4.93,5.82,4.48,4.33,4.18,4.48,4.03,4.18,3.43,3.88,4.03,4.63,4.18,4.18,4.63,6.27,6.57,6.57,5.07,3.28,2.69,2.99,2.69,2.09,2.39,2.09,1.94,2.39,4.33,5.37,5.82,5.67,6.12,8.06,9.1,9.4,8.81,7.76,8.51,9.55,9.7,9.7,9.1,7.01,6.57,7.01,7.76,9.25,9.7,9.7,9.55,8.21,8.36,8.36,8.36,7.31,7.61,7.76,7.46,7.16,6.57,6.42,5.97,5.97,5.52,5.52,5.22,5.97,5.52,5.22,5.52,5.97,6.42,6.27,5.67,5.52,5.97,5.97,6.42,6.57,5.82,4.93,4.18,5.07,5.22,5.82,4.93,4.63,4.78,5.07,5.52,6.27,5.82,6.57,5.67,5.52,5.37,4.93,5.07,5.07,5.37,6.12,7.16,7.61
272849,"Ballantyne West","Neighborhood","NC",907,"Charlotte-Concord-Gastonia",394458,5.29,5.29,5.29,5.29,5.29,5.88,5.88,6.47,7.06,5.88,6.47,5.88,7.65,7.06,8.24,7.65,8.82,7.06,7.65,5.88,6.47,7.06,6.47,4.71,6.47,7.06,8.82,8.82,8.82,8.24,8.24,7.06,5.88,7.06,7.06,8.82,8.82,10,10,10,9.41,10,8.82,7.65,5.29,7.06,7.65,9.41,9.41,9.41,8.82,7.06,6.47,4.71,4.12,4.71,5.88,7.06,7.06,8.24,7.65,6.47,5.29,5.88,5.29,7.65,8.24,8.24,7.06,7.65,7.65,7.65,7.06,6.47,6.47,7.65,8.24,8.24,7.06,5.88,5.88,5.88,5.88,5.88,4.71,5.88,6.47,7.65,7.65,6.47,4.12,2.94,3.53,4.12,4.71,4.71,3.53,3.53,2.94,5.29,6.47,6.47,6.47,5.88,2.94,5.29
276346,"Glendale - Heather Downs","Neighborhood","OH",908,"Toledo",395160,7.5,7.5,8.33,7.5,6.67,5.83,5,5,5.83,5.83,6.67,7.5,8.33,8.33,6.67,7.5,6.67,7.5,7.5,8.33,9.17,8.33,7.5,5,5,4.17,4.17,4.17,4.17,2.5,0.83,1.67,0.83,0.83,0.83,0.83,0.83,0.83,0.83,0.83,0.83,0.83,0.83,1.67,1.67,3.33,3.33,5,3.33,1.67,2.5,5,7.5,8.33,4.17,4.17,3.33,3.33,1.67,1.67,4.17,5.83,6.67,6.67,7.5,7.5,7.5,6.67,5,4.17,4.17,2.5,3.33,3.33,1.67,3.33,4.17,3.33,5,3.33,2.5,1.67,2.5,2.5,3.33,5.83,8.33,7.5,6.67,6.67,6.67,6.67,4.17,5,4.17,4.17,5,5,5.83,7.5,9.17,8.33,6.67,2.5,2.5,1.67
268964,"Driftwood","Neighborhood","FL",909,"Miami-Fort Lauderdale-West Palm Beach",394856,9.25,7.91,8.06,7.91,8.96,8.06,7.76,7.16,7.91,7.16,8.06,7.61,8.21,7.91,8.06,6.42,6.87,7.46,8.81,8.81,9.25,9.25,9.4,8.81,8.51,8.21,8.51,8.36,6.27,2.09,1.64,3.58,6.12,7.46,8.66,9.25,9.4,9.25,9.25,9.4,9.85,10,9.85,10,10,10,10,10,10,9.85,8.81,8.36,7.46,7.91,8.06,8.96,8.51,8.51,7.91,8.36,8.66,8.96,8.66,9.25,8.96,9.25,9.25,10,10,10,9.85,9.7,9.55,10,10,10,10,10,10,9.85,9.85,9.7,9.85,10,9.55,8.51,8.66,9.55,10,9.7,9.55,9.4,9.55,9.85,9.55,9.7,9.55,9.85,10,9.85,10,9.7,9.1,8.51,8.81,9.25
7663,"Valley Cottage","Neighborhood","NY",910,"New York-Newark-Jersey City",394913,6.19,6.9,7.79,8.5,8.58,8.23,8.23,8.5,8.76,8.94,8.67,8.5,8.5,7.7,5.84,3.98,3.63,3.81,3.54,4.42,4.96,6.73,7.61,8.58,8.67,8.32,8.23,8.58,8.76,8.67,8.58,8.67,6.46,5.13,4.16,3.63,3.45,1.86,4.07,4.6,4.6,5.04,4.78,5.04,3.63,2.12,0.8,0.62,0.53,2.3,5.93,7.61,7.17,5.13,1.24,0.18,0.27,2.92,6.99,5.84,4.96,5.49,7.43,7.52,6.73,5.84,4.78,4.51,3.98,3.81,3.81,3.45,2.83,1.86,1.5,0.88,1.24,2.48,7.08,8.5,8.94,8.67,8.58,8.32,8.32,8.05,7.79,6.81,5.49,5.75,5.75,7.43,8.23,9.29,9.38,9.29,9.29,9.2,9.56,9.56,9.73,9.65,9.82,9.65,9.29,9.12
274955,"Paradise Hills","Neighborhood","NV",911,"Las Vegas-Henderson-Paradise",394775,0.61,0.2,0.2,0.41,0.41,1.63,4.9,6.73,7.76,6.53,4.69,1.43,1.02,1.43,1.22,2.04,3.47,4.29,5.1,4.29,5.71,4.9,3.27,1.22,0.82,0.82,1.84,3.67,6.53,8.78,8.16,3.47,1.02,1.63,4.9,7.55,8.37,9.39,9.8,9.8,9.8,10,10,8.78,7.35,5.31,7.35,8.16,9.18,8.98,2.65,2.65,2.24,7.76,8.78,8.78,8.16,6.12,4.29,3.27,2.86,1.84,2.04,2.65,3.06,2.24,3.67,4.49,5.31,4.49,2.65,3.88,4.49,3.67,3.06,1.43,1.43,1.22,2.04,2.65,2.65,2.86,1.43,2.45,2.86,4.69,4.08,4.9,5.51,5.51,5.71,5.71,7.35,5.71,4.9,2.45,2.45,2.45,3.67,5.51,7.35,8.37,8.57,8.37,7.14,7.55
275327,"Sellwood-Moreland","Neighborhood","OR",914,"Portland-Vancouver-Hillsboro",394998,9.5,9.5,8,5.5,2.5,1.5,2.5,3.5,7,8,9,9.5,10,9.5,9.5,8,5.5,6.5,7.5,9.5,9,9,10,10,9.5,9,7.5,8.5,9.5,10,10,9.5,9,8.5,7,9,9,9.5,9,10,9.5,10,9.5,9.5,9,9,7.5,4.5,7,9,10,9.5,7,6.5,6.5,9,9.5,9.5,9,8,9,9.5,7.5,4.5,2,4.5,7,8.5,8.5,6.5,6.5,4.5,5,7.5,10,7.5,6,5.5,7,8,6.5,6,5.5,6.5,4.5,2.5,2,2,2.5,4.5,6,7,6.5,7,6.5,6,6,6.5,5.5,2.5,2.5,4,8,8,6,4
274207,"Providence","Neighborhood","NV",916,"Las Vegas-Henderson-Paradise",394775,6.94,5.31,4.08,2.86,3.06,3.27,0.2,0.41,0.41,0.2,0.2,0.2,0.41,0.61,0.41,0.61,2.24,6.73,7.76,7.96,5.31,4.08,3.06,0.61,0.2,0.2,0.2,0.41,1.43,1.43,3.06,5.71,7.96,8.37,8.78,7.76,7.55,6.12,2.45,1.02,1.02,0.82,1.22,1.84,2.24,2.65,4.29,3.47,2.04,1.63,1.43,1.22,1.43,1.84,4.29,6.12,7.35,6.33,4.9,3.67,2.65,2.45,4.08,6.73,8.98,9.59,9.39,8.57,8.78,8.57,7.35,6.12,5.31,6.12,6.73,5.1,5.31,6.12,7.55,7.76,8.78,7.14,6.53,5.92,6.12,7.35,7.14,7.76,8.16,9.18,9.39,8.98,8.57,7.55,7.14,6.33,5.31,4.49,4.08,5.1,4.49,4.69,3.88,4.29,3.47,4.08
275042,"Pittman","Neighborhood","NV",917,"Las Vegas-Henderson-Paradise",394775,2.04,7.76,9.18,9.59,8.37,5.31,1.43,1.02,2.65,3.88,8.57,7.96,7.35,3.88,4.08,5.1,8.78,8.98,5.31,4.9,2.86,7.76,8.16,9.39,4.69,2.04,0.41,0.61,0.41,0.82,1.63,4.69,6.94,7.35,8.37,8.98,9.8,9.8,8.98,4.9,3.06,3.88,4.69,5.71,6.12,6.73,7.55,9.18,8.78,6.33,2.24,1.84,1.84,2.04,2.04,3.47,5.1,7.96,6.73,2.86,1.02,0.61,0.82,1.22,1.43,3.27,6.73,9.8,9.39,8.37,5.1,4.49,6.33,9.39,9.59,9.39,8.57,9.18,9.59,10,10,9.8,9.8,8.98,7.55,6.94,6.94,5.92,6.73,8.16,9.18,8.78,9.39,9.59,9.39,9.39,7.55,7.14,5.51,6.12,6.33,7.76,7.96,8.98,8.98,8.98
272084,"East Bluff","Neighborhood","IL",918,"Peoria",394972,5,5,5,5,5,5,5,5,10,5,5,5,5,5,10,10,10,10,5,5,5,5,5,5,5,10,10,10,10,5,5,5,5,5,5,10,10,10,10,10,10,10,5,5,5,5,5,5,5,5,5,5,5,5,5,5,5,5,5,10,10,10,10,10,10,5,5,5,5,5,10,10,10,10,10,10,10,5,5,5,5,10,10,5,5,10,10,10,10,5,5,5,5,5,5,5,5,10,10,10,10,5,5,10,10,10
403301,"Old Town","Neighborhood","IL",920,"Chicago-Naperville-Elgin",394463,4.31,4.17,3.89,5.14,6.94,6.53,3.06,0.97,0.69,1.25,2.92,3.47,2.78,3.33,5,5.69,5.42,3.89,5.56,5.14,6.94,6.53,7.64,6.81,7.5,7.78,7.78,7.22,7.08,9.44,9.58,9.58,9.58,9.44,9.58,9.86,8.75,7.22,5.42,6.94,6.94,7.92,7.36,7.5,6.25,5.56,6.81,6.53,6.81,6.53,8.75,9.03,9.31,6.94,6.81,7.08,8.61,8.33,8.61,8.75,8.89,8.47,9.17,8.75,8.75,7.64,7.92,8.06,8.19,7.22,7.22,6.67,6.53,5.97,7.08,6.81,7.22,8.19,8.75,9.17,7.92,7.78,6.94,8.19,9.03,9.31,8.47,5.42,5.42,6.81,7.08,6.67,4.58,3.33,3.06,2.36,2.78,3.89,4.86,6.39,5.97,4.03,2.5,2.64,2.78,4.17
762902,"Issaquah Highlands","Neighborhood","WA",921,"Seattle-Tacoma-Bellevue",395078,1.76,1.76,1.76,2.94,2.94,4.71,6.47,7.06,5.88,5.88,5.29,4.71,4.71,4.12,5.29,5.29,6.47,5.88,5.88,7.65,7.65,8.24,10,10,10,10,9.41,7.06,5.88,5.88,7.06,7.06,8.82,8.82,7.65,7.65,9.41,9.41,9.41,10,10,10,10,10,10,8.82,8.24,8.24,7.06,7.65,7.65,7.65,7.65,7.65,6.47,7.06,7.06,7.65,7.06,7.06,7.06,7.06,7.06,7.06,7.65,7.65,7.65,6.47,5.88,5.88,6.47,7.06,8.82,9.41,8.82,9.41,9.41,9.41,7.65,7.06,7.06,6.47,6.47,6.47,7.06,7.06,7.65,8.24,9.41,9.41,9.41,4.71,4.12,2.94,3.53,2.94,3.53,2.35,3.53,2.35,2.35,1.76,1.18,2.35,3.53,2.35
269602,"Norwood Park East","Neighborhood","IL",922,"Chicago-Naperville-Elgin",394463,5.69,5.83,5.69,5,4.58,4.58,4.58,4.72,5.28,4.17,3.19,2.92,2.5,3.06,2.78,3.06,3.33,4.58,2.22,1.67,1.67,4.17,8.06,9.31,9.44,9.17,8.89,9.17,9.17,9.03,7.36,5.42,2.78,2.08,1.94,4.31,7.64,9.58,9.44,8.89,6.39,6.67,7.78,9.03,9.03,8.89,7.36,8.19,8.61,9.44,7.92,4.31,1.94,0.69,0.42,1.53,6.25,8.19,8.19,7.36,2.5,0.83,0.42,0.69,2.22,4.03,4.58,6.67,7.08,7.5,7.08,5.69,4.03,3.75,2.08,0.83,1.39,3.75,5.97,7.08,5.56,2.5,3.06,4.31,7.08,8.33,8.75,9.03,7.92,7.22,7.78,9.31,9.31,9.31,8.06,7.36,6.39,6.25,2.64,0.69,0.28,1.11,1.81,3.47,4.58,3.61
422818,"Heritage","Neighborhood","TX",923,"Dallas-Fort Worth-Arlington",394514,7.42,6.45,4.84,4.52,3.23,1.94,1.61,2.26,2.26,2.26,2.58,3.87,4.52,7.1,6.45,5.16,2.26,1.61,1.61,4.19,5.48,7.1,6.77,5.48,5.48,4.52,5.16,5.16,7.1,7.42,6.13,6.13,5.48,5.16,4.84,3.23,3.55,5.81,8.71,9.03,9.35,6.45,7.1,6.77,6.77,3.87,4.19,3.87,3.55,4.19,3.55,4.19,5.48,7.1,7.42,4.52,3.23,2.58,3.23,4.84,7.1,7.1,6.77,5.48,7.1,7.1,6.13,4.84,4.19,4.84,4.52,4.52,4.19,5.48,5.81,5.16,5.48,5.81,5.48,5.48,4.84,3.23,1.94,1.29,1.29,0.65,1.61,3.23,3.87,4.84,3.87,3.23,2.58,2.58,2.58,2.9,3.23,3.23,3.55,2.58,1.61,1.94,4.52,5.48,5.16,6.13
274624,"Mt. Washington","Neighborhood","OH",924,"Cincinnati",394466,7,6,6,5,3,3,5,6,6,5,3,3,4,5,5,6,6,5,5,8,10,10,10,10,10,8,1,1,1,1,1,3,4,4,5,3,2,2,2,5,5,6,8,9,9,6,6,5,7,7,8,4,3,3,3,4,4,5,4,4,2,3,3,3,3,3,3,6,5,4,5,7,8,8,7,6,4,5,6,7,6,7,5,5,6,6,8,7,6,5,6,7,8,7,6,6,6,8,8,9,7,7,7,10,10,10
273444,"Deep Creek South","Neighborhood","VA",926,"Virginia Beach-Norfolk-Newport News",395194,5.87,4.13,3.7,3.7,7.39,9.78,10,9.13,7.61,6.3,6.52,4.13,3.04,1.74,3.04,2.17,2.17,1.3,2.17,2.61,4.78,5.87,5.65,5.22,5,6.96,7.61,5.87,4.57,3.26,7.17,8.91,9.78,9.13,8.04,6.74,6.3,6.96,7.61,5.87,5.65,7.17,8.26,8.26,6.96,6.09,6.74,7.61,7.39,4.57,2.61,1.74,1.96,2.83,6.74,7.83,8.91,6.09,5.22,5.87,3.91,3.26,3.48,3.91,5.87,6.52,8.7,9.35,10,10,9.13,7.39,5.22,5.22,4.78,3.04,2.39,2.83,2.83,4.13,4.78,5.43,5,4.35,5.87,6.96,5.87,3.91,1.52,1.3,1.52,1.09,1.96,3.04,6.96,7.61,8.48,8.7,8.48,6.09,5.22,5.43,6.09,6.52,4.78,3.04
753832,"Upper Roxborough","Neighborhood","PA",927,"Philadelphia-Camden-Wilmington",394974,7.58,4.68,3.39,3.55,5,6.45,7.58,7.1,5.97,3.71,2.74,2.26,1.29,0.97,1.29,1.94,2.58,2.74,3.23,3.87,2.9,1.61,1.45,1.45,4.52,5.97,2.9,1.13,0.81,1.45,3.39,2.74,2.9,2.1,0.65,0.32,0.65,1.61,2.26,4.03,6.29,8.23,5.32,2.9,1.77,4.84,6.94,7.42,6.94,7.74,8.87,8.87,7.26,3.39,1.45,1.13,0.65,0.48,0.32,0.16,0.97,2.9,3.55,4.35,4.68,4.03,2.58,1.61,2.74,5,8.06,7.58,6.94,6.45,7.26,8.87,9.35,9.52,8.87,7.1,4.68,4.52,5,6.29,6.77,5.32,5.65,5.48,7.1,9.03,9.35,7.42,6.94,6.29,6.29,6.77,5.81,4.84,5.32,6.13,5.48,4.68,5.65,7.1,6.94,6.77
275055,"Pleasant Valley","Neighborhood","OR",929,"Portland-Vancouver-Hillsboro",394998,2.5,1.5,1.5,3.5,4.5,3,3,3,3.5,2.5,3,2,3,4,6,7.5,8.5,7,6,4,4.5,4.5,4,5.5,6.5,6,5,3,2.5,2,2.5,1.5,1.5,1.5,2,3,3.5,6,7,4,3,3,2,1.5,2,1.5,1.5,1.5,0.5,0.5,0.5,1.5,1,0.5,0.5,0.5,2,1.5,1,1,1,1,1,0.5,2.5,3.5,3.5,3,2,2.5,1.5,1.5,1,1,1,0.5,0.5,0.5,0.5,1,1.5,1.5,1,1,2,3,3.5,3.5,5.5,6,5,4.5,4.5,3.5,3.5,3,3,3,4,4.5,4,3.5,3.5,2.5,3,3
274142,"Jenkins, Pinecroft Subdivision","Neighborhood","LA",930,"Shreveport-Bossier City",395096,1.67,1.67,3.33,3.33,3.33,5,5,3.33,1.67,3.33,3.33,1.67,5,5,5,5,5,6.67,5,5,1.67,1.67,1.67,5,5,5,5,6.67,5,6.67,5,5,3.33,3.33,5,8.33,8.33,10,10,10,10,10,6.67,10,10,10,5,1.67,3.33,10,10,10,10,8.33,1.67,1.67,1.67,3.33,5,5,5,3.33,3.33,3.33,3.33,1.67,1.67,1.67,1.67,1.67,3.33,5,6.67,5,3.33,1.67,3.33,3.33,3.33,1.67,3.33,3.33,6.67,6.67,6.67,6.67,6.67,8.33,10,10,10,10,10,10,10,6.67,6.67,10,10,8.33,6.67,5,6.67,8.33,10,8.33
273314,"College Park","Neighborhood","FL",931,"Orlando-Kissimmee-Sanford",394943,2,2,1,1,1,2,1,1,1,1,1,1,1,1,1,1,3,1,1,1,2,5,4,3,2,1,2,2,2,1,1,1,1,1,1,1,1,1,1,1,2,2,2,2,1,1,2,2,4,6,8,5,2,4,8,8,8,9,8,5,4,6,6,6,6,6,8,7,5,3,1,2,2,4,3,2,2,2,5,5,5,5,2,1,1,2,1,1,1,1,1,2,3,2,2,2,1,1,1,1,3,4,5,5,5,5
271069,"Cal Young","Neighborhood","OR",933,"Eugene",394576,4,4,6,4,2,2,2,6,6,6,6,6,6,10,10,6,4,4,2,2,6,10,10,10,8,8,6,4,2,2,2,4,4,6,10,10,10,8,4,2,2,2,4,8,10,10,10,8,6,8,8,6,6,4,6,10,10,10,6,6,6,8,6,2,2,2,4,6,8,8,4,4,4,4,2,2,2,2,2,6,10,8,6,4,4,2,2,2,2,2,6,8,8,10,8,8,4,2,2,2,2,2,2,6,6,6
273561,"East Price Hill","Neighborhood","OH",934,"Cincinnati",394466,1,7,9,9,9,7,6,9,8,7,5,6,7,7,7,7,8,8,8,6,6,3,4,5,5,4,4,4,4,4,6,5,5,5,3,4,3,6,4,2,2,2,4,6,7,8,8,8,4,1,1,1,1,5,9,6,5,2,1,1,1,1,1,1,1,1,1,1,1,1,1,1,1,1,1,1,1,1,2,5,7,3,1,1,2,5,5,4,2,2,3,9,9,8,8,8,8,3,3,3,3,4,3,2,2,1
271171,"Germantown East","Neighborhood","PA",935,"Philadelphia-Camden-Wilmington",394974,7.26,7.58,7.58,7.42,6.29,5.65,6.13,8.87,9.52,7.9,3.39,1.61,2.42,3.06,2.9,2.74,2.9,3.87,5.65,9.35,9.35,9.03,7.1,7.1,6.94,7.26,7.58,8.23,8.71,8.39,8.06,6.29,5.32,7.1,7.42,9.03,9.03,8.87,8.23,7.9,5.65,4.84,1.94,0.81,1.13,4.52,8.39,9.35,6.61,5.81,3.71,4.68,5.65,8.23,8.39,8.23,8.23,7.74,6.13,3.06,1.77,0.81,1.45,1.29,1.45,2.74,3.23,4.35,5.81,7.9,9.03,9.35,8.87,7.9,6.45,7.74,9.19,9.03,7.9,5.81,8.71,8.71,7.74,5.65,4.03,7.26,8.23,9.68,9.35,8.06,6.94,5.81,5.48,5.81,6.45,7.74,6.45,5.48,4.35,3.55,3.06,2.58,3.71,3.23,4.03,4.19
273069,"Brookside","Neighborhood","OK",937,"Tulsa",395169,6.67,6.67,6.67,6.67,6.67,6.67,3.33,6.67,10,10,10,10,10,3.33,3.33,3.33,3.33,6.67,6.67,6.67,6.67,10,10,10,6.67,10,6.67,6.67,10,10,10,10,10,6.67,10,10,10,10,6.67,6.67,6.67,6.67,6.67,6.67,3.33,3.33,3.33,3.33,10,10,10,10,10,10,10,6.67,10,6.67,6.67,6.67,10,10,10,10,10,10,10,10,10,10,10,10,10,10,10,10,10,10,10,10,10,10,6.67,6.67,10,10,10,10,10,10,10,10,10,10,10,10,10,10,10,10,10,10,10,10,6.67,3.33
271025,"Northwest Akron","Neighborhood","OH",938,"Akron",394304,2.22,1.11,1.11,1.11,1.11,3.33,7.78,6.67,5.56,2.22,1.11,1.11,1.11,3.33,4.44,3.33,2.22,2.22,1.11,1.11,1.11,1.11,1.11,2.22,2.22,2.22,4.44,5.56,6.67,7.78,7.78,5.56,3.33,4.44,6.67,8.89,6.67,4.44,2.22,1.11,1.11,1.11,2.22,4.44,4.44,1.11,3.33,4.44,5.56,3.33,2.22,3.33,1.11,1.11,1.11,2.22,1.11,6.67,6.67,5.56,3.33,1.11,1.11,1.11,1.11,2.22,4.44,5.56,5.56,2.22,2.22,2.22,5.56,10,10,10,8.89,7.78,5.56,6.67,7.78,7.78,7.78,7.78,8.89,7.78,6.67,7.78,6.67,6.67,7.78,8.89,7.78,6.67,5.56,4.44,3.33,1.11,1.11,2.22,4.44,7.78,8.89,7.78,4.44,3.33
269579,"Edison Park","Neighborhood","IL",939,"Chicago-Naperville-Elgin",394463,9.31,9.44,9.44,9.44,9.44,9.31,8.89,8.75,9.03,9.58,9.72,9.44,9.58,9.44,9.31,9.17,8.61,8.89,9.03,9.31,9.03,8.19,8.89,9.17,9.17,9.86,9.86,9.72,9.86,9.86,9.86,9.44,9.72,9.86,9.86,9.58,9.44,9.17,9.17,9.44,9.58,9.72,9.72,9.86,9.58,9.58,9.31,9.03,9.17,7.78,6.67,5.83,5.42,4.44,3.33,2.5,2.08,2.22,1.94,1.25,1.94,2.5,4.03,3.47,4.17,3.61,2.78,2.64,2.08,2.64,1.94,2.78,3.47,4.86,5.42,6.25,5.83,5,4.44,2.64,2.92,2.22,3.47,3.89,4.03,3.61,4.31,3.61,4.31,4.17,3.61,4.03,3.19,4.44,3.47,4.17,4.86,4.86,5.83,6.81,7.92,8.19,8.06,5.97,4.72,4.58
276579,"Southwest","Neighborhood","NV",941,"Reno",395019,8.75,8.75,7.5,5,3.75,3.75,3.75,2.5,2.5,1.25,1.25,2.5,2.5,2.5,2.5,1.25,1.25,1.25,1.25,1.25,2.5,2.5,2.5,2.5,2.5,2.5,2.5,5,6.25,2.5,1.25,1.25,1.25,1.25,1.25,1.25,1.25,1.25,3.75,3.75,5,5,5,1.25,1.25,1.25,1.25,1.25,1.25,3.75,1.25,1.25,1.25,2.5,2.5,2.5,2.5,2.5,2.5,2.5,1.25,1.25,2.5,2.5,3.75,2.5,2.5,2.5,1.25,2.5,2.5,2.5,2.5,2.5,2.5,5,5,5,2.5,1.25,1.25,1.25,1.25,1.25,1.25,1.25,1.25,1.25,1.25,2.5,2.5,2.5,1.25,1.25,1.25,1.25,1.25,1.25,6.25,8.75,8.75,5,3.75,2.5,2.5,2.5
246460,"Phoebus","Neighborhood","VA",942,"Virginia Beach-Norfolk-Newport News",395194,1.3,1.3,1.09,1.52,1.52,1.52,1.52,2.39,3.48,8.7,9.57,9.57,9.78,9.78,9.78,9.78,9.78,9.57,9.78,9.78,8.7,3.48,1.3,0.65,1.09,1.3,0.87,0.65,0.65,1.09,4.57,5.87,2.61,1.3,1.3,1.74,1.52,1.09,0.87,1.09,0.65,0.65,0.65,0.87,1.74,2.61,2.17,2.17,2.39,1.96,1.3,1.3,1.09,1.52,2.61,1.74,1.3,1.09,1.52,1.3,1.74,0.65,0.87,0.22,1.52,0.43,1.96,2.17,4.35,4.13,2.61,1.3,0.65,1.52,1.52,1.3,0.43,0.22,0.22,0.22,0.43,0.43,2.17,2.61,3.04,2.83,0.87,1.09,1.96,1.96,1.96,2.39,4.13,3.26,2.61,2.61,4.35,6.96,6.74,7.39,8.04,7.83,8.48,8.04,7.39,6.96
269105,"North-East Coconut Grove","Neighborhood","FL",943,"Miami-Fort Lauderdale-West Palm Beach",394856,3.43,2.54,2.39,2.54,3.73,4.93,4.63,3.88,2.99,2.09,1.04,1.04,1.34,2.39,4.63,4.93,3.43,1.94,1.49,1.94,2.69,4.18,3.88,2.24,2.54,3.28,5.97,6.12,4.33,3.88,3.73,5.67,6.42,5.82,5.52,5.52,4.78,4.78,7.46,7.61,5.82,4.18,4.93,6.27,7.61,7.76,7.16,5.22,4.03,3.43,3.43,5.07,6.12,7.76,7.46,7.76,7.76,8.21,8.21,6.27,3.73,1.19,1.19,3.28,5.52,5.67,4.93,4.33,4.93,2.99,3.88,3.73,5.07,4.93,6.57,5.07,4.03,2.99,2.84,3.58,4.93,5.37,5.37,5.82,4.48,4.48,2.99,3.58,2.09,2.09,1.34,2.09,1.64,2.54,4.03,4.78,5.07,5.07,5.07,4.78,4.48,4.33,4.33,4.78,5.67,5.37
403197,"Woodbury","Neighborhood","CA",944,"Los Angeles-Long Beach-Anaheim",753899,0.47,0.58,0.47,0.35,0.23,0.47,1.16,1.28,1.74,1.16,1.05,1.16,1.05,0.93,1.98,2.09,2.44,2.33,1.98,1.86,1.16,1.51,1.05,1.86,2.21,4.53,3.95,5.23,5.58,6.05,5.93,5.35,6.63,5,5.23,2.21,1.86,1.28,1.4,1.05,1.4,0.93,1.28,1.74,1.16,1.63,1.51,2.91,3.26,3.26,3.37,3.02,4.3,3.84,3.49,2.21,1.63,1.74,1.74,2.44,2.21,2.79,2.67,2.91,3.26,3.95,4.19,4.42,4.42,4.53,4.53,3.6,3.72,2.67,2.56,2.91,4.3,4.77,4.42,3.49,3.72,4.88,6.86,8.02,8.49,8.84,8.14,8.26,8.14,7.79,7.44,8.37,8.72,8.84,8.84,9.19,8.84,8.26,8.6,8.84,8.95,8.84,7.56,5.58,3.84,3.49
200781,"Forestville","Neighborhood","OH",945,"Cincinnati",394466,10,10,10,10,10,10,10,10,10,10,9,9,9,9,9,9,9,9,9,7,5,5,3,4,3,6,5,2,2,2,3,6,8,10,9,8,7,7,7,9,9,9,6,4,4,7,7,7,8,5,4,6,7,7,5,2,1,1,2,3,3,4,4,6,6,6,4,3,2,3,4,4,6,7,8,8,8,8,8,9,9,8,9,8,8,7,7,6,7,8,9,10,10,10,10,10,10,10,9,8,9,9,9,7,7,6
417109,"Steele Creek","Neighborhood","NC",946,"Charlotte-Concord-Gastonia",394458,0.59,0.59,0.59,0.59,0.59,1.18,2.35,3.53,3.53,3.53,3.53,5.29,5.29,4.12,2.94,2.35,3.53,2.35,2.94,3.53,3.53,2.94,3.53,5.88,8.82,9.41,10,10,10,10,10,9.41,7.65,8.82,8.24,7.65,7.06,5.88,5.29,6.47,7.06,7.65,7.06,5.88,7.06,8.24,8.82,8.82,8.24,8.24,7.06,8.24,8.24,8.82,7.65,6.47,8.24,8.82,9.41,9.41,9.41,9.41,9.41,8.24,7.06,6.47,6.47,8.82,8.82,9.41,9.41,8.82,8.82,8.82,9.41,10,10,10,10,9.41,8.24,6.47,6.47,7.65,7.65,8.24,8.24,8.24,8.82,8.24,8.24,7.65,7.65,8.24,8.24,8.24,7.65,8.24,8.82,9.41,8.82,7.65,7.06,7.65,7.65,7.65
270628,"Downtown","Neighborhood","NV",947,"Las Vegas-Henderson-Paradise",394775,0.2,0.61,1.02,1.84,1.84,1.02,0.41,0.61,0.61,0.61,0.82,0.82,2.86,5.92,7.14,3.67,1.84,1.02,0.41,0.2,0.61,4.29,7.96,7.76,2.45,1.22,0.82,1.63,1.22,2.04,2.86,2.86,2.86,2.86,3.47,4.08,3.88,2.04,1.22,1.22,1.22,1.63,0.82,1.22,0.41,1.63,0.82,1.84,1.02,0.82,0.41,0.61,0.41,0.61,0.41,0.41,1.02,3.27,3.06,1.84,1.84,2.65,3.47,4.49,2.24,1.63,2.04,3.88,4.49,4.69,8.37,8.98,9.39,8.37,4.9,2.24,1.22,2.04,2.65,5.31,4.9,4.9,2.04,0.61,0.2,0.2,0.2,0.2,0.41,3.06,7.76,8.57,6.12,7.14,7.96,5.1,1.22,0.41,0.41,0.41,0.82,3.27,6.94,7.55,6.12,3.47
623385,"Larkspur","Neighborhood","OR",948,"Bend-Redmond",394380,7.78,7.78,8.89,7.78,7.78,8.89,8.89,8.89,8.89,5.56,4.44,5.56,6.67,6.67,6.67,6.67,5.56,6.67,6.67,4.44,5.56,5.56,5.56,4.44,4.44,4.44,4.44,4.44,3.33,3.33,2.22,2.22,4.44,4.44,3.33,2.22,2.22,2.22,3.33,5.56,7.78,7.78,6.67,5.56,5.56,3.33,7.78,8.89,10,10,10,10,7.78,7.78,5.56,7.78,7.78,6.67,6.67,6.67,7.78,6.67,6.67,6.67,6.67,6.67,6.67,6.67,6.67,5.56,5.56,5.56,5.56,6.67,7.78,5.56,5.56,4.44,4.44,4.44,3.33,6.67,7.78,8.89,7.78,4.44,5.56,4.44,6.67,4.44,5.56,4.44,4.44,4.44,4.44,4.44,6.67,6.67,6.67,7.78,6.67,5.56,7.78,6.67,6.67,6.67
246679,"Princess Anne Plaza","Neighborhood","VA",949,"Virginia Beach-Norfolk-Newport News",395194,6.09,8.04,6.74,4.35,2.39,2.17,3.04,7.83,9.35,10,10,10,10,9.57,8.48,6.09,5.43,6.09,5.43,6.52,7.83,9.57,9.57,8.26,7.61,7.17,6.52,6.09,8.26,10,10,10,9.57,8.91,8.7,8.7,8.7,9.35,9.35,6.96,6.96,7.83,9.13,8.48,8.26,8.26,8.48,9.35,9.78,9.57,8.04,5.87,6.09,7.17,9.13,9.78,9.78,9.78,9.57,9.35,7.17,5.22,4.13,5.65,5.22,6.09,7.17,8.7,9.78,9.78,8.48,5.65,6.3,6.52,6.09,3.7,2.17,1.96,2.39,3.48,5.87,8.48,8.91,8.26,6.09,6.52,7.39,7.39,6.09,4.57,5,5.43,6.52,6.96,5.22,5.22,5.22,5.87,7.39,5.87,7.61,8.04,8.7,7.83,8.48,8.91
403292,"Roscoe Village","Neighborhood","IL",950,"Chicago-Naperville-Elgin",394463,3.33,2.64,3.75,1.67,1.11,0.42,0.97,2.36,4.58,5,5.56,6.11,7.08,6.81,5.14,4.72,5.56,6.53,7.22,7.78,7.92,6.25,5.42,3.75,4.31,6.39,8.19,9.31,9.58,9.17,8.75,7.08,5.69,5.14,5.83,7.22,7.08,5.97,4.44,5.42,6.25,8.06,7.08,6.94,6.67,7.92,8.06,7.78,6.39,5.97,5.97,7.64,7.5,7.64,6.39,6.25,5.56,5.14,6.81,7.92,8.61,7.36,7.22,7.22,8.47,8.75,8.47,7.36,5.28,4.86,4.72,5.14,5.42,5.56,6.39,5.83,4.86,3.06,2.36,2.08,1.94,3.33,5,6.25,5.97,7.22,8.06,5.97,5.56,5.56,6.39,6.11,3.75,3.89,4.03,4.44,3.47,1.94,1.53,3.33,5.42,6.39,4.58,4.17,3.33,1.94
271001,"Highland Square","Neighborhood","OH",951,"Akron",394304,6.67,6.67,5.56,4.44,5.56,5.56,3.33,3.33,2.22,3.33,3.33,2.22,2.22,2.22,3.33,4.44,4.44,3.33,4.44,4.44,4.44,3.33,3.33,3.33,3.33,3.33,2.22,2.22,1.11,1.11,1.11,4.44,7.78,7.78,5.56,6.67,7.78,6.67,7.78,7.78,10,7.78,5.56,5.56,5.56,7.78,8.89,10,10,8.89,8.89,7.78,6.67,3.33,6.67,6.67,4.44,2.22,2.22,3.33,2.22,2.22,2.22,3.33,4.44,6.67,7.78,8.89,8.89,6.67,3.33,1.11,2.22,3.33,7.78,8.89,10,8.89,8.89,4.44,5.56,4.44,6.67,4.44,3.33,5.56,8.89,8.89,8.89,7.78,3.33,3.33,4.44,7.78,8.89,10,7.78,6.67,6.67,5.56,8.89,6.67,2.22,1.11,2.22,2.22
262593,"Whitman","Neighborhood","PA",952,"Philadelphia-Camden-Wilmington",394974,0.97,1.13,1.29,1.61,1.61,2.26,3.23,5.32,7.26,8.71,7.42,5.32,3.87,3.55,3.55,4.35,7.42,9.84,5.97,1.61,1.13,2.9,9.19,9.35,9.52,9.03,6.45,2.74,1.13,0.97,0.48,0.48,0.32,0.48,0.32,1.29,1.45,2.58,0.65,0.16,0.32,2.42,3.39,1.29,0.81,1.13,1.13,1.13,0.97,1.13,1.29,0.48,0.48,1.29,5.48,8.06,8.55,5.97,6.29,5.65,7.42,5,4.03,3.55,4.03,3.23,6.61,6.77,8.06,3.71,2.58,1.94,5.81,8.55,9.68,9.52,9.03,8.55,7.58,4.84,5.97,6.13,7.58,8.55,8.39,7.42,6.45,5.32,2.9,1.61,0.97,1.13,0.97,2.42,2.74,1.61,1.94,3.39,5,3.23,1.45,1.61,2.74,4.19,6.13,5.97
271855,"East Central","Neighborhood","WA",953,"Spokane-Spokane Valley",395113,5,5,5,5,5,5,3.75,5,6.25,10,10,10,10,10,10,10,10,10,10,10,6.25,5,5,3.75,3.75,3.75,3.75,3.75,3.75,2.5,3.75,8.75,10,10,7.5,3.75,2.5,2.5,2.5,2.5,2.5,2.5,5,5,10,10,10,10,10,7.5,7.5,7.5,6.25,6.25,5,5,10,10,10,10,10,6.25,3.75,2.5,3.75,1.25,2.5,2.5,5,3.75,5,6.25,8.75,8.75,6.25,5,5,2.5,2.5,3.75,8.75,10,7.5,3.75,3.75,7.5,7.5,7.5,3.75,6.25,6.25,6.25,7.5,8.75,10,6.25,6.25,6.25,6.25,6.25,6.25,6.25,7.5,8.75,8.75,8.75
403306,"Sheffield Neighbors","Neighborhood","IL",954,"Chicago-Naperville-Elgin",394463,7.92,7.64,7.78,8.61,8.75,8.33,7.08,5.97,4.44,4.72,5.97,6.94,6.39,5.97,5.69,3.89,4.03,3.33,3.89,4.17,5.69,5.97,5.56,5.83,5.83,6.67,7.92,9.03,8.75,7.22,6.39,7.78,8.33,7.08,3.75,2.22,2.36,3.33,1.67,1.39,1.53,2.5,3.47,3.89,2.08,1.81,1.94,3.75,6.94,7.22,6.94,6.53,7.64,5.83,3.47,1.11,1.81,3.33,6.94,6.67,4.86,3.33,3.47,2.78,0.83,0.42,0.83,1.39,2.5,1.53,1.39,1.11,1.39,2.08,2.5,4.31,5.97,7.08,6.25,4.44,3.89,4.31,6.81,5.56,3.19,1.94,1.53,2.08,4.03,6.67,6.81,4.44,1.81,2.36,2.92,1.94,1.67,1.25,3.19,4.17,4.03,3.19,3.61,3.33,2.22,1.39
268988,"Florida Center North","Neighborhood","FL",955,"Orlando-Kissimmee-Sanford",394943,8,6,6,6,7,8,8,8,9,10,10,9,8,9,9,9,8,7,7,8,5,4,1,1,1,2,1,1,1,2,2,3,3,4,5,7,7,9,9,8,8,10,10,10,7,5,3,4,2,4,7,8,9,10,10,10,10,10,10,10,9,4,4,4,5,3,2,2,7,9,10,10,10,8,8,9,9,8,7,9,9,6,6,5,7,9,10,9,9,9,10,7,5,4,8,10,10,10,8,7,4,5,4,4,7,7
155354,"Pine Point","Neighborhood","MA",956,"Springfield",395115,10,10,10,10,10,10,10,10,10,10,10,10,10,10,8,8,8,8,8,8,8,4,10,10,10,10,10,10,10,10,10,10,10,6,6,4,6,6,8,8,10,8,8,8,10,8,6,6,4,4,4,4,8,8,8,8,4,4,4,4,4,4,4,4,6,8,6,6,6,6,6,8,8,10,10,10,10,8,6,4,6,2,2,2,2,2,2,2,4,6,6,2,2,2,2,2,4,6,10,8,10,4,4,4,4,4
275976,"West Meadows","Neighborhood","FL",957,"Tampa-St. Petersburg-Clearwater",395148,7.74,7.74,7.74,8.39,8.71,9.03,9.03,8.71,8.71,7.42,5.81,4.19,3.87,5.16,8.06,8.71,7.74,5.81,6.13,6.77,8.71,9.35,9.03,7.42,6.45,3.55,2.58,2.26,2.26,3.87,7.42,9.35,8.71,9.03,9.35,9.68,10,10,10,9.68,7.42,3.55,2.9,3.87,4.84,6.45,4.19,6.77,9.03,9.03,6.77,2.9,2.9,5.16,8.39,10,10,9.35,7.42,7.74,8.06,9.35,9.35,9.68,9.03,9.68,9.35,10,10,9.68,9.35,9.35,8.39,9.03,9.03,8.71,6.77,8.06,9.68,10,10,9.35,9.68,9.68,9.68,9.68,9.35,9.03,9.35,7.74,8.71,9.03,10,9.68,9.68,9.68,9.35,9.35,8.39,8.71,9.35,10,10,10,9.35,8.71
273995,"Highland Hills","Neighborhood","NV",958,"Las Vegas-Henderson-Paradise",394775,5.1,7.35,7.35,5.92,3.88,1.43,3.27,2.86,1.22,1.02,0.41,1.02,1.22,2.45,2.45,3.27,4.29,7.14,9.39,8.16,4.49,0.61,0.82,2.04,3.27,1.43,1.22,1.43,2.24,1.22,0.61,0.2,4.29,9.39,9.59,9.8,8.57,8.98,7.96,9.18,8.16,8.16,5.51,5.51,5.92,9.59,9.8,9.8,9.8,9.59,9.59,6.33,6.94,8.37,10,10,10,9.8,9.39,9.18,8.78,8.98,9.39,7.96,8.16,7.76,9.18,9.18,9.59,9.8,9.59,9.39,9.59,8.57,8.37,7.55,9.39,9.8,10,9.8,9.18,7.96,7.14,6.73,6.33,4.29,2.86,2.65,4.08,5.71,7.35,7.35,8.78,9.39,9.59,9.18,8.78,9.18,9.59,9.59,9.59,10,10,10,10,9.8
209173,"Chestnut Hill","Neighborhood","PA",959,"Philadelphia-Camden-Wilmington",394974,1.45,1.77,2.1,2.9,2.9,3.39,2.9,1.61,1.45,2.26,2.58,1.94,1.61,1.45,1.77,1.61,1.45,1.45,3.39,7.26,9.84,9.52,8.55,6.13,5.48,4.84,5.97,5.32,5.97,4.35,1.13,0.97,1.61,7.58,9.19,7.9,8.39,9.03,9.35,6.77,1.61,0.32,0.65,0.97,1.94,4.68,7.26,6.45,4.52,3.39,5.48,5.48,5.81,6.77,5.16,5.32,4.52,6.94,5.32,3.39,3.06,1.61,2.26,2.26,3.39,3.55,7.26,9.19,9.84,7.74,6.61,6.77,8.39,9.03,8.55,3.23,2.26,2.42,4.35,8.06,8.87,9.52,7.1,8.23,7.58,7.74,4.84,5.16,5,4.52,4.52,6.29,8.71,9.35,8.39,5.48,3.55,3.23,4.03,6.61,7.42,7.74,7.26,7.74,8.23,8.71
275418,"South Central","Neighborhood","NV",960,"Reno",395019,1.25,2.5,2.5,2.5,1.25,2.5,1.25,1.25,1.25,2.5,2.5,1.25,1.25,1.25,1.25,2.5,2.5,2.5,2.5,2.5,1.25,1.25,1.25,1.25,1.25,1.25,1.25,2.5,3.75,3.75,2.5,2.5,2.5,2.5,2.5,2.5,2.5,2.5,2.5,2.5,2.5,3.75,2.5,3.75,2.5,2.5,2.5,2.5,2.5,1.25,2.5,2.5,2.5,1.25,1.25,1.25,1.25,1.25,1.25,1.25,2.5,2.5,3.75,3.75,2.5,1.25,1.25,1.25,2.5,1.25,1.25,1.25,1.25,1.25,1.25,1.25,1.25,2.5,1.25,2.5,2.5,3.75,2.5,3.75,3.75,2.5,2.5,2.5,2.5,1.25,1.25,1.25,2.5,2.5,2.5,2.5,3.75,3.75,5,5,7.5,7.5,6.25,1.25,1.25,1.25
124618,"Gulf Gate Estates","Neighborhood","FL",962,"North Port-Sarasota-Bradenton",753906,2.86,2.86,5.71,5.71,5,5,5,5.71,4.29,6.43,6.43,6.43,4.29,4.29,5,7.14,9.29,10,10,10,10,10,10,10,10,10,9.29,9.29,7.14,7.14,7.86,7.86,7.86,7.86,7.86,7.86,6.43,5,3.57,3.57,5,5,5,2.86,2.14,2.86,5,7.86,8.57,8.57,10,10,9.29,9.29,8.57,8.57,9.29,9.29,7.14,6.43,4.29,4.29,3.57,2.86,7.14,5.71,4.29,3.57,4.29,5.71,6.43,6.43,7.14,6.43,7.14,6.43,5,7.14,5.71,7.86,8.57,8.57,7.14,7.14,8.57,7.86,7.14,8.57,9.29,8.57,7.86,4.29,4.29,5,5,4.29,4.29,2.86,3.57,3.57,5.71,7.14,7.14,6.43,5.71,5.71
270317,"Myers Park","Neighborhood","NC",963,"Charlotte-Concord-Gastonia",394458,6.47,7.06,9.41,7.06,4.71,2.94,2.94,2.94,5.88,9.41,10,10,10,8.24,6.47,5.29,2.35,2.94,4.71,8.24,7.65,5.29,5.29,4.12,4.12,4.12,2.94,2.94,3.53,5.29,4.71,4.71,6.47,6.47,6.47,6.47,4.12,2.94,3.53,3.53,1.76,0.59,1.18,1.76,2.94,3.53,2.94,2.35,2.35,1.76,0.59,0.59,0.59,3.53,3.53,4.12,4.12,4.12,5.29,4.71,5.29,4.12,2.94,2.35,1.18,0.59,0.59,0.59,1.76,1.76,0.59,0.59,0.59,2.35,2.35,1.76,1.18,1.18,3.53,4.12,4.71,4.12,3.53,3.53,2.94,1.76,0.59,1.18,1.76,3.53,5.29,5.29,4.12,3.53,1.18,1.18,1.18,1.76,1.76,1.76,1.76,1.18,1.76,2.94,5.29,4.71
276385,"Huffman-O'Malley","Neighborhood","AK",965,"Anchorage",394327,9.17,9.17,9.17,7.5,4.17,2.5,4.17,4.17,3.33,1.67,2.5,5,5.83,1.67,1.67,4.17,10,10,10,7.5,6.67,6.67,7.5,6.67,4.17,4.17,9.17,9.17,5.83,3.33,1.67,1.67,1.67,1.67,1.67,1.67,5.83,9.17,10,6.67,5,5.83,8.33,10,8.33,9.17,8.33,8.33,5.83,5,6.67,6.67,8.33,8.33,7.5,5,4.17,1.67,0.83,1.67,5,7.5,8.33,7.5,7.5,6.67,4.17,3.33,3.33,0.83,0.83,0.83,0.83,0.83,0.83,0.83,0.83,2.5,3.33,4.17,4.17,4.17,3.33,3.33,4.17,5,7.5,8.33,7.5,7.5,7.5,8.33,7.5,8.33,9.17,9.17,9.17,8.33,5.83,5.83,4.17,5,6.67,6.67,6.67,5.83
184194,"Six Forks","Neighborhood","NC",966,"Raleigh",395012,0.91,0.91,0.91,0.91,0.91,2.73,2.73,4.55,4.55,4.55,8.18,9.09,10,10,10,9.09,9.09,10,9.09,8.18,6.36,3.64,4.55,3.64,5.45,5.45,4.55,3.64,4.55,4.55,4.55,2.73,2.73,2.73,4.55,3.64,2.73,0.91,0.91,2.73,2.73,3.64,4.55,4.55,1.82,0.91,2.73,2.73,2.73,2.73,1.82,1.82,1.82,1.82,0.91,0.91,0.91,0.91,1.82,1.82,2.73,3.64,3.64,3.64,3.64,2.73,2.73,2.73,2.73,2.73,1.82,2.73,2.73,2.73,2.73,0.91,1.82,2.73,3.64,3.64,3.64,3.64,2.73,2.73,1.82,0.91,1.82,2.73,3.64,3.64,3.64,1.82,2.73,3.64,3.64,3.64,3.64,3.64,3.64,2.73,2.73,2.73,2.73,3.64,2.73,2.73
4982,"Greenlawn","Neighborhood","NY",967,"New York-Newark-Jersey City",394913,0.09,0.09,0.09,0.09,0.09,0.09,0.09,0.09,0.27,0.8,2.57,4.96,4.42,3.01,3.63,3.27,3.45,2.92,2.65,3.1,3.27,2.92,2.57,1.59,1.77,2.04,2.39,3.01,3.45,3.81,3.89,4.07,2.48,2.92,3.72,7.61,6.73,5.31,4.25,2.39,0.97,0.44,0.44,0.44,0.53,1.24,3.27,7.52,6.9,7.52,7.7,8.5,4.51,1.5,0.53,0.8,1.33,1.86,2.65,1.42,1.68,2.21,2.83,3.45,4.96,6.19,4.69,3.54,2.57,2.83,4.42,6.55,7.08,6.11,2.92,2.92,4.42,7.17,4.87,3.54,3.81,7.52,8.85,8.94,8.5,7.96,7.7,8.5,9.03,9.2,8.94,8.58,7.79,6.19,6.19,5.58,7.79,7.08,8.32,8.67,9.12,7.88,7.08,6.99,7.35,8.32
128864,"Georgetown","Neighborhood","GA",968,"Savannah",395070,3.33,3.33,3.33,3.33,3.33,3.33,3.33,6.67,6.67,6.67,3.33,3.33,3.33,3.33,6.67,6.67,6.67,6.67,6.67,6.67,6.67,6.67,3.33,3.33,3.33,3.33,6.67,10,10,10,10,10,3.33,3.33,3.33,3.33,3.33,3.33,6.67,6.67,6.67,6.67,6.67,6.67,6.67,6.67,3.33,3.33,3.33,6.67,6.67,6.67,6.67,3.33,3.33,3.33,3.33,3.33,6.67,6.67,10,10,6.67,6.67,6.67,3.33,6.67,6.67,10,10,3.33,3.33,3.33,3.33,3.33,6.67,6.67,6.67,6.67,6.67,6.67,6.67,6.67,6.67,10,6.67,6.67,6.67,6.67,6.67,3.33,3.33,10,6.67,6.67,6.67,6.67,6.67,6.67,10,10,10,10,10,10,10
157180,"Canton","Neighborhood","MD",969,"Baltimore-Columbia-Towson",394358,6.67,6.67,5.83,5,5,5,5.83,7.5,8.33,7.5,7.5,7.5,7.5,6.67,5.83,5,5,5,3.33,4.17,5.83,7.5,7.5,8.33,9.17,8.33,7.5,6.67,7.5,6.67,7.5,8.33,7.5,9.17,9.17,5.83,3.33,4.17,5.83,7.5,7.5,5.83,3.33,3.33,3.33,3.33,5,4.17,1.67,0.83,0.83,0.83,1.67,3.33,7.5,9.17,10,9.17,9.17,8.33,6.67,5.83,7.5,6.67,5,5,6.67,5,6.67,6.67,5.83,5.83,5.83,6.67,7.5,4.17,2.5,2.5,5,5.83,7.5,7.5,7.5,7.5,5.83,5,5,4.17,3.33,3.33,2.5,2.5,5,4.17,1.67,0.83,2.5,3.33,3.33,2.5,2.5,2.5,2.5,1.67,1.67,0.83
109820,"Mountain View","Neighborhood","OR",970,"Bend-Redmond",394380,10,8.89,6.67,6.67,6.67,6.67,6.67,5.56,4.44,8.89,10,10,8.89,10,10,10,10,10,10,10,10,10,10,10,8.89,8.89,10,8.89,8.89,6.67,7.78,7.78,6.67,6.67,10,10,10,10,10,10,10,10,10,7.78,6.67,6.67,8.89,7.78,8.89,8.89,8.89,7.78,8.89,8.89,10,10,10,10,10,8.89,8.89,8.89,8.89,7.78,7.78,7.78,7.78,8.89,7.78,8.89,10,10,8.89,8.89,8.89,7.78,7.78,7.78,8.89,10,10,10,10,10,10,10,10,7.78,8.89,8.89,7.78,8.89,10,10,10,10,10,10,10,10,10,10,8.89,7.78,10,10
271808,"Belltown","Neighborhood","WA",971,"Seattle-Tacoma-Bellevue",395078,1.18,0.59,0.59,0.59,0.59,0.59,0.59,1.18,7.06,10,8.82,8.24,5.88,5.88,4.71,3.53,2.35,7.65,9.41,10,10,10,8.24,6.47,6.47,7.06,5.88,5.88,7.65,10,10,10,7.06,5.29,5.29,5.29,5.88,5.88,5.88,5.88,5.88,5.88,6.47,7.65,9.41,9.41,7.06,6.47,6.47,6.47,7.06,7.06,7.06,8.24,8.24,8.24,8.24,8.24,8.24,8.24,8.24,8.24,8.24,7.65,7.06,7.06,6.47,8.24,8.82,8.24,7.06,5.88,6.47,7.06,7.65,7.06,7.06,7.65,10,10,10,10,10,10,10,9.41,8.24,6.47,5.88,6.47,6.47,8.24,5.88,5.29,1.18,0.59,0.59,0.59,0.59,0.59,0.59,0.59,0.59,0.59,0.59,0.59
268690,"Marston","Neighborhood","CO",972,"Denver-Aurora-Lakewood",394530,6.92,5.38,5,5,5,4.23,4.23,3.46,6.92,8.46,8.46,8.46,7.69,6.54,5.38,6.15,6.92,8.85,9.62,10,10,8.85,8.46,9.62,10,10,9.23,8.46,8.46,6.15,4.23,4.62,5,6.92,8.46,9.23,9.23,9.23,9.62,10,9.62,8.46,8.85,7.69,8.85,9.62,9.23,9.23,8.85,8.85,9.62,9.62,9.62,9.62,9.23,8.46,8.08,8.08,9.23,9.23,10,10,10,10,10,10,9.62,8.85,9.62,10,10,10,10,10,10,10,10,10,10,10,10,10,9.62,9.62,10,10,10,10,10,10,9.62,9.62,8.46,8.85,8.46,8.46,7.69,8.08,8.08,7.31,6.92,6.92,8.46,10,10,10
154418,"East Forest Park","Neighborhood","MA",973,"Springfield",395115,8,8,8,6,8,6,4,4,4,4,6,6,2,2,2,2,2,4,6,6,4,6,8,6,4,4,6,6,4,2,2,6,6,8,8,8,4,4,2,6,6,4,4,2,4,6,8,8,8,10,10,10,4,2,2,4,8,10,8,8,8,8,8,8,10,10,8,4,4,8,8,6,6,6,4,2,4,6,8,10,8,8,10,6,6,6,6,6,10,10,10,10,8,8,8,10,6,4,4,6,6,8,8,6,6,6
426284,"Great Neck Village","Neighborhood","NY",974,"New York-Newark-Jersey City",394913,3.45,3.36,3.89,4.07,4.51,5.04,4.87,5.22,6.11,7.17,6.99,6.9,5.49,5.13,4.34,4.42,4.34,4.51,4.51,4.69,5.66,5.66,3.81,1.68,0.71,0.44,0.44,0.71,0.71,0.8,0.97,1.68,2.21,1.33,0.71,1.42,3.81,6.99,6.64,5.75,5.22,2.57,0.62,0.18,0.44,0.88,2.48,5.04,5.13,3.81,2.39,3.45,3.89,4.16,4.42,5.49,5.31,5.58,4.42,4.16,0.71,0.27,0.18,0.44,0.44,0.53,1.24,2.21,3.27,5.49,6.99,6.28,3.27,2.04,2.12,3.98,5.4,6.81,4.42,3.81,4.16,4.34,2.57,0.88,0.97,3.01,4.87,2.92,2.21,1.15,0.8,0.71,0.53,1.06,3.1,6.99,7.43,7.35,5.84,3.89,1.68,0.18,0.09,0.53,3.72,6.19
216392,"Torresdale","Neighborhood","PA",975,"Philadelphia-Camden-Wilmington",394974,3.55,2.9,2.74,3.23,3.06,4.35,5.65,4.35,1.29,0.48,0.81,4.19,6.45,7.42,7.58,5,2.74,0.65,0.32,0.32,0.32,0.48,0.65,0.81,0.97,1.61,1.61,3.71,4.19,4.68,5.16,5.48,4.84,6.94,7.1,6.61,6.94,8.06,7.9,8.71,8.39,9.03,8.06,8.06,6.61,5.97,3.55,4.84,8.55,8.55,7.9,5.32,3.87,2.1,1.77,3.39,5.81,7.9,7.58,5.16,1.29,0.48,0.65,1.13,2.26,4.19,5.81,5.97,4.84,2.9,1.94,2.9,4.03,5.48,7.1,6.13,4.35,2.1,2.42,2.74,3.06,2.1,2.1,3.06,7.26,8.71,9.84,9.03,8.39,6.77,5.65,5.48,6.61,6.94,7.26,6.61,8.55,9.19,9.84,9.84,10,9.68,9.68,9.84,10,10
184182,"Silver Lake","Neighborhood","NC",977,"Wilmington",395229,10,10,10,10,8,8,8,10,8,6,4,2,2,2,6,8,10,10,10,8,8,8,8,10,6,6,6,6,6,8,10,10,8,4,8,10,10,10,10,10,10,10,10,10,10,10,10,10,10,10,8,8,8,8,8,8,8,8,6,6,6,8,10,10,10,10,10,10,8,6,6,6,6,8,10,10,8,8,6,6,10,10,10,10,10,10,10,10,8,6,4,4,6,10,10,10,4,6,6,6,6,4,6,4,4,4
202970,"Point Place","Neighborhood","OH",978,"Toledo",395160,9.17,10,10,9.17,9.17,9.17,9.17,10,10,9.17,7.5,6.67,5,4.17,1.67,0.83,0.83,0.83,4.17,6.67,5.83,6.67,8.33,6.67,5.83,5,5.83,5.83,6.67,9.17,10,7.5,7.5,9.17,9.17,8.33,6.67,5,5,4.17,2.5,1.67,2.5,5,5.83,7.5,7.5,8.33,8.33,8.33,6.67,7.5,6.67,6.67,5.83,5.83,7.5,8.33,8.33,5,3.33,5,8.33,8.33,5.83,5.83,4.17,3.33,3.33,1.67,1.67,3.33,7.5,7.5,9.17,5.83,3.33,1.67,3.33,4.17,4.17,5,5.83,6.67,7.5,8.33,3.33,3.33,1.67,4.17,5.83,7.5,10,10,9.17,8.33,5.83,5.83,5,6.67,6.67,5.83,4.17,5,6.67,6.67
124107,"Cypress Lake","Neighborhood","FL",979,"Cape Coral-Fort Myers",394440,7.78,5.56,5.56,4.44,4.44,4.44,4.44,6.67,6.67,6.67,5.56,6.67,5.56,5.56,6.67,6.67,7.78,8.89,6.67,5.56,6.67,6.67,6.67,6.67,6.67,6.67,6.67,5.56,6.67,6.67,5.56,4.44,5.56,6.67,6.67,6.67,7.78,8.89,8.89,7.78,6.67,4.44,4.44,4.44,4.44,4.44,5.56,6.67,6.67,7.78,7.78,10,10,8.89,6.67,7.78,7.78,8.89,6.67,6.67,7.78,7.78,10,10,10,10,10,8.89,8.89,7.78,7.78,6.67,6.67,6.67,7.78,8.89,8.89,8.89,8.89,8.89,7.78,6.67,6.67,5.56,5.56,7.78,7.78,7.78,6.67,4.44,3.33,3.33,3.33,4.44,3.33,4.44,5.56,3.33,2.22,4.44,3.33,3.33,4.44,4.44,8.89,8.89
276524,"Radnor-Ft Myer Heights","Neighborhood","VA",980,"Washington-Arlington-Alexandria",395209,8.46,7.69,4.62,1.54,1.54,1.54,0.77,2.31,3.08,6.15,5.38,5.38,4.62,5.38,7.69,7.69,8.46,9.23,9.23,9.23,8.46,6.15,3.85,3.08,3.08,4.62,6.92,5.38,4.62,6.15,8.46,9.23,9.23,7.69,2.31,1.54,1.54,0.77,0.77,0.77,0.77,0.77,3.08,3.85,4.62,3.85,3.85,3.85,3.85,3.85,4.62,4.62,3.08,2.31,2.31,3.85,3.85,6.92,8.46,8.46,6.92,5.38,5.38,4.62,3.85,3.08,3.08,3.08,3.08,1.54,1.54,2.31,2.31,2.31,1.54,0.77,0.77,0.77,2.31,2.31,2.31,2.31,2.31,1.54,2.31,3.08,3.08,3.08,6.92,8.46,9.23,7.69,6.92,7.69,7.69,6.92,5.38,4.62,3.08,1.54,1.54,1.54,2.31,2.31,4.62,6.15
268703,"North Park Hill","Neighborhood","CO",981,"Denver-Aurora-Lakewood",394530,2.69,2.69,1.54,1.92,1.54,3.85,5,6.92,5,4.23,4.62,4.62,5,5,6.54,8.08,8.08,7.69,6.54,6.15,7.31,8.08,8.08,8.46,8.08,8.46,8.08,6.92,4.23,2.31,3.08,3.46,3.85,3.08,1.92,1.54,1.92,1.92,3.08,3.85,4.23,3.85,2.69,2.69,3.08,3.08,3.85,4.62,4.23,4.62,5,5.38,5.38,5.38,3.85,5.77,6.54,7.31,6.54,6.15,6.92,6.92,7.31,7.69,7.31,7.69,7.31,6.92,6.54,6.54,6.54,7.31,7.69,7.69,7.31,8.46,8.08,8.46,8.08,7.69,7.31,6.15,6.15,6.92,6.92,6.92,6.54,5.38,5,4.62,5.77,5,5.38,6.15,6.54,6.54,5.77,5.38,4.62,4.62,5,5.77,5.38,5.38,5,5.38
763714,"Old Everett","Neighborhood","MI",982,"Lansing-East Lansing",394770,10,10,10,10,10,10,10,10,10,10,10,10,10,10,10,10,10,10,10,10,10,10,10,10,10,10,10,10,10,10,10,10,10,10,10,10,10,10,10,10,10,10,10,10,10,10,10,10,10,10,10,10,10,10,10,10,10,10,10,10,10,10,10,10,10,10,10,10,10,10,10,10,10,10,10,10,10,10,10,10,10,10,10,10,10,10,10,10,10,10,10,10,10,10,10,10,10,10,10,10,10,10,10,10,10,10
246755,"Raleigh Court","Neighborhood","VA",983,"Roanoke",395028,5,10,10,10,10,10,10,10,10,10,10,10,10,10,10,10,10,10,10,10,10,10,10,10,10,10,10,10,10,10,10,10,5,10,10,10,10,10,10,10,10,10,10,10,10,10,10,10,10,10,10,10,10,10,10,10,10,10,10,10,10,10,10,10,5,5,5,5,10,10,10,10,10,10,5,5,5,5,10,10,10,10,10,10,10,10,10,10,10,10,10,10,10,10,10,10,10,10,10,10,10,10,10,10,10,10
762150,"The Meadows","Neighborhood","CO",984,"Denver-Aurora-Lakewood",394530,8.46,5.77,4.23,3.08,4.23,3.08,1.92,1.15,1.92,4.62,4.23,4.23,4.23,3.85,4.23,3.46,2.69,3.08,3.46,2.69,3.08,3.46,2.69,2.69,3.85,4.62,7.69,7.69,6.15,7.31,6.54,6.92,7.69,7.31,5.38,4.23,3.85,3.85,2.69,2.31,3.08,4.62,6.92,6.92,6.54,4.23,3.08,2.69,3.46,3.85,4.62,3.46,3.46,3.08,4.62,4.62,4.62,3.46,3.08,3.08,2.69,1.92,2.31,3.46,3.08,3.46,4.23,4.62,2.31,2.69,2.31,3.08,2.69,2.31,3.08,3.46,4.23,4.62,4.62,4.62,5,4.62,4.62,4.23,4.62,5.38,6.15,6.54,6.92,6.15,6.15,5.38,3.85,3.46,3.08,1.92,1.54,1.54,1.54,1.15,0.77,0.77,1.15,1.54,3.08,3.46
403307,"Wrightwood Neighbors","Neighborhood","IL",985,"Chicago-Naperville-Elgin",394463,2.36,4.31,4.72,4.31,4.31,5,1.94,0.69,0.83,3.75,6.53,6.53,4.58,3.61,2.36,2.5,1.11,1.11,0.69,0.97,0.69,1.53,1.39,2.08,3.89,6.11,7.08,5.56,4.31,4.44,6.67,8.89,9.17,9.03,7.92,6.53,6.81,7.5,8.33,7.5,5.97,5.56,6.11,7.08,7.36,6.39,4.58,3.47,4.31,4.72,5.42,5.14,4.86,5.42,5.69,7.22,7.36,7.5,7.92,8.19,7.5,7.92,8.47,8.33,8.06,9.03,9.44,9.58,9.17,8.33,6.94,6.53,9.03,8.89,6.25,1.39,0.42,1.11,1.81,3.61,3.75,5.28,4.58,4.86,4.17,4.44,4.86,4.44,2.92,3.89,4.31,8.75,8.75,8.89,7.78,7.22,7.08,7.78,5.69,2.64,1.39,1.53,2.08,3.06,6.53,6.53
275785,"Turtle Rock","Neighborhood","CA",986,"Los Angeles-Long Beach-Anaheim",753899,3.84,6.16,7.21,8.02,3.02,1.28,0.7,1.16,1.63,0.23,0.12,0.35,2.44,4.65,5.93,4.53,3.95,4.07,4.3,3.02,0.81,0.58,0.7,1.16,1.05,0.81,0.81,1.4,1.4,3.14,2.67,4.88,6.4,6.51,3.84,1.86,1.28,0.93,1.28,3.37,8.02,9.3,8.37,5.81,4.3,3.37,2.79,1.51,0.7,0.93,1.16,1.16,0.81,0.35,0.12,0.23,0.7,1.16,1.4,1.4,1.16,0.35,0.35,0.7,2.21,1.63,1.28,0.7,0.47,0.7,0.58,0.47,0.47,0.81,1.05,0.58,0.23,0.7,0.81,0.93,0.35,0.47,0.58,1.16,2.56,3.02,3.72,3.02,5.35,7.33,7.21,3.37,2.33,1.74,1.28,1.16,0.93,0.7,0.81,0.93,0.58,0.23,0.23,0.35,0.47,0.7
252377,"Woodlawn","Neighborhood","NY",987,"Albany-Schenectady-Troy",394308,6,6,8,8,8,8,8,8,6,6,8,8,8,8,8,8,8,8,8,8,8,10,10,8,8,8,8,8,8,8,8,8,4,4,4,2,4,4,2,4,6,6,8,8,8,8,4,4,4,4,6,6,4,4,4,6,6,6,8,10,4,6,2,2,2,4,6,4,2,2,2,2,2,2,4,8,8,6,6,6,4,4,4,2,2,6,8,8,6,6,6,4,2,2,2,2,2,2,2,6,8,8,8,8,10,6
753811,"West Passyunk","Neighborhood","PA",988,"Philadelphia-Camden-Wilmington",394974,9.84,8.71,5.81,8.71,8.23,7.58,7.1,6.13,6.13,5.65,7.26,7.74,5.16,5.65,6.77,8.87,9.35,10,9.68,6.94,4.68,4.03,3.71,5.32,6.13,5,4.35,3.06,4.68,7.26,9.19,9.35,7.74,5.97,5.65,7.74,9.35,9.35,9.52,9.68,9.52,4.03,2.74,3.06,7.26,6.61,4.52,2.58,4.03,7.58,9.84,10,9.84,9.84,9.68,9.84,9.68,10,10,10,9.68,8.23,7.74,8.06,7.9,8.39,8.55,8.06,7.74,6.29,5,3.06,3.55,3.06,3.06,1.29,1.13,0.97,2.26,2.1,2.42,3.23,4.68,4.84,5.32,5.65,5,4.52,3.55,5.32,7.58,7.1,4.52,2.58,3.06,3.23,3.23,3.06,2.1,0.97,1.29,2.9,4.19,4.35,3.39,3.39
271203,"Pennypack","Neighborhood","PA",990,"Philadelphia-Camden-Wilmington",394974,7.9,8.06,8.71,9.19,9.19,9.19,8.87,7.9,7.74,8.55,8.55,3.55,1.13,0.48,0.32,0.16,0.16,0.16,0.16,0.16,0.16,0.16,0.16,0.16,0.16,0.16,0.16,0.16,0.16,0.16,0.97,3.23,9.35,8.87,7.58,4.84,3.39,2.26,1.45,1.45,2.1,2.1,2.1,5.16,6.45,9.03,9.68,6.77,5,4.68,7.74,7.1,6.77,7.58,5.81,4.19,1.77,1.13,1.61,1.94,2.9,1.13,0.48,0.32,0.48,2.1,4.03,5.81,5,3.23,2.1,4.35,7.26,7.26,7.58,7.58,7.1,6.61,8.23,9.19,9.19,7.1,5.65,3.87,5.48,4.84,5.16,1.77,1.61,2.26,7.42,9.52,9.84,10,10,10,9.52,8.87,9.52,9.68,9.84,10,9.03,8.87,8.55,8.39
30812,"Centerville","Neighborhood","MA",991,"Barnstable Town",394361,6.25,6.25,5,5,7.5,6.25,6.25,5,2.5,3.75,2.5,2.5,2.5,2.5,1.25,1.25,1.25,2.5,2.5,6.25,8.75,7.5,5,5,6.25,8.75,8.75,8.75,8.75,8.75,10,10,7.5,8.75,10,7.5,8.75,7.5,7.5,7.5,6.25,5,6.25,5,2.5,5,6.25,3.75,2.5,2.5,2.5,2.5,2.5,2.5,2.5,3.75,2.5,2.5,2.5,1.25,5,3.75,5,7.5,8.75,7.5,7.5,5,3.75,2.5,2.5,3.75,3.75,3.75,6.25,6.25,5,5,3.75,5,5,5,5,6.25,7.5,7.5,3.75,5,6.25,7.5,6.25,3.75,3.75,5,5,5,3.75,2.5,2.5,2.5,2.5,3.75,3.75,3.75,6.25,6.25
269502,"Merle Hay","Neighborhood","IA",992,"Des Moines-West Des Moines",394531,5,4,4,4,4,5,5,5,5,6,6,5,8,5,6,5,6,3,4,3,4,4,6,3,3,1,4,7,8,8,7,7,9,9,7,4,4,6,5,5,5,5,4,5,6,6,5,3,6,7,8,8,8,9,10,10,7,5,5,7,7,6,6,6,7,6,6,5,5,4,4,3,4,4,6,6,7,5,6,6,6,5,7,9,9,10,10,9,9,9,9,9,7,3,3,3,4,4,4,5,5,6,8,7,6,5
343489,"Reservorir","Neighborhood","KY",993,"Lexington-Fayette",394792,5,5,5,7.5,7.5,7.5,5,2.5,2.5,2.5,7.5,10,10,10,2.5,2.5,2.5,5,7.5,7.5,7.5,2.5,2.5,2.5,2.5,2.5,2.5,5,5,5,5,7.5,7.5,10,10,7.5,5,5,5,5,5,5,5,5,2.5,2.5,5,5,5,2.5,2.5,2.5,2.5,2.5,5,5,5,5,2.5,7.5,7.5,5,2.5,2.5,2.5,2.5,2.5,2.5,2.5,5,5,5,5,7.5,10,7.5,7.5,7.5,5,2.5,2.5,2.5,2.5,5,5,5,5,5,5,5,5,2.5,5,5,5,5,2.5,2.5,2.5,2.5,2.5,5,5,5,2.5,2.5
274627,"Murray Hill","Neighborhood","NY",994,"New York-Newark-Jersey City",394913,0.44,0.53,1.06,1.68,2.83,3.27,2.92,1.77,1.5,2.04,2.39,2.65,2.39,3.36,4.87,6.19,6.99,7.17,7.17,6.55,5.31,4.16,4.51,5.75,6.55,4.34,1.59,0.53,0.53,0.53,0.71,0.62,1.06,0.97,1.86,1.5,1.5,1.68,3.89,4.96,5.31,3.45,2.39,3.01,5.4,6.81,6.19,4.69,3.72,5.31,6.19,5.58,5.93,5.66,4.69,4.16,2.83,2.48,2.04,2.48,3.89,2.83,1.77,1.77,5.13,7.26,7.52,5.4,4.16,2.04,1.42,1.06,2.3,4.96,5.04,3.54,1.68,2.3,1.77,1.33,0.97,0.62,1.42,1.33,1.68,0.88,1.24,2.74,5.66,7.7,7.96,8.94,8.32,5.13,1.33,0.44,0.27,0.8,1.24,1.33,0.53,0.44,0.27,0.18,0.18,0.27
275411,"South Arroyo","Neighborhood","CA",995,"Los Angeles-Long Beach-Anaheim",753899,4.3,4.19,6.28,7.91,8.37,5.47,3.26,2.09,3.02,4.65,6.98,7.21,6.28,6.98,6.74,6.63,4.19,4.65,4.19,5.93,5.93,6.74,8.6,8.02,7.21,4.88,5.23,6.63,8.6,8.37,7.33,5.23,4.42,5.35,3.49,4.77,2.79,5.23,4.88,4.42,2.91,3.84,6.16,8.72,8.72,8.37,8.49,9.53,9.88,10,10,9.88,9.77,9.19,8.95,8.95,9.07,8.37,7.56,6.4,6.74,3.37,1.98,1.86,2.67,3.72,3.95,3.72,3.95,3.02,2.21,2.09,3.14,5.93,8.37,9.77,10,9.42,8.95,6.28,5.35,5.23,6.28,7.44,8.14,6.4,6.28,6.4,7.79,8.49,8.49,9.07,9.19,8.6,5.93,2.79,3.14,5.93,6.98,6.86,6.28,6.16,5,4.07,3.37,5.23
343488,"Indian Hills-Stonewall Estates-Monticello","Neighborhood","KY",996,"Lexington-Fayette",394792,2.5,2.5,2.5,2.5,2.5,2.5,2.5,5,5,5,5,5,2.5,5,10,10,10,7.5,5,2.5,2.5,7.5,10,10,10,10,10,10,10,10,10,10,10,7.5,7.5,10,10,7.5,7.5,7.5,7.5,7.5,7.5,7.5,10,10,10,10,10,10,10,10,10,10,10,7.5,7.5,7.5,10,10,10,10,10,10,10,10,10,10,10,10,10,10,10,10,7.5,10,10,10,10,10,10,10,10,10,7.5,7.5,10,10,10,10,10,7.5,7.5,7.5,7.5,7.5,7.5,7.5,7.5,7.5,7.5,7.5,7.5,7.5,7.5,7.5
623406,"Oceanfront","Neighborhood","FL",997,"Miami-Fort Lauderdale-West Palm Beach",394856,3.13,2.99,3.28,3.28,3.88,4.63,5.07,5.37,4.93,4.93,3.88,3.28,2.69,2.69,2.24,1.94,1.64,2.39,2.54,2.09,1.79,1.79,2.09,2.09,1.94,1.94,2.24,2.39,2.09,1.64,1.94,2.54,2.24,2.09,2.39,1.64,1.94,2.39,2.84,2.39,2.84,3.58,3.73,4.03,3.73,3.73,4.03,4.18,3.88,3.73,3.73,3.88,3.88,3.88,2.84,2.24,2.54,2.24,2.54,2.69,3.43,2.84,2.84,2.09,2.24,2.09,2.84,2.24,1.64,1.94,1.94,2.69,2.99,3.13,2.99,2.84,2.54,1.79,1.94,1.79,1.79,1.64,1.49,1.49,1.64,1.49,1.49,2.09,1.64,1.49,0.9,0.75,0.75,0.75,1.19,1.19,1.79,1.79,2.24,1.64,2.54,2.24,2.09,1.49,1.64,2.39
125623,"Palm Aire","Neighborhood","FL",998,"Miami-Fort Lauderdale-West Palm Beach",394856,4.63,3.58,3.88,6.12,7.01,7.01,6.57,5.97,5.82,4.48,3.58,4.33,4.93,5.22,5.52,7.16,6.42,5.07,4.93,4.03,3.28,3.13,4.33,5.37,5.67,2.69,1.79,1.19,2.24,3.73,5.07,4.48,2.84,1.49,1.64,1.49,3.13,4.33,6.27,4.48,3.58,3.13,4.33,4.78,4.48,2.99,2.39,2.09,1.79,2.69,2.24,2.54,2.69,2.99,2.24,1.34,1.34,1.64,1.94,1.94,1.19,1.94,1.79,2.84,2.39,3.28,2.99,2.54,2.24,2.24,2.99,3.28,3.88,4.33,4.18,4.63,4.78,4.63,5.52,5.82,6.27,6.42,5.52,4.48,3.58,4.18,5.67,7.01,6.87,7.31,6.87,6.72,6.57,6.87,5.97,6.27,6.27,6.27,6.27,5.07,4.63,5.22,5.07,5.52,5.52,5.07
275054,"Pleasant Grove West","Neighborhood","VA",999,"Virginia Beach-Norfolk-Newport News",395194,6.3,5.87,6.96,6.52,6.09,7.17,8.04,8.7,8.04,7.17,6.09,5.65,5.43,4.78,5.22,5,5,5.43,6.3,6.3,5,3.26,3.26,1.74,2.83,3.48,4.35,4.78,5,4.35,5.43,5.65,5,3.7,1.96,0.87,0.43,0.22,0.22,0.22,0.22,0.22,0.22,0.22,0.87,3.04,3.26,3.91,6.09,8.7,9.13,9.13,8.91,7.83,6.09,5,5.65,7.39,2.83,2.17,1.3,1.3,1.96,4.35,6.3,7.61,5.43,3.26,1.09,0.87,1.09,1.52,2.17,0.65,0.65,0.43,0.22,0.65,0.65,1.3,1.74,4.57,4.35,3.91,3.26,3.26,2.83,4.57,4.35,1.52,0.22,0.22,1.09,6.52,8.26,4.57,3.26,2.83,2.61,3.91,4.78,3.48,2.83,1.3,1.09,0.87
208967,"Carrick","Neighborhood","PA",1001,"Pittsburgh",394982,5,5,7.5,6.25,6.25,3.75,3.75,2.5,1.25,1.25,1.25,1.25,1.25,2.5,1.25,1.25,1.25,3.75,3.75,3.75,7.5,10,6.25,5,5,6.25,5,6.25,7.5,7.5,6.25,5,5,3.75,2.5,6.25,3.75,1.25,2.5,3.75,3.75,3.75,7.5,7.5,2.5,1.25,1.25,1.25,1.25,1.25,5,3.75,3.75,3.75,2.5,3.75,2.5,2.5,1.25,2.5,2.5,2.5,2.5,2.5,3.75,2.5,3.75,3.75,3.75,3.75,3.75,3.75,2.5,2.5,2.5,3.75,3.75,2.5,2.5,2.5,2.5,2.5,2.5,2.5,2.5,2.5,2.5,7.5,6.25,7.5,3.75,2.5,2.5,3.75,6.25,6.25,2.5,3.75,5,6.25,6.25,5,3.75,1.25,2.5,2.5
12514,"Mahopac","Neighborhood","NY",1002,"New York-Newark-Jersey City",394913,0.53,0.8,1.95,3.72,6.28,6.46,6.19,4.69,3.19,2.39,1.24,0.8,0.97,1.59,1.77,1.95,2.12,2.3,2.12,2.21,2.04,0.8,1.24,1.95,3.63,2.92,3.89,5.13,6.46,6.99,6.99,6.81,5.93,4.69,2.48,2.3,1.33,1.33,1.33,1.06,0.62,0.35,0.53,0.71,2.39,3.72,4.07,2.39,2.12,3.45,5.49,6.37,7.35,8.14,8.41,8.67,7.43,5.4,2.12,0.53,0.27,0.71,0.71,0.8,0.62,0.88,1.33,0.53,0.09,0.09,0.53,4.16,6.37,6.55,5.84,4.51,3.72,3.81,1.5,0.53,0.35,0.97,1.86,2.39,1.33,1.42,2.39,3.27,5.13,4.25,5.84,5.84,7.43,7.61,7.61,7.61,8.23,8.05,7.61,5.58,5.31,6.46,7.52,7.17,6.99,7.08
123600,"Bee Ridge","Neighborhood","FL",1003,"North Port-Sarasota-Bradenton",753906,2.14,5.71,3.57,3.57,2.86,4.29,3.57,2.14,2.14,3.57,5.71,5.71,5.71,6.43,7.86,7.86,7.86,7.14,3.57,2.14,0.71,1.43,4.29,5,5,5.71,5.71,7.14,7.86,7.86,7.14,7.14,7.14,10,9.29,10,7.86,7.86,7.86,9.29,10,9.29,8.57,7.14,7.86,8.57,9.29,9.29,10,10,9.29,7.86,6.43,5,3.57,5,6.43,7.14,6.43,7.14,7.86,7.86,7.86,7.14,2.86,3.57,2.86,4.29,5,5,7.14,5,5,3.57,2.14,2.14,5.71,8.57,8.57,8.57,6.43,4.29,4.29,4.29,4.29,4.29,5,6.43,6.43,5,3.57,3.57,5.71,7.14,5.71,5,3.57,4.29,5,7.14,4.29,4.29,4.29,5.71,4.29,3.57
271715,"Fairlington-Shirlington","Neighborhood","VA",1004,"Washington-Arlington-Alexandria",395209,10,8.46,7.69,5.38,3.85,5.38,4.62,4.62,3.85,2.31,2.31,2.31,2.31,3.08,3.08,3.08,3.85,2.31,3.08,2.31,3.08,3.85,5.38,6.15,6.15,7.69,8.46,8.46,9.23,9.23,9.23,10,10,10,10,10,10,10,10,10,10,9.23,6.92,4.62,3.85,4.62,4.62,4.62,5.38,4.62,5.38,6.15,8.46,8.46,6.92,6.92,5.38,3.85,3.85,3.85,4.62,6.15,6.15,6.15,4.62,4.62,4.62,5.38,5.38,5.38,4.62,5.38,6.92,6.92,4.62,6.15,6.15,6.92,6.15,6.92,10,10,10,10,10,10,10,10,10,10,10,10,10,10,10,10,10,10,10,10,10,10,10,10,10,10
155586,"Sherwood Forest","Neighborhood","LA",1005,"Baton Rouge",394367,2.22,2.22,3.33,3.33,3.33,3.33,3.33,2.22,3.33,2.22,2.22,2.22,3.33,3.33,3.33,2.22,2.22,2.22,2.22,2.22,2.22,3.33,6.67,4.44,4.44,4.44,5.56,5.56,5.56,3.33,3.33,3.33,2.22,2.22,1.11,1.11,1.11,1.11,2.22,1.11,1.11,2.22,1.11,1.11,1.11,1.11,1.11,1.11,1.11,1.11,1.11,3.33,3.33,4.44,3.33,2.22,2.22,2.22,3.33,7.78,8.89,7.78,6.67,5.56,5.56,3.33,2.22,4.44,7.78,10,10,10,10,10,10,8.89,8.89,8.89,8.89,7.78,3.33,3.33,1.11,1.11,1.11,1.11,2.22,1.11,1.11,1.11,2.22,2.22,4.44,1.11,2.22,1.11,2.22,4.44,6.67,6.67,3.33,2.22,2.22,2.22,3.33,3.33
241504,"Bayview Beach","Neighborhood","VA",1007,"Virginia Beach-Norfolk-Newport News",395194,1.96,2.39,4.78,8.48,9.35,9.57,9.78,9.78,9.57,4.78,1.74,1.96,5.22,6.52,6.52,5.87,5.87,5.65,4.78,4.13,5.43,8.04,7.61,5.65,5.22,6.3,8.7,9.57,6.09,6.09,3.7,8.48,6.09,5.22,3.26,2.17,2.17,2.17,1.96,2.61,2.83,3.26,5.43,7.39,8.04,6.96,5.43,6.09,5.87,6.74,6.96,8.48,8.48,8.26,6.96,7.17,9.35,8.48,4.13,2.83,6.74,8.7,8.91,8.91,8.48,8.7,6.96,5.43,3.48,2.17,2.39,3.26,4.57,6.74,8.91,9.35,8.48,8.48,8.91,9.57,9.57,9.57,9.13,6.52,5.65,7.61,7.83,5,1.3,1.09,1.3,1.3,1.74,1.96,2.39,1.96,3.91,4.57,8.7,10,9.78,8.48,5.87,5,3.26,4.78
417935,"Superstition Springs","Neighborhood","AZ",1008,"Phoenix-Mesa-Scottsdale",394976,2.33,3.33,5.67,3,1.67,1,2,3.33,5.33,8,8.67,8.33,7.67,7.33,6.33,5.33,3.33,2.67,4,8,10,10,9.67,9.33,8,8,9.33,9.33,9.67,10,10,10,10,9.33,9.67,9.67,9,9,8.33,6.67,2.33,3,4,9.67,8.33,6.67,2.67,2.67,6.67,8.33,6.67,2.67,1,1,1.67,3.33,7,9.33,9.67,10,9.33,9.33,7.67,7.67,7.67,9.67,9.67,8,7.67,8,8.33,10,10,10,10,9.67,8,9.33,10,10,9.67,7.33,5.33,6.33,8.67,10,9.67,8.33,8.33,8.33,8.33,9,9,8.67,8,7.67,8,7.33,5.67,5,4,5,7,8.33,9,10
270186,"Boulevard Heights","Neighborhood","MO",1009,"St. Louis",395121,3.75,2.5,3.75,3.75,2.5,6.25,6.25,2.5,2.5,3.75,3.75,3.75,5,3.75,3.75,3.75,3.75,3.75,3.75,2.5,2.5,5,3.75,2.5,2.5,3.75,3.75,5,6.25,6.25,6.25,3.75,5,3.75,5,6.25,2.5,2.5,2.5,2.5,6.25,6.25,5,5,5,5,3.75,1.25,1.25,1.25,1.25,2.5,3.75,5,6.25,6.25,5,1.25,2.5,3.75,10,10,10,8.75,8.75,6.25,6.25,5,6.25,5,2.5,2.5,6.25,7.5,7.5,7.5,7.5,7.5,6.25,5,5,5,5,5,7.5,6.25,7.5,6.25,3.75,2.5,2.5,3.75,3.75,5,6.25,6.25,6.25,7.5,2.5,5,6.25,7.5,7.5,8.75,6.25,5
199474,"Belmont","Neighborhood","OH",1010,"Dayton",394521,10,10,10,10,10,10,10,10,10,10,10,10,10,10,10,10,10,10,10,10,10,10,10,10,10,10,10,10,10,10,10,10,10,10,10,10,10,10,10,10,10,10,10,10,10,10,10,10,10,10,10,10,10,10,10,10,10,10,10,10,10,10,10,10,10,10,10,10,10,10,10,10,10,10,10,10,10,10,10,10,10,10,10,10,10,10,10,10,10,10,10,10,10,10,10,10,10,10,10,10,10,10,10,10,10,10
762310,"West Ward","Neighborhood","PA",1011,"Allentown-Bethlehem-Easton",394318,10,10,10,10,10,10,10,10,10,10,10,6.67,6.67,10,10,10,10,10,10,10,10,10,10,10,10,10,10,10,10,6.67,6.67,3.33,3.33,3.33,3.33,10,10,10,10,6.67,3.33,3.33,3.33,3.33,3.33,3.33,3.33,3.33,3.33,6.67,6.67,10,10,10,10,10,10,10,10,10,10,10,10,10,6.67,3.33,3.33,3.33,3.33,3.33,3.33,3.33,3.33,3.33,3.33,3.33,6.67,3.33,6.67,3.33,3.33,3.33,3.33,3.33,6.67,6.67,3.33,3.33,3.33,3.33,3.33,3.33,6.67,6.67,6.67,6.67,6.67,3.33,3.33,3.33,3.33,3.33,3.33,3.33,3.33,3.33
247782,"Sunset Hills","Neighborhood","VA",1013,"Washington-Arlington-Alexandria",395209,9.23,9.23,8.46,8.46,8.46,9.23,9.23,9.23,7.69,7.69,6.15,8.46,7.69,6.92,6.92,6.92,6.92,6.92,6.15,6.92,5.38,6.92,6.92,6.92,6.92,6.92,6.15,4.62,5.38,5.38,5.38,6.15,5.38,4.62,3.85,3.08,3.85,3.85,3.85,4.62,5.38,3.08,2.31,3.08,3.08,3.08,3.08,1.54,1.54,0.77,0.77,0.77,0.77,1.54,1.54,0.77,0.77,0.77,0.77,0.77,0.77,0.77,0.77,0.77,1.54,0.77,0.77,0.77,0.77,0.77,0.77,0.77,0.77,0.77,0.77,1.54,1.54,1.54,0.77,0.77,0.77,0.77,0.77,0.77,0.77,0.77,0.77,0.77,0.77,0.77,0.77,0.77,0.77,0.77,1.54,0.77,0.77,0.77,0.77,2.31,2.31,2.31,1.54,0.77,0.77,0.77
275900,"Waialae-Kahala","Neighborhood","HI",1014,"Urban Honolulu",753924,4.55,6.36,6.36,2.73,1.82,1.82,2.73,2.73,3.64,4.55,7.27,2.73,2.73,2.73,2.73,2.73,3.64,2.73,2.73,0.91,0.91,0.91,0.91,0.91,2.73,5.45,6.36,6.36,5.45,3.64,3.64,5.45,3.64,2.73,1.82,2.73,0.91,0.91,0.91,3.64,4.55,4.55,1.82,1.82,1.82,1.82,0.91,0.91,0.91,1.82,1.82,0.91,0.91,0.91,0.91,7.27,7.27,8.18,7.27,6.36,6.36,7.27,9.09,9.09,10,9.09,9.09,5.45,5.45,3.64,3.64,3.64,1.82,1.82,1.82,1.82,1.82,1.82,1.82,2.73,3.64,0.91,0.91,0.91,0.91,0.91,2.73,2.73,8.18,2.73,2.73,0.91,0.91,0.91,2.73,5.45,8.18,4.55,4.55,2.73,3.64,3.64,3.64,1.82,3.64,6.36
267857,"Turnagain","Neighborhood","AK",1015,"Anchorage",394327,5.83,5,5,5.83,5,5,1.67,0.83,0.83,3.33,6.67,8.33,6.67,5.83,3.33,3.33,3.33,4.17,5.83,5.83,8.33,8.33,10,10,10,10,5.83,2.5,1.67,1.67,0.83,2.5,2.5,5,5.83,9.17,10,10,5.83,4.17,2.5,3.33,5,8.33,9.17,8.33,7.5,5.83,7.5,8.33,10,10,10,10,8.33,9.17,10,10,6.67,5,4.17,3.33,2.5,1.67,1.67,3.33,8.33,9.17,9.17,8.33,8.33,10,9.17,5,1.67,1.67,2.5,8.33,10,10,10,9.17,9.17,8.33,7.5,7.5,5.83,0.83,0.83,0.83,0.83,2.5,9.17,10,10,10,10,10,10,10,9.17,6.67,4.17,3.33,4.17,4.17
166189,"West End","Neighborhood","PA",1016,"Lancaster",394768,10,10,10,10,10,10,10,10,10,10,10,10,10,10,10,10,10,10,10,10,10,10,10,10,10,10,10,10,10,10,10,10,10,10,10,10,10,10,10,10,10,10,10,10,10,10,10,10,10,10,10,10,10,10,10,10,10,10,10,10,10,10,10,10,10,10,10,10,10,10,10,10,10,10,10,10,10,10,10,10,10,10,10,10,10,10,10,10,10,10,10,10,10,10,10,10,10,10,10,10,10,10,10,10,10,10
267852,"Scenic Foothills","Neighborhood","AK",1017,"Anchorage",394327,10,7.5,3.33,1.67,5.83,8.33,10,10,10,10,8.33,5.83,4.17,4.17,7.5,8.33,6.67,1.67,0.83,1.67,5,10,9.17,8.33,8.33,7.5,5,1.67,2.5,2.5,3.33,4.17,10,10,10,3.33,2.5,1.67,3.33,5,5.83,4.17,4.17,6.67,10,10,10,9.17,5,5.83,5.83,5,5,7.5,9.17,10,7.5,5.83,5.83,6.67,7.5,9.17,6.67,5,0.83,0.83,5,7.5,8.33,9.17,10,8.33,7.5,7.5,6.67,5,3.33,5,6.67,9.17,9.17,10,10,10,8.33,5.83,4.17,1.67,2.5,2.5,4.17,7.5,8.33,7.5,6.67,6.67,8.33,9.17,9.17,9.17,10,9.17,9.17,8.33,7.5,6.67
276675,"Yorkshire","Neighborhood","NC",1019,"Charlotte-Concord-Gastonia",394458,9.41,9.41,8.24,7.65,7.65,7.65,8.82,9.41,8.82,8.24,8.24,7.06,8.24,8.82,9.41,8.82,9.41,9.41,1.76,0.59,0.59,0.59,0.59,0.59,2.94,2.94,4.12,5.29,6.47,7.06,6.47,8.24,9.41,7.65,7.65,7.06,8.24,6.47,7.65,7.06,6.47,7.06,8.24,9.41,9.41,9.41,8.24,7.06,7.65,7.65,8.24,8.82,7.06,7.65,10,10,10,10,10,10,10,10,10,10,10,10,10,10,9.41,8.82,8.82,9.41,10,9.41,8.24,5.29,5.88,7.65,8.82,10,10,9.41,9.41,10,10,9.41,9.41,9.41,9.41,9.41,9.41,9.41,9.41,9.41,8.82,10,9.41,8.82,8.24,8.82,9.41,9.41,9.41,8.82,9.41,8.82
40076,"North Springs","Neighborhood","GA",1020,"Atlanta-Sandy Springs-Roswell",394347,4.21,4.74,4.74,5.26,5.26,4.74,3.68,3.68,3.16,2.63,2.63,2.63,0.53,0.53,0.53,0.53,1.05,3.16,2.63,1.58,3.16,6.84,9.47,7.89,4.21,3.16,5.26,7.37,8.95,3.68,0.53,0.53,0.53,1.58,2.11,2.63,5.79,10,10,10,8.95,7.89,7.37,6.32,3.68,5.79,4.74,5.26,2.63,2.63,2.63,5.79,6.84,6.84,5.26,3.68,3.68,3.16,3.16,3.16,3.16,4.21,6.32,6.84,6.84,6.32,6.84,6.84,7.37,6.32,5.26,5.26,6.32,8.42,10,8.95,8.42,7.89,6.84,6.32,6.32,6.84,6.32,4.74,4.74,5.26,3.68,4.21,4.21,5.26,5.79,4.74,3.16,2.63,3.16,3.16,3.16,3.16,3.68,4.21,4.74,5.26,6.84,8.95,8.95,8.95
274769,"Northeast","Neighborhood","NV",1021,"Reno",395019,3.75,1.25,1.25,1.25,10,10,8.75,3.75,7.5,10,10,10,10,10,7.5,5,3.75,3.75,3.75,3.75,3.75,3.75,5,5,5,3.75,3.75,1.25,2.5,5,5,7.5,7.5,7.5,7.5,8.75,7.5,7.5,7.5,7.5,3.75,2.5,3.75,5,5,6.25,6.25,6.25,5,5,5,10,8.75,6.25,5,5,5,6.25,6.25,6.25,3.75,3.75,1.25,1.25,1.25,3.75,6.25,6.25,8.75,8.75,6.25,6.25,6.25,3.75,3.75,2.5,2.5,1.25,3.75,5,5,5,5,2.5,2.5,3.75,3.75,3.75,6.25,6.25,6.25,6.25,5,5,6.25,7.5,8.75,10,10,7.5,3.75,2.5,2.5,6.25,5,5
273067,"Brooklyn","Neighborhood","MD",1022,"Baltimore-Columbia-Towson",394358,1.67,3.33,4.17,4.17,2.5,2.5,2.5,2.5,3.33,5,5.83,6.67,6.67,5.83,4.17,2.5,2.5,3.33,2.5,2.5,2.5,2.5,2.5,1.67,3.33,2.5,2.5,1.67,1.67,0.83,0.83,1.67,3.33,3.33,4.17,4.17,5,5,4.17,5,4.17,9.17,9.17,10,8.33,10,8.33,6.67,9.17,6.67,4.17,3.33,7.5,10,10,10,4.17,2.5,1.67,2.5,5,7.5,5,7.5,8.33,10,10,10,10,9.17,10,10,10,9.17,6.67,5.83,7.5,10,10,7.5,5.83,2.5,2.5,4.17,5,7.5,8.33,9.17,8.33,8.33,9.17,8.33,9.17,9.17,8.33,8.33,9.17,8.33,7.5,6.67,7.5,8.33,9.17,10,9.17,8.33
274000,"Highland Park","Neighborhood","IA",1023,"Des Moines-West Des Moines",394531,4,5,5,5,5,4,3,2,1,3,4,10,10,8,7,7,7,5,3,2,2,2,2,2,2,5,7,6,6,5,6,6,8,8,5,7,7,9,4,2,2,1,1,1,3,5,6,8,8,8,6,5,2,5,4,6,2,1,1,1,2,2,3,3,3,3,3,3,3,2,1,1,1,5,3,3,4,8,5,7,9,10,9,8,8,8,6,6,7,7,6,5,9,7,5,4,5,7,5,2,2,2,3,4,5,4
34257,"Terryville","Neighborhood","CT",1024,"Torrington",395162,10,10,10,10,10,10,10,10,10,10,10,10,10,10,10,10,10,10,10,10,10,10,10,10,10,10,10,10,10,10,10,10,10,10,10,10,10,10,10,10,10,10,10,10,10,10,10,10,10,10,10,10,10,10,10,10,10,10,10,10,10,10,10,10,10,10,10,10,10,10,10,10,10,10,10,10,10,10,10,10,10,10,10,10,10,10,10,10,10,10,10,10,10,10,10,10,10,10,10,10,10,10,10,10,10,10
276277,"Coulwood West","Neighborhood","NC",1025,"Charlotte-Concord-Gastonia",394458,10,10,10,10,10,10,10,10,9.41,8.82,7.06,4.12,4.71,4.71,4.71,3.53,4.12,4.71,5.88,5.29,5.29,4.71,4.12,8.24,5.29,4.71,2.35,1.76,0.59,0.59,0.59,0.59,1.18,1.76,3.53,5.29,5.29,2.35,2.94,2.94,3.53,4.12,4.71,8.24,8.24,6.47,4.71,4.71,6.47,7.06,7.65,9.41,9.41,9.41,8.24,8.82,9.41,9.41,8.82,7.65,6.47,5.88,7.06,7.65,8.82,5.29,3.53,2.94,4.71,8.24,8.24,8.24,9.41,10,10,9.41,9.41,8.82,8.24,8.24,7.65,8.24,8.82,8.24,8.82,10,10,10,10,10,8.82,8.24,8.82,8.82,9.41,9.41,10,10,9.41,7.65,8.24,8.24,8.24,9.41,10,10
210059,"East Falls","Neighborhood","PA",1026,"Philadelphia-Camden-Wilmington",394974,2.9,3.06,4.19,5.48,5.81,5.32,5.32,2.74,3.06,1.94,4.68,4.84,7.1,6.77,7.74,6.77,5.97,7.9,9.52,6.29,2.42,0.81,0.97,0.97,0.81,1.45,1.13,1.29,0.97,2.42,3.23,5.65,4.68,4.03,1.94,1.77,3.23,3.71,7.42,8.06,8.23,7.42,5.16,4.03,4.03,3.39,4.35,2.74,2.42,2.42,3.39,2.74,1.94,0.97,0.48,1.45,2.9,6.61,6.77,7.26,5.48,1.94,1.77,0.97,1.61,1.13,1.13,2.26,5.48,9.19,8.87,7.9,6.77,6.77,7.9,4.52,2.74,0.32,2.1,3.06,7.42,7.74,9.19,9.52,9.68,9.35,9.68,9.35,9.68,10,10,10,9.68,9.19,9.19,9.52,9.68,9.03,6.61,5.48,1.77,0.97,2.42,6.29,9.68,8.87
125385,"Murray Hill","Neighborhood","FL",1027,"Jacksonville",394714,7,6,5,3,3.67,4,5.67,6.33,7,7.67,7.67,4.33,3.33,3,6.67,6.67,7.67,5.67,5,5.67,5.67,6.67,6.67,7,5.67,6.33,6.67,7.67,6.67,4.33,3,2.33,4.33,4.67,4,3.67,2.67,2.33,2,4,5,7,7,2.67,1.67,1.33,1.67,1.33,2,4.33,5.67,5,5.33,6.67,8.67,7.67,6.67,3.67,3.67,4,5,6.33,6.67,8.33,9,9.33,8.67,6,5,4,5.33,6.33,8,9.67,9.67,8.33,6.67,4.33,5,4.33,6.33,7.33,8.67,10,9.33,9,9,9,9,8.33,8,7,6,6.67,6.67,8,8,8,8,7.67,7.67,7,7,5.67,6,7
269186,"South Middle River","Neighborhood","FL",1029,"Miami-Fort Lauderdale-West Palm Beach",394856,3.73,3.28,3.13,2.84,2.84,1.79,2.99,3.73,5.52,4.03,5.37,7.46,9.85,10,10,9.85,9.1,7.16,5.82,6.12,6.72,8.96,8.66,8.51,7.01,7.31,7.46,8.06,8.36,7.76,4.18,4.33,5.37,6.57,7.46,7.91,8.51,8.21,7.91,6.87,7.16,8.21,8.81,6.12,5.22,2.24,2.09,2.99,5.07,5.67,5.52,3.58,4.63,5.67,7.31,7.46,6.12,5.82,5.67,7.46,8.51,9.85,9.85,9.85,9.55,8.51,8.21,8.06,8.81,8.06,7.31,5.67,4.78,3.88,5.07,7.31,8.96,9.4,9.1,7.46,5.07,3.88,4.63,6.57,7.31,7.31,5.97,5.67,4.48,5.22,7.31,7.76,7.46,7.01,6.27,6.42,4.78,5.22,5.67,5.82,6.12,5.97,6.27,5.67,6.12,3.58
273068,"Brookside","Neighborhood","CA",1031,"Stockton-Lodi",395134,6.67,3.33,6.67,6.67,10,10,10,6.67,6.67,3.33,3.33,3.33,10,3.33,3.33,3.33,3.33,3.33,3.33,3.33,3.33,3.33,3.33,3.33,3.33,3.33,3.33,3.33,3.33,3.33,3.33,3.33,3.33,3.33,3.33,6.67,3.33,3.33,3.33,3.33,3.33,3.33,3.33,3.33,3.33,3.33,3.33,3.33,3.33,3.33,3.33,3.33,3.33,3.33,3.33,3.33,3.33,3.33,3.33,3.33,3.33,3.33,3.33,3.33,3.33,3.33,3.33,3.33,3.33,3.33,3.33,3.33,3.33,3.33,3.33,3.33,3.33,3.33,3.33,3.33,3.33,3.33,3.33,3.33,3.33,3.33,3.33,3.33,6.67,6.67,3.33,3.33,3.33,3.33,3.33,3.33,3.33,6.67,6.67,6.67,3.33,3.33,3.33,3.33,6.67,6.67
125047,"Lakewood Park","Neighborhood","FL",1032,"Port St. Lucie",394995,3.33,3.33,3.33,3.33,3.33,3.33,3.33,3.33,3.33,3.33,3.33,3.33,3.33,3.33,6.67,6.67,6.67,6.67,6.67,6.67,6.67,3.33,3.33,3.33,3.33,6.67,3.33,3.33,3.33,6.67,6.67,3.33,3.33,3.33,3.33,3.33,3.33,3.33,3.33,3.33,3.33,3.33,6.67,3.33,3.33,3.33,6.67,10,10,10,10,10,6.67,6.67,3.33,3.33,3.33,3.33,3.33,3.33,3.33,3.33,3.33,3.33,6.67,6.67,6.67,3.33,3.33,3.33,6.67,6.67,6.67,10,10,6.67,10,10,10,10,10,10,6.67,6.67,3.33,6.67,10,10,10,6.67,3.33,3.33,6.67,6.67,6.67,6.67,6.67,6.67,6.67,3.33,3.33,6.67,6.67,6.67,3.33,6.67
273248,"Churchill","Neighborhood","OR",1033,"Eugene",394576,6,6,4,6,8,8,6,4,2,2,2,2,2,2,2,2,2,2,4,6,4,4,4,4,4,4,4,6,6,6,6,2,2,2,2,2,2,2,2,4,4,8,6,4,2,2,2,2,2,2,2,2,2,2,2,2,2,2,2,2,2,4,2,4,4,6,6,4,4,2,2,2,2,2,4,4,4,6,4,2,2,4,4,6,6,6,4,4,4,4,2,2,2,2,2,2,2,4,4,6,6,6,4,4,4,4
268777,"West Highland","Neighborhood","CO",1034,"Denver-Aurora-Lakewood",394530,2.31,1.54,2.69,3.85,6.54,6.92,6.54,5.38,3.85,6.15,6.92,8.08,6.54,7.69,7.69,9.23,7.69,6.54,6.92,8.85,7.69,7.31,5.38,6.15,5.77,7.69,4.23,4.62,5,7.69,7.31,6.15,5.77,5.77,6.54,7.31,6.92,4.23,4.62,3.08,3.46,1.54,1.92,1.54,3.46,2.69,3.46,3.46,4.62,7.31,7.69,5.77,4.62,3.46,2.69,3.08,3.46,3.85,5.38,5.38,6.15,5.77,6.54,5.38,5.38,4.62,5,4.23,4.62,5,5.77,6.15,6.54,5.38,4.62,5,5.77,6.92,6.54,6.92,6.54,8.08,7.31,8.46,8.46,8.85,8.46,7.69,7.31,6.54,6.54,6.54,6.92,4.23,3.85,3.08,3.85,3.85,5.38,7.69,8.46,8.08,7.69,7.31,8.46,9.62
264122,"Pinebrook","Neighborhood","FL",1035,"North Port-Sarasota-Bradenton",753906,5,5,5,6.43,7.14,7.14,6.43,4.29,2.86,2.14,1.43,2.86,2.14,1.43,1.43,2.86,2.86,4.29,2.86,2.86,5,5,5,4.29,4.29,3.57,3.57,2.86,1.43,1.43,0.71,0.71,0.71,2.86,2.86,2.14,0.71,0.71,1.43,2.14,2.86,3.57,2.86,5,6.43,7.14,4.29,3.57,4.29,5,4.29,5,5,4.29,2.86,2.86,2.86,1.43,3.57,5.71,6.43,7.14,4.29,2.14,6.43,6.43,6.43,2.86,2.86,3.57,4.29,4.29,3.57,4.29,5.71,5.71,7.14,3.57,2.86,2.14,2.14,5,5,3.57,2.86,2.86,2.86,2.14,2.86,4.29,5,8.57,7.14,6.43,7.14,7.14,6.43,6.43,6.43,5,3.57,2.86,5,4.29,5,6.43
272953,"Beverly","Neighborhood","OH",1036,"Toledo",395160,5,5.83,5,6.67,8.33,8.33,5.83,5.83,5,3.33,2.5,4.17,5.83,5,2.5,1.67,1.67,2.5,1.67,0.83,1.67,0.83,0.83,2.5,3.33,2.5,1.67,0.83,0.83,3.33,3.33,4.17,5,5,5.83,3.33,2.5,1.67,1.67,1.67,1.67,2.5,4.17,4.17,4.17,2.5,4.17,2.5,1.67,2.5,5,8.33,8.33,7.5,6.67,5,1.67,0.83,0.83,0.83,0.83,0.83,1.67,1.67,3.33,4.17,5.83,5.83,5.83,3.33,5,7.5,8.33,10,10,9.17,9.17,5.83,1.67,0.83,0.83,2.5,1.67,0.83,0.83,1.67,5,6.67,5.83,5.83,2.5,2.5,1.67,2.5,0.83,0.83,0.83,1.67,3.33,3.33,5.83,7.5,7.5,7.5,4.17,3.33
763904,"East Bench","Neighborhood","UT",1037,"Ogden-Clearfield",394931,3.33,3.33,3.33,3.33,3.33,3.33,3.33,3.33,3.33,3.33,3.33,3.33,3.33,3.33,6.67,6.67,6.67,6.67,6.67,3.33,3.33,3.33,6.67,3.33,3.33,3.33,3.33,3.33,6.67,6.67,6.67,6.67,3.33,3.33,3.33,3.33,3.33,3.33,3.33,3.33,3.33,3.33,3.33,3.33,3.33,3.33,3.33,3.33,3.33,3.33,3.33,3.33,3.33,3.33,3.33,3.33,3.33,3.33,6.67,3.33,3.33,3.33,6.67,6.67,6.67,10,10,6.67,3.33,3.33,3.33,6.67,6.67,3.33,3.33,3.33,3.33,3.33,3.33,3.33,3.33,6.67,6.67,6.67,3.33,3.33,6.67,6.67,6.67,6.67,3.33,3.33,3.33,3.33,3.33,3.33,6.67,3.33,3.33,3.33,3.33,3.33,3.33,3.33,3.33,3.33
27431,"Toluca Lake","Neighborhood","CA",1038,"Los Angeles-Long Beach-Anaheim",753899,0.23,0.23,0.35,0.7,0.35,0.12,0.23,1.51,6.16,9.65,8.95,9.42,9.19,3.49,2.91,3.14,8.72,8.95,8.84,8.95,7.79,5.58,2.09,2.09,2.56,6.4,3.14,0.93,0.58,0.7,0.7,1.63,2.67,4.07,5,5.12,4.42,2.09,1.05,1.16,1.86,3.26,2.09,0.93,0.47,0.35,0.7,1.74,3.95,3.95,0.93,0.47,0.35,0.93,5,6.51,7.21,6.16,6.51,5.35,4.65,3.02,2.09,2.09,1.86,4.07,5.23,8.26,5.23,3.26,2.44,5.35,8.6,9.65,8.6,6.51,2.91,3.6,3.6,5.12,3.37,4.07,7.33,9.19,8.84,8.95,9.53,9.65,9.65,8.72,6.51,3.49,5.12,5.12,5,1.63,1.74,2.33,4.3,1.86,1.74,1.28,2.44,4.42,4.3,2.21
23420,"Airmont","Neighborhood","NY",1039,"New York-Newark-Jersey City",394913,8.94,9.38,9.82,9.91,9.91,9.91,9.82,9.73,9.56,9.73,9.91,9.91,9.91,9.82,9.91,9.91,9.91,9.91,9.65,9.2,9.29,9.47,9.82,9.82,9.73,9.73,9.82,9.82,9.82,9.73,9.03,8.5,8.58,9.03,8.94,8.5,5.22,2.83,0.71,0.88,1.06,1.33,1.42,2.04,2.04,2.3,3.01,5.66,6.64,7.08,2.74,0.35,1.06,3.98,8.05,3.1,1.24,0.62,1.06,2.3,5.04,4.78,4.25,3.27,1.77,1.06,1.15,2.12,1.77,1.15,1.95,3.89,4.25,2.21,1.24,2.3,5.66,7.35,6.37,2.92,2.74,3.36,5.4,6.02,7.17,5.66,5.13,3.19,2.48,0.53,0.27,0.18,0.27,0.53,1.86,5.49,5.58,5.75,2.74,0.62,0.27,0.27,0.88,3.19,4.07,3.63
761403,"Kelly Creek","Neighborhood","OR",1040,"Portland-Vancouver-Hillsboro",394998,3.5,2,3,3,6,7.5,9,9,9,9.5,9.5,8.5,8.5,8.5,7,7,7.5,8,9,7.5,6.5,7,8,8,8,7.5,7,8,7.5,7,6.5,4,4,3.5,4,4.5,7,7.5,7.5,6,5,6,7,6.5,4.5,4,4,3.5,4,5,5,7,7.5,7,5.5,4.5,4.5,4,4.5,4,3.5,4,3.5,3,1,1,1.5,4,3,3.5,4,5.5,6.5,9,8.5,9,7.5,7.5,5.5,6,5,5.5,7.5,8.5,9,9.5,9.5,9.5,9,8,7.5,7.5,8.5,9,9.5,9.5,9,9.5,9,10,9,7.5,7,5.5,6.5,6.5
230477,"West Meade","Neighborhood","TN",1041,"Nashville-Davidson--Murfreesboro--Franklin",394902,10,10,10,10,7.5,2.5,2.5,2.5,2.5,10,10,5,2.5,2.5,2.5,2.5,5,5,5,2.5,2.5,2.5,2.5,2.5,2.5,5,5,5,5,5,7.5,7.5,10,10,10,5,2.5,2.5,2.5,2.5,2.5,2.5,2.5,2.5,7.5,7.5,7.5,7.5,10,7.5,7.5,2.5,2.5,2.5,2.5,2.5,5,5,5,5,5,5,2.5,2.5,2.5,2.5,2.5,7.5,7.5,5,5,5,5,5,5,2.5,2.5,2.5,2.5,2.5,2.5,5,5,5,5,5,2.5,2.5,2.5,5,7.5,7.5,5,5,5,5,5,2.5,2.5,2.5,2.5,2.5,2.5,2.5,7.5,7.5
269216,"Upper Eastside","Neighborhood","FL",1042,"Miami-Fort Lauderdale-West Palm Beach",394856,4.48,4.18,2.54,2.39,3.28,3.43,3.73,1.79,1.34,0.9,2.09,1.94,2.39,3.88,7.01,8.36,7.31,5.37,3.58,2.54,1.49,2.39,5.52,8.96,9.4,9.1,9.1,8.21,7.61,5.97,6.57,7.76,7.46,6.72,5.67,4.78,2.99,3.58,3.73,4.18,2.09,1.19,1.79,0.6,0.75,0.6,1.34,3.13,3.28,2.99,4.18,6.42,7.01,7.31,7.01,8.06,7.46,7.46,6.27,7.16,6.42,6.42,6.27,5.82,5.82,5.52,5.82,6.12,5.37,4.33,4.33,4.63,4.93,4.78,6.12,6.87,6.87,5.82,6.57,6.87,6.57,6.12,4.33,3.13,2.99,2.99,4.48,4.93,5.97,5.82,5.52,3.88,2.09,1.79,2.24,2.84,1.64,1.94,1.94,3.28,2.69,2.39,2.24,2.09,2.69,4.18
272880,"Bayshore-Klatt","Neighborhood","AK",1043,"Anchorage",394327,4.17,4.17,6.67,5,2.5,1.67,2.5,5,5.83,7.5,9.17,9.17,9.17,6.67,4.17,1.67,1.67,5,7.5,9.17,9.17,7.5,8.33,7.5,6.67,8.33,10,10,10,8.33,7.5,7.5,9.17,8.33,8.33,5.83,8.33,7.5,7.5,8.33,8.33,8.33,7.5,7.5,6.67,6.67,5.83,5,6.67,7.5,7.5,7.5,6.67,6.67,5.83,6.67,5.83,7.5,7.5,7.5,6.67,5.83,5.83,5.83,5,2.5,3.33,5.83,6.67,6.67,6.67,6.67,8.33,8.33,7.5,8.33,8.33,6.67,5,3.33,2.5,3.33,4.17,6.67,5,4.17,3.33,5.83,5,6.67,6.67,5.83,5.83,6.67,8.33,8.33,5.83,5,5,4.17,8.33,10,10,10,10,9.17
120442,"Stonegate","Neighborhood","CO",1044,"Denver-Aurora-Lakewood",394530,5,6.15,4.62,4.23,3.85,5,4.62,6.15,5.77,6.54,5,3.85,3.46,3.08,3.46,3.08,3.85,5.38,5.77,7.69,6.15,5.77,6.92,7.69,8.46,6.54,5.38,2.69,5.38,5.38,8.85,9.62,10,10,9.62,6.92,5.77,5.38,3.46,6.54,9.23,9.62,8.08,5.38,5.38,5.77,6.15,5.77,5.38,5.77,6.54,6.54,6.15,6.92,8.08,8.08,8.46,7.69,7.69,6.92,5.77,5,4.62,4.62,5,6.15,5.38,6.15,5.38,6.92,6.92,7.69,7.31,6.92,6.15,7.69,9.23,9.62,9.62,9.62,9.23,9.23,7.69,7.31,7.69,8.08,7.69,6.92,6.54,7.31,6.92,6.92,5,3.08,1.54,2.31,2.69,2.69,2.31,1.92,2.69,3.85,5.77,7.69,9.23,8.46
623404,"Highland Garden","Neighborhood","FL",1045,"Miami-Fort Lauderdale-West Palm Beach",394856,8.36,8.66,8.51,8.81,8.21,8.66,8.51,9.55,9.7,8.96,8.66,8.36,7.91,8.66,7.76,7.76,7.61,8.36,8.21,7.91,8.36,9.55,8.51,8.21,6.72,7.76,6.87,7.01,6.72,8.21,7.91,8.51,8.96,9.55,9.85,9.85,8.96,8.66,8.66,9.1,9.1,9.1,8.36,8.51,6.42,4.93,2.54,2.54,3.43,5.22,7.46,8.51,9.25,9.4,9.25,9.55,9.7,9.4,9.25,7.31,5.97,5.37,7.46,8.21,7.61,7.46,5.97,4.03,2.99,5.22,7.46,9.4,9.7,9.55,9.7,9.55,9.4,8.06,7.46,6.12,5.82,5.97,6.87,8.36,8.06,7.01,4.93,4.78,6.12,8.51,8.81,8.66,8.96,8.36,8.66,8.66,8.51,6.87,6.72,8.81,9.4,9.55,9.25,8.96,9.25,8.66
189279,"Lake Mohawk","Neighborhood","NJ",1046,"New York-Newark-Jersey City",394913,5.58,6.28,4.96,3.63,3.19,3.01,3.45,3.89,6.19,5.93,5.04,2.48,2.3,2.57,4.25,5.84,6.81,7.79,8.41,8.32,5.58,3.89,3.98,5.31,6.81,7.61,7.17,5.66,4.34,3.54,2.3,1.59,0.71,1.24,2.3,3.01,3.54,5.4,6.81,7.26,6.99,6.37,6.99,5.93,5.04,4.96,5.31,5.75,5.66,5.75,5.84,6.64,7.96,5.84,4.6,3.72,6.55,7.26,8.32,7.08,6.73,2.12,0.8,0.62,0.8,0.8,0.88,0.97,0.71,1.5,0.88,1.77,1.5,2.48,4.25,7.43,8.85,9.03,8.76,8.41,7.88,5.22,4.07,4.87,5.58,5.58,6.28,6.37,7.17,7.35,7.52,7.88,5.22,3.45,2.04,3.36,5.93,6.19,5.93,6.11,6.64,8.05,8.94,8.85,8.67,7.17
195125,"Greenville","Neighborhood","NY",1047,"New York-Newark-Jersey City",394913,5.84,5.22,5.49,6.9,7.35,7.52,7.52,7.96,8.14,9.12,9.47,9.65,9.56,9.65,9.65,9.56,9.56,9.65,9.82,9.38,8.23,7.17,7.08,7.61,7.35,7.79,8.05,7.79,7.7,7.43,7.17,8.41,8.94,9.29,9.03,8.41,4.96,4.16,3.1,3.45,2.12,0.8,2.48,5.66,8.41,6.99,5.13,3.1,2.74,2.83,4.42,5.13,5.31,4.69,3.72,6.55,7.61,8.41,7.96,7.61,5.66,4.25,3.98,3.63,2.12,0.71,0.62,1.33,3.36,5.58,5.13,3.19,1.59,1.15,0.71,0.8,0.8,3.72,6.99,8.14,8.23,8.05,7.26,7.52,7.61,8.23,8.23,2.83,0.18,0.09,0.62,4.34,6.73,6.64,7.35,7.26,6.99,5.4,0.88,0.53,0.8,4.51,6.37,7.7,6.81,6.11
396662,"Erlton-Ellisburg","Neighborhood","NJ",1048,"Philadelphia-Camden-Wilmington",394974,0.16,0.16,0.16,0.32,0.65,0.65,0.81,0.65,0.32,0.16,0.16,0.16,0.16,0.16,0.48,0.65,0.48,0.81,0.65,0.65,0.48,0.32,0.32,0.32,0.32,0.32,0.48,0.97,1.29,1.61,1.77,1.45,0.97,1.61,2.74,5.32,5.81,8.55,8.39,6.94,5.16,3.55,4.68,4.84,3.39,3.55,4.68,5.65,5.65,4.03,3.55,3.71,4.52,5.97,7.9,7.74,6.61,3.39,3.06,4.84,3.71,2.1,0.97,0.81,1.29,1.29,1.61,0.65,0.16,0.97,3.71,5.48,7.42,7.1,8.71,9.84,8.87,4.19,0.81,0.48,1.13,1.13,0.97,0.97,0.81,0.48,0.65,1.29,4.52,7.26,5.16,2.74,1.13,0.65,0.32,0.48,0.48,0.97,0.32,0.32,0.32,0.32,0.32,0.81,3.87,4.84
268688,"Lowry Field","Neighborhood","CO",1049,"Denver-Aurora-Lakewood",394530,0.77,0.77,0.77,0.77,0.77,1.54,2.31,3.08,6.54,3.46,3.08,1.54,0.38,0.38,0.38,1.54,2.31,5.77,5.38,4.62,3.46,2.69,1.92,1.15,1.54,3.08,5.77,5.38,3.46,4.62,5.77,6.54,5.38,3.85,4.23,3.85,4.23,6.92,6.54,2.69,1.15,1.92,5.77,9.23,7.69,6.15,6.54,6.15,6.54,6.92,5.38,4.62,3.85,5,6.54,7.31,5.77,4.23,3.85,3.85,3.85,4.23,3.85,3.08,3.46,5.77,7.69,10,8.85,6.15,5,4.62,5.77,6.54,7.69,8.85,8.85,8.85,7.69,5.38,4.23,3.46,4.23,3.85,4.23,4.62,3.46,4.23,5.38,7.69,7.69,6.15,7.69,9.23,9.62,10,9.62,9.62,8.85,9.62,10,10,10,9.62,8.85,8.08
274718,"North Hills","Neighborhood","TX",1050,"El Paso",394561,2.5,2.5,1.25,1.25,1.25,1.25,2.5,6.25,10,10,7.5,5,1.25,1.25,1.25,2.5,1.25,1.25,1.25,1.25,5,5,6.25,3.75,2.5,2.5,8.75,8.75,3.75,2.5,3.75,7.5,8.75,10,10,10,10,10,10,8.75,10,10,10,10,8.75,8.75,10,10,10,10,10,10,8.75,7.5,3.75,2.5,2.5,7.5,10,10,8.75,7.5,7.5,7.5,5,1.25,1.25,1.25,2.5,2.5,2.5,3.75,3.75,2.5,2.5,7.5,7.5,6.25,5,7.5,8.75,8.75,8.75,8.75,7.5,7.5,7.5,3.75,7.5,10,10,5,8.75,10,10,7.5,6.25,7.5,8.75,10,7.5,6.25,7.5,6.25,7.5,7.5
276638,"Water Catchment Area","Neighborhood","FL",1051,"Miami-Fort Lauderdale-West Palm Beach",394856,3.28,2.39,2.99,3.43,4.33,3.88,4.33,5.22,6.72,8.06,9.1,8.06,6.72,6.87,8.66,9.25,8.96,9.1,8.36,8.36,8.21,8.21,6.12,3.88,2.39,1.64,1.34,2.54,3.43,7.01,8.21,8.66,8.21,7.31,7.16,7.31,7.46,7.61,5.37,5.97,7.61,9.4,9.55,8.81,7.31,6.87,6.72,6.27,7.01,6.87,5.07,4.78,3.43,3.43,3.43,4.18,4.48,3.28,1.79,1.49,3.58,4.63,5.37,6.12,6.42,6.42,7.31,6.57,6.57,7.16,7.16,7.01,7.16,7.61,8.06,8.36,8.36,7.01,6.87,7.01,7.76,7.31,6.72,6.87,7.16,7.76,8.06,8.66,8.81,8.81,8.36,8.36,8.36,7.91,7.76,7.01,6.12,5.37,5.52,5.37,6.72,7.01,6.87,6.57,6.57,6.72
269391,"North Buckhead","Neighborhood","GA",1052,"Atlanta-Sandy Springs-Roswell",394347,6.32,7.37,6.32,6.84,6.84,6.84,5.79,5.79,5.79,5.79,5.79,5.79,4.74,2.63,3.16,3.16,6.32,6.32,6.32,6.84,6.84,7.89,7.37,8.95,8.95,7.89,8.42,7.89,7.89,6.84,4.74,3.68,4.21,4.21,4.74,4.74,4.74,2.63,4.74,6.32,6.32,6.84,5.79,4.74,4.21,3.16,3.16,3.16,3.16,3.16,3.68,4.74,4.74,4.21,3.16,2.63,2.63,2.11,2.11,1.58,1.58,1.58,2.11,2.11,2.63,2.11,1.05,1.05,1.05,1.58,1.58,2.63,2.63,2.63,2.11,2.11,2.11,1.05,1.05,1.05,2.11,1.58,2.11,1.58,2.11,2.63,3.16,3.68,2.11,1.58,1.05,1.05,1.58,1.05,1.05,1.58,0.53,0.53,1.05,2.11,2.11,2.63,2.63,1.58,1.05,1.05
202657,"Oakley","Neighborhood","OH",1053,"Cincinnati",394466,4,4,5,4,4,4,7,8,9,9,10,10,10,10,10,10,10,10,10,10,9,8,9,9,9,7,9,7,6,5,7,7,9,9,10,10,10,10,10,10,10,10,10,10,10,10,10,10,10,10,10,10,10,10,10,10,10,10,10,10,10,10,10,10,10,10,10,10,10,10,10,10,10,10,10,10,10,7,7,6,8,10,10,9,10,10,10,8,8,7,5,3,1,2,3,4,3,4,4,7,8,8,6,5,4,4
276523,"Providence Plantation","Neighborhood","NC",1054,"Charlotte-Concord-Gastonia",394458,2.35,1.76,1.76,2.35,2.94,3.53,3.53,2.35,2.94,2.35,2.94,2.94,3.53,2.94,4.12,4.71,4.71,4.12,3.53,4.12,4.12,4.12,2.94,3.53,3.53,5.29,5.29,4.71,4.12,1.76,1.76,1.18,0.59,0.59,0.59,0.59,0.59,0.59,2.35,2.35,2.94,1.76,1.76,1.18,1.18,1.18,1.18,0.59,1.18,1.18,1.18,1.18,2.35,2.35,2.35,2.35,1.18,0.59,1.76,1.76,2.94,3.53,3.53,3.53,4.12,3.53,2.94,1.76,0.59,0.59,1.18,1.18,1.76,1.18,1.18,0.59,0.59,0.59,0.59,0.59,0.59,0.59,0.59,0.59,0.59,0.59,1.18,2.35,2.35,1.18,0.59,0.59,0.59,0.59,0.59,0.59,0.59,0.59,0.59,1.18,0.59,0.59,0.59,0.59,0.59,0.59
273778,"Foxhill","Neighborhood","VA",1055,"Virginia Beach-Norfolk-Newport News",395194,2.83,2.83,2.39,2.83,1.96,2.83,1.96,1.09,1.09,1.3,2.83,2.83,3.7,4.13,5.87,5.43,5.22,5.22,5.65,5.65,5.65,5,5,5.87,4.57,3.04,2.39,1.09,1.09,0.87,0.87,0.22,0.65,3.26,7.17,3.91,2.39,1.96,2.39,2.17,2.61,3.04,2.83,2.17,3.04,3.91,9.78,9.78,8.7,5.43,2.17,2.39,1.3,0.65,0.43,0.65,0.22,0.22,0.22,0.87,1.96,1.96,1.3,1.09,0.22,0.65,0.87,0.87,1.3,1.3,1.3,0.87,1.74,2.61,2.39,4.78,3.26,1.52,0.43,0.43,1.09,1.96,1.96,2.39,3.48,4.57,1.52,0.43,0.43,0.22,0.65,1.52,5,3.91,2.83,1.3,2.83,3.48,3.48,2.17,2.83,2.61,3.26,3.04,5,3.91
274592,"Morningside - Lenox Park","Neighborhood","GA",1056,"Atlanta-Sandy Springs-Roswell",394347,4.74,4.21,4.21,4.21,4.74,3.16,5.26,6.32,7.89,7.37,5.26,3.68,1.58,4.21,4.21,4.21,4.74,3.68,1.05,1.05,0.53,0.53,1.58,3.68,2.63,4.74,3.16,4.74,5.79,7.37,5.79,2.63,2.63,2.63,3.16,4.21,6.84,8.42,8.42,8.42,6.84,4.21,3.16,2.11,3.16,4.21,6.32,7.37,6.84,6.84,6.84,7.37,8.42,7.37,5.79,4.74,4.21,3.68,2.63,2.11,2.11,2.11,2.63,1.58,1.58,1.58,1.58,2.11,2.63,2.63,3.16,3.16,3.16,3.16,3.16,3.68,3.68,3.68,2.11,2.11,1.58,2.11,1.58,1.05,1.05,1.05,1.58,1.05,2.63,2.11,2.11,2.11,2.11,1.58,1.58,0.53,1.05,1.05,1.58,3.16,2.63,2.11,2.11,2.63,1.58,1.58
270105,"Downtown","Neighborhood","MN",1057,"Minneapolis-St. Paul-Bloomington",394865,1.11,1.11,1.11,1.11,1.11,1.11,1.11,1.11,1.11,1.11,1.11,1.11,1.11,1.11,1.11,1.11,1.11,1.11,1.11,1.11,1.11,1.11,1.11,1.11,1.11,1.11,6.67,4.44,4.44,4.44,4.44,6.67,4.44,2.22,3.33,3.33,1.11,1.11,1.11,1.11,1.11,1.11,1.11,1.11,1.11,7.78,7.78,10,10,10,10,10,5.56,5.56,8.89,8.89,8.89,3.33,1.11,2.22,2.22,3.33,6.67,5.56,2.22,3.33,2.22,1.11,1.11,1.11,1.11,10,10,10,7.78,2.22,1.11,3.33,3.33,2.22,2.22,1.11,1.11,1.11,2.22,2.22,4.44,4.44,2.22,2.22,1.11,2.22,3.33,3.33,1.11,1.11,1.11,1.11,1.11,1.11,1.11,2.22,3.33,3.33,2.22,1.11
54490,"South Yarmouth","Neighborhood","MA",1058,"Barnstable Town",394361,7.5,7.5,7.5,10,10,10,10,10,10,6.25,6.25,6.25,6.25,6.25,5,2.5,3.75,3.75,5,5,7.5,8.75,7.5,6.25,5,6.25,6.25,6.25,6.25,5,3.75,5,5,5,3.75,3.75,5,8.75,8.75,8.75,8.75,10,10,8.75,6.25,7.5,8.75,7.5,8.75,8.75,7.5,5,5,3.75,5,5,6.25,5,5,5,6.25,7.5,7.5,8.75,10,10,10,10,8.75,8.75,8.75,8.75,10,8.75,7.5,8.75,7.5,7.5,7.5,7.5,6.25,6.25,3.75,2.5,3.75,2.5,2.5,3.75,3.75,3.75,2.5,2.5,2.5,1.25,3.75,6.25,6.25,5,3.75,5,5,5,5,5,5,5
229812,"South Knoxville","Neighborhood","TN",1059,"Knoxville",394753,10,10,10,10,10,10,10,10,10,10,10,10,10,10,10,10,10,10,10,10,10,10,10,10,10,10,10,10,10,10,10,10,10,10,10,10,10,10,10,10,10,10,10,10,10,10,10,10,10,10,10,10,10,10,10,10,10,10,10,10,10,10,10,10,10,10,10,10,10,10,10,10,10,10,10,10,10,10,10,10,10,10,10,10,10,10,10,10,10,10,10,10,10,10,10,10,10,10,10,10,10,10,10,10,10,10
201948,"Madisonville","Neighborhood","OH",1060,"Cincinnati",394466,8,8,7,7,7,8,9,7,7,8,8,7,6,6,8,8,7,7,6,4,4,4,5,6,8,10,8,6,5,8,8,8,7,8,7,6,6,5,6,6,7,8,9,8,6,5,5,6,5,6,6,8,8,8,7,7,7,8,8,8,8,7,7,7,7,7,7,4,6,6,7,8,9,9,9,9,9,10,9,10,10,9,8,10,9,9,9,10,9,9,8,6,7,9,9,9,9,9,10,10,10,10,10,9,9,9
343863,"Wade","Neighborhood","NC",1062,"Raleigh",395012,2.73,4.55,3.64,5.45,7.27,7.27,9.09,8.18,7.27,7.27,5.45,4.55,6.36,8.18,6.36,3.64,1.82,0.91,2.73,7.27,10,10,10,10,2.73,1.82,0.91,0.91,0.91,0.91,0.91,1.82,1.82,1.82,1.82,1.82,3.64,2.73,2.73,0.91,1.82,1.82,2.73,5.45,6.36,3.64,0.91,0.91,1.82,6.36,8.18,8.18,5.45,5.45,1.82,1.82,1.82,2.73,2.73,2.73,1.82,1.82,2.73,2.73,2.73,1.82,1.82,1.82,1.82,1.82,2.73,3.64,3.64,3.64,3.64,1.82,2.73,1.82,1.82,2.73,2.73,2.73,3.64,3.64,3.64,1.82,0.91,0.91,0.91,1.82,1.82,3.64,3.64,1.82,1.82,1.82,1.82,1.82,1.82,1.82,1.82,0.91,1.82,1.82,1.82,1.82
395973,"Gunbarrel","Neighborhood","CO",1064,"Boulder",394405,10,10,10,10,10,10,10,10,10,10,10,10,10,10,10,10,10,10,10,10,10,10,10,10,10,10,10,10,10,10,10,10,10,10,10,10,10,10,10,10,10,10,10,10,10,10,10,10,10,10,10,10,10,10,10,10,10,10,10,10,10,10,10,10,10,10,10,10,10,10,10,10,10,10,10,10,10,10,10,10,10,10,10,10,10,10,10,10,10,10,10,10,10,10,10,10,10,10,10,10,10,10,10,10,10,10
144216,"Valley Mills","Neighborhood","IN",1065,"Indianapolis-Carmel-Anderson",394705,2.14,2.14,2.14,2.14,2.86,2.86,2.14,2.14,2.14,2.14,2.14,2.14,2.14,2.14,2.14,2.14,2.86,2.86,2.14,2.14,2.14,2.14,2.14,2.14,2.14,2.14,2.14,2.14,2.86,2.14,2.14,1.43,1.43,1.43,1.43,1.43,1.43,1.43,1.43,2.14,5,7.14,9.29,9.29,6.43,3.57,2.14,2.14,1.43,2.86,2.86,6.43,7.14,7.14,8.57,8.57,7.14,5.71,4.29,8.57,10,10,10,10,7.14,2.86,1.43,1.43,1.43,2.14,2.14,3.57,7.86,8.57,7.14,7.86,7.86,10,10,10,10,10,10,10,9.29,9.29,8.57,8.57,8.57,10,9.29,10,8.57,7.86,7.86,7.86,7.86,7.86,9.29,10,10,10,8.57,7.86,7.86,7.86
273683,"Fairmount","Neighborhood","PA",1066,"Philadelphia-Camden-Wilmington",394974,2.74,2.74,3.23,3.71,3.55,4.19,4.68,5.16,4.68,3.55,4.03,5,4.84,5,4.84,5.97,5,4.68,4.19,5,5.65,5.32,5.97,7.26,8.39,8.23,8.23,7.9,8.55,8.87,8.87,8.87,8.39,8.39,8.39,7.42,7.42,7.58,6.77,6.61,6.94,6.94,6.45,6.29,5.65,5,4.03,5,4.84,5.32,6.13,5.65,6.61,6.61,6.45,5.97,5.48,4.52,3.71,5,4.68,4.52,4.35,4.52,5,4.68,4.52,3.87,3.55,3.87,3.39,3.55,4.19,4.03,5,4.84,6.13,5.97,5.81,5.32,5.81,5.97,5.48,5.81,6.61,5.81,5.48,6.13,5.65,5,4.19,3.55,3.23,3.55,4.19,3.71,3.71,3.87,4.19,5,5,5.16,5.16,5.16,4.35,4.03
26249,"Oakdale","Neighborhood","NY",1067,"New York-Newark-Jersey City",394913,7.7,8.14,8.5,9.2,9.38,9.65,9.47,8.67,8.23,4.51,1.15,0.18,0.27,0.27,0.8,1.5,1.68,1.68,1.77,1.86,0.62,0.44,0.18,0.27,0.27,0.27,0.35,0.35,0.27,0.35,0.62,0.97,0.44,0.62,1.5,4.42,4.42,3.27,2.74,2.3,2.04,2.04,3.19,4.07,3.45,1.77,1.59,1.59,1.68,0.8,0.97,0.8,0.97,0.88,1.06,1.59,1.5,0.88,0.62,0.35,0.97,1.24,1.15,1.5,2.39,1.68,0.97,0.18,0.35,0.44,0.8,1.15,0.88,1.06,1.42,1.59,2.21,3.27,5.4,7.43,7.61,7.7,6.02,5.93,5.75,6.99,7.43,7.7,6.81,6.02,2.12,1.15,1.15,2.39,4.07,6.73,7.08,7.7,7.26,6.9,7.26,8.14,8.32,7.79,7.26,6.99
276451,"Midtown","Neighborhood","AR",1068,"Little Rock-North Little Rock-Conway",394798,2.86,2.86,5.71,7.14,4.29,4.29,4.29,4.29,5.71,8.57,7.14,5.71,5.71,1.43,2.86,4.29,4.29,2.86,5.71,4.29,1.43,1.43,1.43,1.43,2.86,2.86,5.71,7.14,5.71,4.29,4.29,8.57,8.57,5.71,5.71,8.57,10,10,8.57,8.57,8.57,8.57,8.57,7.14,7.14,8.57,7.14,5.71,2.86,2.86,5.71,7.14,10,10,8.57,7.14,4.29,4.29,5.71,8.57,7.14,8.57,10,10,8.57,5.71,7.14,5.71,7.14,2.86,2.86,4.29,8.57,8.57,8.57,8.57,10,10,10,8.57,4.29,5.71,4.29,4.29,4.29,2.86,5.71,4.29,7.14,8.57,10,10,8.57,7.14,7.14,5.71,4.29,5.71,7.14,7.14,8.57,10,10,8.57,7.14,7.14
396659,"Barclay-Kingston","Neighborhood","NJ",1069,"Philadelphia-Camden-Wilmington",394974,6.45,7.74,7.74,4.84,2.42,0.97,0.65,1.13,1.13,0.65,1.29,2.42,8.71,8.71,8.87,8.55,8.55,8.39,5,4.52,3.39,5.16,4.84,2.58,1.61,0.97,0.97,0.48,0.65,0.32,0.16,0.81,2.26,4.35,5.32,3.71,2.26,0.81,0.16,0.32,0.16,0.97,1.29,3.23,3.06,2.9,3.71,4.03,4.35,4.84,4.19,2.26,0.16,0.16,0.32,2.1,3.55,3.87,2.1,1.61,2.26,3.87,4.68,5.16,5.81,3.39,1.94,1.29,2.58,2.1,1.45,0.65,0.48,0.97,5.32,7.1,2.42,0.48,0.32,2.26,2.9,2.42,2.74,2.58,2.26,2.42,2.74,2.1,1.45,1.29,1.94,0.97,0.32,0.32,0.65,0.81,0.65,1.13,0.65,0.81,0.81,0.81,1.13,1.13,1.94,2.1
196520,"Mountainville","Neighborhood","PA",1070,"Allentown-Bethlehem-Easton",394318,6.67,6.67,6.67,6.67,6.67,6.67,6.67,6.67,6.67,6.67,6.67,3.33,3.33,6.67,6.67,6.67,6.67,6.67,6.67,6.67,6.67,6.67,6.67,6.67,6.67,6.67,6.67,6.67,3.33,3.33,3.33,6.67,10,10,10,6.67,3.33,6.67,6.67,10,10,10,6.67,10,10,10,10,10,10,10,10,6.67,3.33,3.33,3.33,3.33,3.33,3.33,3.33,6.67,6.67,6.67,6.67,3.33,3.33,6.67,6.67,6.67,10,10,10,10,6.67,6.67,6.67,10,10,10,10,10,10,10,10,10,10,10,10,10,10,10,10,10,10,10,10,10,10,10,10,10,10,10,10,10,10,10
273986,"Highland","Neighborhood","CO",1072,"Denver-Aurora-Lakewood",394530,8.85,8.08,7.69,8.08,9.23,9.23,10,10,10,9.23,9.23,8.85,8.85,9.23,9.23,8.85,7.31,7.31,8.08,7.31,8.08,8.46,9.23,8.85,9.23,8.85,10,10,9.23,8.85,7.69,8.85,8.08,8.08,7.31,8.85,8.85,7.69,7.31,6.15,6.54,6.15,4.62,4.23,5,3.46,4.62,4.23,5,5,6.15,4.23,5,4.62,4.23,3.85,3.85,5,5,5,4.23,4.62,5,5,5.77,5,4.62,3.85,3.85,4.23,3.85,3.85,3.46,4.23,4.23,4.62,3.85,3.85,3.46,3.08,3.08,5,5.38,5.77,5,3.85,4.23,4.62,4.62,3.85,3.46,4.23,5.77,6.54,6.15,6.92,5,5.77,5.77,5.77,5.38,5.38,3.85,3.85,4.23,4.62
762616,"Westwood Richland","Neighborhood","TX",1073,"Abilene",394299,2.5,2.5,5,5,5,5,7.5,5,5,2.5,2.5,2.5,2.5,2.5,2.5,2.5,2.5,2.5,5,7.5,5,5,10,10,10,10,10,10,10,10,10,10,7.5,7.5,2.5,2.5,2.5,2.5,10,10,10,10,10,7.5,5,5,5,5,5,5,5,7.5,7.5,7.5,7.5,5,2.5,2.5,5,5,5,5,7.5,7.5,7.5,7.5,7.5,10,10,10,10,10,10,10,7.5,7.5,10,7.5,7.5,2.5,2.5,2.5,2.5,5,5,5,5,5,7.5,7.5,7.5,7.5,7.5,7.5,7.5,10,10,10,10,10,10,10,7.5,7.5,10,10
124068,"Cresthaven","Neighborhood","FL",1074,"Miami-Fort Lauderdale-West Palm Beach",394856,7.76,8.51,8.96,9.55,9.7,9.55,9.55,7.46,6.27,5.97,7.61,8.51,9.25,9.7,9.85,10,10,9.7,7.46,7.46,7.16,7.31,7.46,5.67,4.03,2.84,4.03,4.63,7.16,7.16,7.46,6.87,7.16,8.36,8.21,6.42,6.42,8.51,9.7,10,10,9.7,9.4,9.55,9.7,9.85,9.85,9.55,8.51,6.72,7.31,8.96,9.7,9.25,7.61,6.72,6.72,8.36,8.51,8.66,7.61,8.21,8.06,7.16,7.16,8.21,8.96,9.4,9.4,8.96,9.25,9.85,9.85,9.85,9.55,9.7,9.7,9.55,8.36,7.91,8.36,9.25,9.55,9.25,8.66,8.21,7.91,7.91,8.66,9.25,9.25,8.81,8.06,7.61,7.16,6.87,6.72,8.06,9.25,9.7,9.7,10,10,9.7,8.96,8.51
31177,"Darlington","Neighborhood","RI",1075,"Providence-Warwick",395005,2.5,2.5,2.5,2.5,2.5,2.5,5,7.5,10,7.5,10,10,10,10,10,10,10,10,10,10,7.5,7.5,5,5,7.5,7.5,7.5,7.5,7.5,7.5,7.5,7.5,7.5,7.5,7.5,7.5,7.5,10,10,10,10,10,10,10,10,10,10,10,7.5,7.5,5,7.5,10,10,10,5,5,5,10,10,10,10,10,10,10,10,10,10,7.5,5,5,5,7.5,7.5,2.5,7.5,7.5,5,5,2.5,5,7.5,5,5,5,10,10,7.5,5,5,5,5,7.5,5,5,5,5,2.5,2.5,2.5,2.5,2.5,2.5,2.5,2.5,2.5
206211,"The Village","Neighborhood","OK",1076,"Oklahoma City",394935,7.5,2.5,2.5,2.5,7.5,10,10,10,10,10,10,10,7.5,7.5,2.5,7.5,10,10,10,10,10,10,7.5,5,5,5,7.5,10,10,10,7.5,7.5,7.5,10,7.5,7.5,5,5,5,5,10,10,10,10,7.5,7.5,5,7.5,5,5,5,2.5,2.5,5,5,5,7.5,7.5,10,10,10,10,10,10,10,5,10,10,10,5,7.5,7.5,7.5,7.5,2.5,5,2.5,5,2.5,7.5,7.5,10,10,10,10,10,10,10,10,10,10,10,10,10,10,10,7.5,10,10,10,7.5,7.5,5,10,10,10
268393,"Park West","Neighborhood","CA",1077,"San Diego-Carlsbad",395056,10,10,10,10,9.66,7.24,1.72,1.38,1.03,3.1,3.45,4.14,4.48,4.14,3.79,4.48,5.52,5.52,6.55,6.55,6.55,7.59,5.17,4.14,2.41,2.41,3.1,2.76,2.41,2.76,2.76,2.07,0.34,0.34,0.69,0.69,1.38,0.69,0.34,0.34,0.34,0.34,0.34,0.34,1.03,1.03,1.38,1.38,1.72,2.07,1.38,1.72,2.07,1.38,1.38,1.03,1.03,0.34,0.34,0.34,0.34,0.34,0.69,1.72,2.76,2.07,1.72,1.72,1.72,2.07,2.76,3.1,4.83,6.21,5.52,3.45,2.07,2.07,1.38,1.03,0.69,0.34,0.34,0.69,0.69,1.03,1.38,2.07,4.14,6.21,7.24,5.52,2.41,1.72,2.07,2.07,1.72,2.41,1.72,1.03,1.72,3.1,2.76,1.72,2.07,2.07
275465,"Southwest Waterfront","Neighborhood","DC",1078,"Washington-Arlington-Alexandria",395209,0.77,0.77,0.77,0.77,0.77,0.77,3.08,3.08,2.31,1.54,1.54,0.77,1.54,1.54,1.54,2.31,3.08,4.62,4.62,1.54,0.77,0.77,0.77,0.77,1.54,2.31,2.31,1.54,2.31,1.54,1.54,0.77,2.31,3.85,8.46,9.23,9.23,9.23,7.69,6.92,6.92,8.46,8.46,9.23,9.23,10,10,10,10,10,10,10,10,10,10,10,9.23,10,10,10,10,10,10,10,9.23,9.23,9.23,10,8.46,6.92,5.38,4.62,4.62,5.38,6.15,7.69,7.69,5.38,4.62,4.62,5.38,6.15,6.15,6.92,7.69,7.69,7.69,6.15,4.62,3.08,3.08,5.38,3.08,3.08,2.31,1.54,2.31,2.31,3.85,4.62,7.69,7.69,5.38,3.85,3.85,4.62
50753,"Ardmore","Neighborhood","NC",1080,"Winston-Salem",395235,10,10,10,10,10,10,10,10,10,10,10,10,10,10,10,10,10,10,10,10,10,10,10,10,10,10,10,10,10,10,10,10,10,10,10,10,10,10,10,10,10,10,10,10,10,10,10,10,10,10,10,10,10,10,10,10,10,10,10,10,10,10,10,10,10,10,10,10,10,10,10,10,10,10,10,10,10,10,10,10,10,10,10,10,10,10,10,10,10,10,10,10,10,10,10,10,10,10,10,10,10,10,10,10,10,10
270226,"Lindenwood Park","Neighborhood","MO",1081,"St. Louis",395121,7.5,3.75,2.5,2.5,3.75,3.75,5,5,5,6.25,6.25,5,3.75,2.5,2.5,2.5,2.5,2.5,2.5,3.75,7.5,7.5,6.25,3.75,3.75,2.5,2.5,2.5,1.25,1.25,1.25,1.25,2.5,2.5,2.5,1.25,3.75,5,5,3.75,3.75,8.75,8.75,7.5,3.75,3.75,5,5,5,6.25,6.25,5,1.25,1.25,2.5,7.5,8.75,8.75,8.75,5,3.75,3.75,6.25,6.25,2.5,2.5,2.5,8.75,8.75,8.75,8.75,8.75,8.75,8.75,8.75,8.75,10,10,10,10,10,10,10,8.75,8.75,8.75,10,10,10,10,10,10,10,10,8.75,7.5,8.75,8.75,8.75,10,10,10,10,10,10,10
57314,"West Yarmouth","Neighborhood","MA",1082,"Barnstable Town",394361,3.75,3.75,3.75,3.75,5,5,5,8.75,8.75,8.75,7.5,8.75,8.75,8.75,8.75,6.25,5,6.25,7.5,10,10,10,10,10,8.75,7.5,7.5,7.5,7.5,7.5,6.25,6.25,3.75,3.75,2.5,5,7.5,6.25,6.25,6.25,7.5,7.5,8.75,10,8.75,8.75,7.5,6.25,7.5,7.5,5,6.25,3.75,5,6.25,6.25,3.75,3.75,3.75,2.5,7.5,5,6.25,6.25,7.5,8.75,8.75,7.5,6.25,6.25,7.5,7.5,2.5,2.5,5,5,6.25,6.25,6.25,3.75,3.75,3.75,2.5,3.75,6.25,6.25,5,6.25,7.5,6.25,7.5,5,5,6.25,8.75,8.75,7.5,7.5,7.5,7.5,6.25,6.25,6.25,7.5,7.5,7.5
273571,"East Village","Neighborhood","CA",1083,"San Diego-Carlsbad",395056,1.72,1.72,1.38,2.41,2.41,1.38,0.69,1.03,0.69,2.07,6.9,7.93,9.66,8.97,9.66,9.31,9.66,10,9.66,8.28,5.52,2.76,2.41,2.07,2.07,2.07,2.41,1.72,1.38,1.72,0.69,1.38,1.38,1.72,1.38,1.38,0.69,1.03,0.69,0.69,1.03,1.03,0.69,1.03,0.69,0.69,1.03,1.03,0.69,1.03,1.03,1.03,1.38,1.03,2.07,2.76,2.41,2.41,2.41,2.76,2.41,3.79,4.48,5.17,3.1,1.03,1.03,1.38,2.07,1.72,1.38,1.38,2.07,2.41,2.07,2.41,3.1,3.1,3.1,2.07,1.38,0.69,0.69,1.03,1.03,1.38,1.03,1.03,1.38,0.69,0.34,0.69,0.34,0.34,0.34,0.34,0.34,0.34,0.69,0.69,0.69,0.69,0.69,0.69,0.69,0.69
271469,"Midtown","Neighborhood","TX",1084,"Houston-The Woodlands-Sugar Land",394692,1.9,2.38,3.81,3.1,2.62,2.14,2.38,1.67,1.43,0.95,1.43,1.43,1.19,1.19,0.95,0.71,0.71,1.67,2.38,6.43,7.86,8.57,8.1,6.67,4.29,5.24,5.71,6.43,6.43,7.86,9.05,9.52,9.76,9.76,9.76,9.76,10,10,10,8.33,2.62,2.14,2.14,5.95,7.14,8.57,9.29,8.33,8.1,7.86,7.14,6.43,7.14,7.38,6.67,4.29,2.14,2.86,2.86,5,4.76,5,4.76,4.52,3.33,2.38,2.14,0.95,2.86,3.1,5.24,4.76,4.52,1.9,2.14,2.14,2.14,2.38,5,6.9,8.1,7.62,6.67,5,4.29,2.14,3.33,3.1,5.71,1.9,0.95,1.19,3.57,4.29,4.29,4.29,3.57,3.33,1.43,0.48,0.48,0.48,0.71,2.14,2.62,2.38
124600,"Greenland","Neighborhood","FL",1085,"Jacksonville",394714,2,2.33,2.67,4.33,4,5.33,6.33,5.33,3,1.67,3,7,9,8.33,7,5,5.33,8,8.33,8,6.33,3,2,2.33,1.33,0.67,1,3.33,8,9.67,10,8.67,5.33,5.67,5,4.33,3,4,6.67,8,7.67,7.67,8,8.67,7.67,5.67,4.33,3.33,4.67,4.67,4.33,2.33,3.33,3,5,6.67,7.33,6.67,4.33,2.67,2.67,4.67,4.67,4.67,4,4.33,4,3.67,2,2.33,4.67,6,7,7.33,6,4.33,4,4,4.67,4,3.67,3.67,5,5.67,5.67,4.67,3.67,4,3.67,3.33,3,2,1.67,1.67,1.33,1.33,1,0.33,1.67,4.67,6,6,5,4.33,3.67,3.33
274666,"New Tampa","Neighborhood","FL",1087,"Tampa-St. Petersburg-Clearwater",395148,8.71,8.71,9.03,9.03,9.03,8.71,8.71,9.68,9.35,8.39,5.48,4.84,3.23,2.58,0.65,0.97,1.29,2.26,3.23,2.26,2.26,1.94,1.29,0.97,1.29,0.97,0.97,0.97,1.29,0.65,0.97,1.29,1.61,1.61,1.29,0.97,0.65,0.65,0.97,0.32,0.32,0.32,0.32,0.32,0.97,2.26,2.58,1.94,1.61,1.61,1.29,1.94,1.94,3.55,2.58,1.61,0.65,0.97,0.97,1.29,0.65,0.65,1.61,2.26,1.61,0.97,1.29,2.58,5.81,6.77,4.19,3.87,3.23,4.19,3.23,2.58,0.97,0.97,0.97,1.94,3.55,4.84,4.84,5.48,4.52,4.19,2.9,2.26,1.94,2.58,1.61,2.58,2.26,2.58,2.58,2.26,2.26,2.58,3.55,2.9,3.23,4.84,4.84,4.84,4.52,4.84
120752,"Bunker Hill","Neighborhood","CT",1088,"New Haven-Milford",394908,10,10,10,10,10,10,10,10,10,10,10,10,10,10,10,10,10,10,10,10,10,10,10,10,10,10,10,10,10,10,10,10,10,10,10,10,10,10,10,10,10,10,10,10,10,10,10,10,10,10,10,10,10,10,10,10,10,10,10,10,10,10,10,10,10,10,10,10,10,10,10,10,10,10,10,10,10,10,10,10,10,10,10,10,10,10,10,10,10,10,10,10,10,10,10,10,10,10,10,10,10,10,10,10,10,10
152218,"Kleinpeter","Neighborhood","LA",1089,"Baton Rouge",394367,6.67,6.67,7.78,7.78,6.67,6.67,6.67,6.67,5.56,4.44,6.67,7.78,8.89,8.89,6.67,6.67,6.67,7.78,8.89,8.89,6.67,5.56,4.44,3.33,3.33,3.33,2.22,2.22,2.22,2.22,1.11,1.11,5.56,10,10,10,10,10,8.89,8.89,8.89,10,8.89,10,7.78,8.89,8.89,10,6.67,2.22,2.22,1.11,1.11,3.33,6.67,10,7.78,6.67,8.89,6.67,2.22,1.11,1.11,1.11,2.22,2.22,3.33,3.33,8.89,8.89,7.78,6.67,2.22,1.11,1.11,2.22,2.22,2.22,1.11,2.22,7.78,6.67,7.78,7.78,7.78,3.33,1.11,2.22,6.67,8.89,10,10,8.89,8.89,5.56,8.89,8.89,8.89,4.44,2.22,2.22,3.33,3.33,3.33,2.22,2.22
403513,"Berkeley","Neighborhood","CO",1090,"Denver-Aurora-Lakewood",394530,6.15,6.54,6.92,5.38,4.62,5.38,5.38,6.54,3.08,3.08,2.31,3.46,2.69,2.31,1.92,4.23,9.23,9.62,10,8.46,6.92,5,6.15,6.54,7.69,6.15,5,3.85,3.85,4.23,5,7.69,8.85,9.23,10,10,9.62,9.62,10,8.85,5,2.69,2.31,3.08,3.85,5,4.23,5.38,5.77,6.15,5.77,6.15,7.31,8.08,7.69,5.38,5.38,6.92,7.31,7.69,7.69,8.08,8.08,6.92,6.15,5.38,5.77,6.54,7.69,8.08,8.08,8.85,8.85,8.85,6.92,6.15,6.15,5.38,5.77,5,6.92,6.92,8.46,6.15,5.77,4.23,5.38,7.31,7.69,6.92,4.62,5.77,6.15,7.31,9.23,9.62,10,10,9.62,8.46,8.08,7.69,8.08,6.15,6.54,6.54
265929,"New Town","Neighborhood","FL",1091,"Key West",394744,10,10,10,10,10,10,10,10,10,10,10,10,10,10,10,10,10,10,10,10,10,10,10,10,10,10,10,10,10,10,10,10,10,10,10,10,10,10,10,10,10,10,10,10,10,10,10,10,10,10,10,10,10,10,10,10,10,10,10,10,10,10,10,10,10,10,10,10,10,10,10,10,10,10,10,10,10,10,10,10,10,10,10,10,10,10,10,10,10,10,10,10,10,10,10,10,10,10,10,10,10,10,10,10,10,10
213615,"Mount Washington","Neighborhood","PA",1092,"Pittsburgh",394982,7.5,6.25,5,7.5,2.5,1.25,1.25,1.25,3.75,2.5,3.75,6.25,10,8.75,8.75,6.25,3.75,5,5,8.75,8.75,7.5,1.25,2.5,3.75,5,6.25,5,6.25,10,10,10,10,10,10,10,10,10,10,10,10,2.5,1.25,1.25,1.25,10,10,10,10,8.75,8.75,8.75,6.25,6.25,8.75,8.75,8.75,10,8.75,10,7.5,6.25,7.5,10,10,6.25,6.25,5,5,5,6.25,7.5,7.5,5,5,5,5,6.25,6.25,5,5,6.25,8.75,8.75,8.75,8.75,3.75,3.75,3.75,5,7.5,7.5,6.25,6.25,5,5,6.25,2.5,1.25,2.5,2.5,2.5,5,8.75,10,10
763269,"Belle Isle","Neighborhood","OK",1093,"Oklahoma City",394935,2.5,7.5,7.5,7.5,2.5,2.5,5,5,7.5,7.5,7.5,7.5,10,10,10,5,5,2.5,7.5,7.5,7.5,7.5,10,10,10,7.5,10,7.5,7.5,7.5,10,10,10,7.5,10,10,10,10,10,7.5,7.5,7.5,7.5,7.5,10,10,10,10,10,10,10,10,10,10,10,10,10,10,7.5,7.5,5,5,5,2.5,2.5,2.5,2.5,7.5,7.5,7.5,2.5,2.5,2.5,2.5,5,7.5,7.5,10,10,2.5,2.5,2.5,5,5,2.5,2.5,2.5,2.5,2.5,2.5,2.5,2.5,2.5,2.5,2.5,2.5,2.5,2.5,5,5,5,5,2.5,2.5,2.5,2.5
273415,"Crystal Springs","Neighborhood","FL",1095,"Jacksonville",394714,3.33,4,4.33,4,3.33,3.67,4,3.67,3.33,2.33,1.67,1.67,1.33,2,2,2,1.67,1.67,1.33,1.33,2,1.33,1.33,1.33,2,1.67,4.67,6.33,8.67,7.67,8,6.67,7,7.67,5.33,2,2,1.67,1.33,2,3,3.33,3.67,4.33,4,2.67,2.33,2.67,3.67,5,6,7,5.67,4,3,2.33,1.33,0.67,0.33,0.33,0.33,1,2.33,1.67,0.67,0.67,1,3.33,4,2.67,2,3,3.67,2.67,2.33,2,1.33,0.67,1,1.67,2,3,3.33,3.67,5.33,6,6.33,4.67,5,4.67,4.67,4,4,2.67,2,2.67,3.67,6.33,5.67,6,2,1.33,0.33,0.67,1,4
219650,"Cumberland Hill","Neighborhood","RI",1096,"Providence-Warwick",395005,10,10,10,10,10,10,10,10,7.5,10,7.5,7.5,5,5,5,5,5,2.5,2.5,2.5,2.5,2.5,2.5,2.5,2.5,2.5,2.5,5,5,5,5,5,5,5,5,5,5,7.5,7.5,7.5,7.5,7.5,5,5,5,5,5,2.5,10,10,10,5,2.5,7.5,7.5,10,7.5,10,7.5,7.5,5,5,5,7.5,7.5,7.5,7.5,7.5,10,10,10,10,10,10,10,10,10,10,10,10,10,10,10,10,10,7.5,7.5,10,10,10,7.5,10,10,10,10,10,7.5,7.5,7.5,7.5,7.5,7.5,7.5,7.5,7.5,7.5
124802,"Hyde Park","Neighborhood","FL",1097,"Jacksonville",394714,0.67,0.33,0.33,1,1.67,4.67,5,5,4.33,3.33,4,3,3,2.67,3,3.33,3.67,6.33,4.33,1.67,1.33,2.33,6.33,5.67,4.33,3,2.67,2,1.67,1.67,1.33,1.33,1.67,4,9,10,9.67,9.33,5.67,3.33,7,9.67,8.67,3,1.33,0.33,0.33,0.33,0.67,1.67,5.33,4,2,1.67,2,2,2.33,1.67,5.67,6,6.67,6,2.67,2.33,4.33,6,8,8.67,9,9.33,9.33,8.33,5.67,4.33,4.33,4,3.67,2.67,4.33,5.67,8.33,8,6.33,4,3,2.33,1.67,1,2.33,2.67,3.33,2.67,3,4.33,5.33,8.33,9,9.33,7.33,5.33,6.67,9,9.67,9,9,7.33
268979,"Emerald Hills","Neighborhood","FL",1098,"Miami-Fort Lauderdale-West Palm Beach",394856,5.67,4.63,5.37,5.52,8.81,7.91,8.66,6.12,5.97,3.43,4.63,5.37,5.52,5.07,4.48,4.03,3.73,3.73,4.48,2.69,2.39,0.9,1.79,1.79,5.22,4.63,4.78,3.43,3.73,2.54,1.34,1.94,4.33,7.01,8.51,8.81,8.06,7.31,8.06,8.51,8.21,5.82,4.03,2.09,1.04,1.04,1.94,3.73,4.63,3.88,6.12,7.31,8.36,5.22,5.22,4.33,3.43,2.69,4.03,6.57,8.96,8.66,8.51,8.36,8.06,6.12,4.48,2.09,2.69,3.58,6.12,6.42,7.01,7.91,7.31,7.16,6.12,6.42,5.82,5.37,4.78,4.63,5.22,5.97,7.01,6.27,5.07,6.57,7.46,8.36,6.72,4.93,4.78,5.67,7.31,7.31,7.16,7.01,7.46,9.1,9.1,9.25,9.4,9.1,8.21,7.91
272848,"Ballantyne East","Neighborhood","NC",1099,"Charlotte-Concord-Gastonia",394458,4.12,3.53,3.53,3.53,3.53,4.12,7.06,8.24,10,10,9.41,9.41,8.82,9.41,8.82,9.41,10,10,4.12,2.94,2.94,3.53,9.41,7.65,7.65,6.47,7.06,5.88,4.71,4.71,5.29,7.65,8.24,9.41,8.82,8.24,7.65,7.65,4.71,4.71,4.71,4.71,5.88,6.47,7.65,7.65,6.47,5.29,4.71,4.12,4.12,4.12,1.76,0.59,0.59,1.76,2.35,3.53,3.53,3.53,4.12,1.76,1.76,0.59,0.59,1.18,1.18,1.18,2.35,1.18,2.35,1.76,1.18,0.59,1.76,6.47,6.47,6.47,5.88,4.71,2.94,2.35,2.94,5.29,4.12,3.53,4.71,4.71,3.53,1.76,1.18,1.18,2.35,2.35,1.76,1.76,2.94,2.94,4.12,3.53,4.12,5.29,4.71,6.47,6.47,5.88
119762,"Hilltop","Neighborhood","CO",1100,"Denver-Aurora-Lakewood",394530,3.08,3.08,3.08,5.77,8.46,8.85,7.31,5,5.38,6.92,7.31,6.15,5.77,5.38,4.62,5,4.62,2.69,2.31,3.08,4.23,3.08,1.54,1.92,2.69,2.31,2.69,5.77,6.92,6.54,3.46,2.31,2.69,4.23,2.31,1.92,1.15,2.69,3.85,3.46,1.54,0.77,1.15,1.15,1.15,1.92,1.92,3.85,3.85,4.23,3.85,3.08,2.31,2.31,2.31,1.92,2.31,1.92,1.92,1.92,1.92,1.54,2.69,4.23,2.69,1.15,0.38,0.38,0.38,0.38,0.38,0.77,0.77,0.77,1.15,1.92,3.08,3.08,1.92,1.92,0.38,0.38,0.38,1.54,1.92,1.54,1.15,0.38,0.77,0.77,0.77,1.54,1.54,1.15,1.15,0.77,1.15,0.77,0.38,0.38,1.15,3.46,3.46,4.62,3.85,4.23
14878,"Ashland","Neighborhood","NJ",1101,"Philadelphia-Camden-Wilmington",394974,0.48,0.65,0.65,0.97,0.97,0.81,1.29,1.77,2.58,1.77,0.65,0.48,0.65,0.81,1.13,1.13,0.81,1.13,1.45,2.26,1.94,1.29,1.29,1.13,1.45,2.58,3.23,4.19,4.52,1.77,0.65,0.32,0.65,0.65,1.13,0.81,1.61,3.23,6.13,5.97,6.13,6.61,7.9,7.58,7.58,6.94,8.23,8.23,7.58,7.42,4.68,3.23,2.1,2.26,0.65,1.77,2.1,5.81,4.03,3.87,2.74,2.26,1.13,1.45,0.65,2.9,2.26,4.84,3.39,5.97,3.87,5,4.52,6.61,4.35,1.77,0.48,1.13,2.58,4.03,5.48,3.55,2.42,1.45,1.61,1.61,1.61,0.97,0.97,1.45,1.77,1.29,1.29,2.26,2.1,1.77,0.97,0.65,0.48,0.65,0.65,0.48,0.16,0.48,1.61,3.71
343862,"Five Points","Neighborhood","NC",1102,"Raleigh",395012,5.45,3.64,4.55,2.73,4.55,1.82,4.55,7.27,10,10,9.09,6.36,3.64,2.73,3.64,4.55,5.45,5.45,8.18,10,9.09,8.18,6.36,8.18,9.09,8.18,7.27,6.36,3.64,3.64,3.64,3.64,4.55,4.55,2.73,2.73,0.91,1.82,1.82,1.82,0.91,0.91,0.91,0.91,0.91,5.45,7.27,4.55,3.64,1.82,2.73,2.73,2.73,3.64,3.64,4.55,3.64,3.64,3.64,3.64,3.64,2.73,1.82,1.82,1.82,3.64,4.55,3.64,5.45,3.64,3.64,1.82,1.82,0.91,0.91,2.73,0.91,0.91,0.91,1.82,1.82,1.82,1.82,1.82,0.91,2.73,2.73,3.64,2.73,2.73,2.73,2.73,1.82,2.73,2.73,2.73,2.73,2.73,2.73,3.64,3.64,4.55,3.64,2.73,3.64,3.64
190601,"White Horse","Neighborhood","NJ",1103,"Trenton",395164,2.5,2.5,2.5,2.5,2.5,2.5,2.5,5,7.5,5,5,5,7.5,7.5,7.5,7.5,7.5,7.5,5,5,2.5,2.5,2.5,2.5,5,5,5,7.5,7.5,7.5,7.5,7.5,5,5,5,5,7.5,5,5,5,5,7.5,5,5,5,7.5,7.5,2.5,2.5,7.5,7.5,7.5,7.5,5,7.5,5,7.5,7.5,7.5,2.5,5,2.5,2.5,2.5,2.5,2.5,2.5,7.5,7.5,7.5,5,7.5,5,7.5,7.5,7.5,7.5,10,7.5,5,2.5,2.5,2.5,2.5,2.5,5,7.5,7.5,7.5,5,7.5,5,5,5,5,2.5,2.5,2.5,2.5,2.5,2.5,2.5,2.5,2.5,5,5
125500,"Oak Hill","Neighborhood","FL",1104,"Jacksonville",394714,1.33,1.67,1.33,1.67,2.33,3,3,3,3.67,3,2.67,2,2,1.33,1.67,3,5,8.67,8.67,8.33,9,7.33,8,8,9.33,9.67,9.67,8.67,7,5.67,5.67,6,7.33,6.33,6,6.67,9.33,9.67,10,7.33,6,6,7.33,6.67,7,6,7.67,7.67,9.67,9.67,10,10,9.67,8.67,5.33,3.33,4.67,2.33,1,0.67,1,1.33,0.67,2,4.67,6.67,7,7.33,6.33,6.33,8,9.67,10,6.33,5,4.67,5.33,7.33,7,7.67,6,8.33,8,8.33,6.33,5,4.33,5.67,6.67,9.33,7,7.33,5.67,5,4.67,5.33,7.33,7.33,7.67,7,7.33,8,8,7,7.67,8
396747,"Glens Falls North","Neighborhood","NY",1105,"Glens Falls",394633,10,10,10,10,10,10,10,10,10,10,10,10,10,10,10,10,10,10,10,10,10,10,10,10,10,10,10,10,10,10,10,10,10,10,10,10,10,10,10,10,10,10,10,10,10,10,10,10,10,10,10,10,10,10,10,10,10,10,10,10,10,10,10,10,10,10,10,10,10,10,10,10,10,10,10,10,10,10,10,10,10,10,10,10,10,10,10,10,10,10,10,10,10,10,10,10,10,10,10,10,10,10,10,10,10,10
160895,"Morningside","Neighborhood","OR",1106,"Salem",395048,10,10,10,10,10,10,10,10,10,10,10,10,10,10,10,10,10,6.67,3.33,1.67,8.33,10,10,10,10,8.33,8.33,8.33,6.67,8.33,8.33,8.33,10,8.33,10,10,10,3.33,1.67,3.33,3.33,3.33,3.33,3.33,6.67,5,8.33,6.67,6.67,3.33,6.67,6.67,6.67,5,8.33,10,10,8.33,10,5,3.33,3.33,8.33,8.33,5,3.33,3.33,5,3.33,1.67,1.67,1.67,1.67,1.67,1.67,5,6.67,8.33,8.33,10,8.33,8.33,8.33,8.33,5,6.67,1.67,3.33,8.33,8.33,10,6.67,5,10,10,8.33,5,5,1.67,1.67,1.67,3.33,3.33,3.33,5,5
274684,"North Arroyo","Neighborhood","CA",1107,"Los Angeles-Long Beach-Anaheim",753899,2.79,3.49,3.6,5.47,8.72,9.19,9.77,9.53,9.77,8.95,9.65,10,10,10,10,9.88,9.65,5,3.37,2.09,5,6.98,7.56,6.28,2.33,0.93,0.7,0.81,1.74,3.26,4.3,6.28,8.14,9.19,9.07,7.09,4.3,7.56,9.42,9.77,9.65,9.77,9.88,9.88,9.88,10,9.65,9.42,8.95,9.77,9.88,9.77,8.14,3.6,1.4,1.28,2.09,2.56,5.23,6.28,8.6,8.49,3.84,3.02,3.37,7.67,8.84,8.72,8.14,8.95,7.44,2.56,0.7,0.7,2.44,2.21,1.86,1.05,2.33,3.14,3.26,2.33,4.19,4.07,5.7,5.93,8.37,7.91,7.33,6.98,7.91,9.42,7.33,6.86,8.02,9.65,9.53,8.49,2.67,1.51,1.28,2.09,2.79,5.12,5.7,7.67
246029,"Northside","Neighborhood","VA",1108,"Virginia Beach-Norfolk-Newport News",395194,4.13,4.78,6.09,7.17,6.96,5.43,4.13,4.13,4.57,5.65,6.74,8.91,9.13,8.7,9.13,8.91,9.35,8.91,8.26,4.78,3.48,2.83,3.7,3.04,3.04,2.83,3.04,3.26,3.04,3.48,5,6.3,7.61,7.61,7.39,7.17,7.39,8.48,8.91,8.7,8.91,8.48,8.04,6.96,4.57,4.78,6.3,4.57,3.26,2.61,3.04,5,5.22,5.87,6.3,8.04,9.13,9.35,3.48,2.39,1.09,1.09,0.22,1.3,1.74,3.04,0.65,1.09,2.61,6.74,6.96,8.7,9.13,9.57,9.13,8.48,7.61,8.04,7.61,6.52,6.3,8.91,10,9.35,8.26,6.3,6.74,6.96,7.39,7.61,8.48,8.48,8.26,7.17,5.87,6.96,5.87,2.61,2.39,1.3,3.48,5.22,7.83,8.91,8.26,5
125457,"North Andrews Gardens","Neighborhood","FL",1109,"Miami-Fort Lauderdale-West Palm Beach",394856,8.66,8.81,8.66,8.66,8.36,8.51,7.91,8.21,9.1,8.81,5.97,5.67,7.61,9.85,8.21,5.82,5.52,8.21,9.1,6.87,2.54,3.88,7.61,9.25,9.25,9.4,9.4,9.7,10,10,10,10,10,9.7,9.55,9.1,8.21,7.76,7.61,8.36,8.96,8.66,8.51,7.31,8.96,7.16,8.21,8.06,9.55,9.4,8.51,7.91,8.96,9.55,9.7,9.25,8.66,6.87,8.06,8.81,9.85,9.55,8.96,8.66,8.21,8.66,8.51,9.25,9.7,9.55,9.4,9.1,8.06,8.66,8.96,8.96,7.76,7.76,8.06,8.81,8.06,8.36,8.66,9.4,9.85,9.85,9.85,9.85,9.85,9.4,9.4,9.85,9.7,9.55,9.7,9.25,8.21,7.16,7.61,8.66,8.96,9.4,9.85,9.85,8.06,7.31
272898,"Beaverdale","Neighborhood","IA",1110,"Des Moines-West Des Moines",394531,7,9,10,9,9,8,7,6,6,5,5,4,4,2,2,3,4,7,8,6,3,3,4,8,8,7,3,4,4,7,8,8,10,10,10,8,9,7,6,6,7,7,7,6,7,9,8,7,3,3,2,2,3,3,6,9,10,10,9,8,8,9,9,9,8,7,7,7,4,3,3,5,8,9,9,10,10,10,7,5,5,4,4,6,5,5,5,4,4,3,3,3,2,2,1,1,2,2,6,7,10,8,6,5,4,1
180434,"Blackburn","Neighborhood","MO",1111,"Kansas City",394735,5,5,5,5,5,5,5,5,5,5,5,5,5,5,5,5,5,5,5,5,5,5,5,5,5,5,10,10,10,10,5,5,5,5,5,5,5,5,5,5,5,5,5,5,10,10,10,10,10,10,10,5,5,5,5,5,5,5,5,5,5,5,5,5,10,10,10,10,10,10,10,10,10,5,5,10,5,5,5,5,5,10,5,5,5,10,5,5,5,5,5,10,10,10,10,10,5,5,5,5,5,5,5,5,5,5
763978,"Empire Ranch","Neighborhood","CA",1112,"Sacramento--Roseville--Arden-Arcade",395045,10,10,10,10,10,7.27,5.45,5.45,3.64,1.82,1.82,0.91,0.91,1.82,0.91,1.82,2.73,2.73,2.73,2.73,4.55,8.18,5.45,1.82,1.82,3.64,7.27,7.27,8.18,9.09,10,9.09,9.09,7.27,6.36,8.18,8.18,8.18,6.36,5.45,7.27,9.09,9.09,9.09,8.18,6.36,4.55,2.73,0.91,1.82,4.55,5.45,7.27,7.27,7.27,6.36,6.36,5.45,2.73,2.73,3.64,4.55,4.55,4.55,3.64,5.45,6.36,4.55,4.55,5.45,5.45,6.36,8.18,7.27,4.55,1.82,0.91,0.91,0.91,3.64,3.64,1.82,1.82,1.82,0.91,1.82,1.82,3.64,6.36,6.36,5.45,8.18,10,10,8.18,7.27,5.45,4.55,1.82,6.36,6.36,5.45,4.55,3.64,1.82,1.82
403405,"Pine Hills","Neighborhood","GA",1113,"Atlanta-Sandy Springs-Roswell",394347,2.63,2.63,2.63,2.63,2.63,2.63,2.11,1.58,2.11,3.68,6.32,8.42,5.79,1.05,1.05,1.05,0.53,2.11,4.21,4.21,4.74,3.16,4.21,6.84,7.89,6.32,4.21,3.16,2.63,2.11,2.11,2.11,3.68,5.79,5.79,5.26,3.16,4.21,5.26,4.74,3.16,3.16,3.68,4.21,2.11,1.58,2.63,4.74,8.95,9.47,8.95,8.95,6.32,5.79,8.42,7.89,7.89,7.37,5.26,6.32,6.84,6.84,4.74,3.16,3.68,3.16,3.16,4.21,6.32,7.37,5.79,4.21,4.74,4.74,5.79,5.79,5.26,4.74,5.79,5.79,4.74,4.21,4.74,5.26,6.32,6.84,5.79,4.74,5.26,6.32,6.84,7.37,7.89,7.89,6.32,6.32,7.89,7.37,6.84,7.89,7.89,7.89,7.89,6.84,6.32,6.32
269181,"South-West Coconut Grove","Neighborhood","FL",1114,"Miami-Fort Lauderdale-West Palm Beach",394856,2.09,1.64,0.9,0.75,1.19,2.54,3.58,4.33,4.48,6.42,6.27,5.52,3.58,3.43,3.28,4.63,2.99,2.24,2.39,2.39,3.43,2.84,3.28,4.18,4.18,5.07,5.22,4.78,4.78,2.24,1.79,1.49,2.54,2.39,3.28,4.48,6.27,5.67,6.42,7.46,9.4,7.91,5.52,3.88,3.28,2.84,3.13,1.34,1.49,1.94,4.33,3.13,1.79,2.84,3.13,4.48,3.88,3.13,3.13,2.99,2.54,2.09,1.94,2.99,2.99,4.33,3.88,4.48,4.63,4.48,3.73,2.24,1.64,1.49,2.24,2.24,2.99,2.09,2.54,2.39,2.24,1.79,1.64,3.43,5.82,7.91,7.01,3.88,2.54,2.84,2.84,1.64,1.19,1.64,1.49,0.9,0.75,0.45,0.45,0.75,1.04,2.09,1.64,0.6,0.45,1.04
172101,"Carondelet","Neighborhood","MO",1116,"St. Louis",395121,1.25,1.25,1.25,1.25,1.25,1.25,1.25,1.25,1.25,1.25,1.25,1.25,1.25,1.25,1.25,1.25,1.25,1.25,1.25,1.25,1.25,1.25,1.25,7.5,6.25,7.5,7.5,7.5,7.5,8.75,8.75,10,7.5,7.5,7.5,7.5,7.5,6.25,6.25,6.25,5,2.5,2.5,1.25,2.5,2.5,2.5,3.75,3.75,7.5,7.5,10,10,8.75,5,1.25,1.25,5,3.75,6.25,7.5,5,5,3.75,7.5,10,8.75,7.5,5,6.25,3.75,6.25,3.75,5,5,5,2.5,2.5,1.25,1.25,1.25,2.5,3.75,2.5,1.25,1.25,1.25,1.25,1.25,1.25,1.25,1.25,1.25,1.25,2.5,2.5,2.5,2.5,6.25,2.5,2.5,1.25,2.5,2.5,3.75,6.25
416371,"Central Oak Park","Neighborhood","FL",1117,"Tampa-St. Petersburg-Clearwater",395148,6.77,6.77,5.16,6.13,7.74,7.1,6.45,6.13,7.74,9.35,8.71,7.74,5.81,3.87,0.97,0.32,0.32,0.32,2.58,5.16,5.48,3.87,7.1,7.74,7.74,4.52,5.48,5.16,4.19,2.9,3.23,4.84,7.42,7.42,7.1,4.84,4.19,3.55,3.55,3.55,2.26,1.29,1.61,3.55,6.13,5.81,6.45,5.81,6.45,8.39,9.68,10,9.68,9.35,7.74,9.68,9.68,10,9.68,8.71,6.77,7.74,7.74,7.42,6.77,8.06,8.06,8.71,8.71,9.03,9.03,8.39,9.35,9.35,9.35,9.03,8.06,9.03,8.71,9.68,9.03,7.42,7.1,7.42,7.74,8.39,9.03,10,10,10,10,9.68,8.39,7.74,8.39,9.35,10,9.68,9.03,8.06,9.03,9.68,9.03,7.42,7.74,8.39
762152,"Union Street","Neighborhood","NY",1118,"Albany-Schenectady-Troy",394308,2,2,2,2,2,2,2,2,2,2,2,2,2,2,2,2,2,2,2,2,4,4,4,6,4,4,4,4,4,4,4,4,2,2,2,4,2,6,4,6,4,4,4,6,6,2,2,2,2,2,2,2,2,2,2,2,4,4,4,4,8,4,10,8,4,2,2,6,6,6,4,8,8,8,2,2,2,2,4,2,2,2,2,6,6,2,2,4,4,4,4,2,6,6,6,4,4,8,6,8,6,6,6,6,6,8
753766,"Near Northside","Neighborhood","IN",1119,"Indianapolis-Carmel-Anderson",394705,1.43,1.43,1.43,1.43,1.43,1.43,1.43,1.43,1.43,1.43,1.43,1.43,1.43,1.43,1.43,1.43,1.43,1.43,1.43,1.43,1.43,1.43,1.43,1.43,1.43,1.43,1.43,1.43,0.71,0.71,0.71,0.71,0.71,0.71,0.71,0.71,0.71,0.71,0.71,0.71,0.71,4.29,4.29,4.29,4.29,7.14,7.14,6.43,7.14,7.14,7.14,8.57,9.29,7.86,7.14,5,4.29,4.29,5,4.29,5.71,6.43,7.86,8.57,7.86,7.14,5.71,5,3.57,2.86,2.86,5,5.71,4.29,4.29,4.29,6.43,7.14,7.14,4.29,2.14,1.43,2.14,4.29,5,2.86,2.14,2.86,5.71,5,5,3.57,2.86,2.14,1.43,1.43,1.43,1.43,0.71,0.71,1.43,1.43,1.43,0.71,0.71,0.71
126290,"Sugarmill Woods","Neighborhood","FL",1120,"Homosassa Springs",394685,5,10,10,10,5,5,10,5,5,5,5,5,5,5,5,5,5,5,5,5,5,5,5,5,5,10,10,10,10,5,5,10,10,5,5,5,5,5,5,5,5,5,5,5,5,10,10,10,5,5,5,5,5,5,5,5,5,5,5,5,5,5,5,5,10,10,10,10,10,10,10,10,10,10,5,5,5,5,5,5,5,5,5,5,5,5,5,5,5,5,5,5,5,5,5,5,5,5,5,5,5,5,5,5,5,5
762398,"Central-Terry","Neighborhood","MT",1121,"Billings",394386,10,10,10,10,10,10,10,6.67,6.67,10,10,10,10,10,10,10,10,10,10,10,10,10,10,10,10,6.67,3.33,3.33,3.33,3.33,6.67,10,10,10,3.33,6.67,6.67,6.67,6.67,3.33,3.33,3.33,3.33,3.33,3.33,3.33,6.67,6.67,6.67,10,10,10,10,10,10,10,10,10,10,10,10,10,10,10,6.67,6.67,3.33,3.33,3.33,10,10,10,10,6.67,6.67,6.67,10,10,10,10,10,10,3.33,3.33,3.33,3.33,3.33,3.33,6.67,6.67,10,10,10,6.67,10,10,10,10,6.67,6.67,10,10,6.67,3.33,3.33,6.67
4083,"Chestnut Ridge","Neighborhood","NY",1122,"New York-Newark-Jersey City",394913,4.42,3.01,3.98,4.42,4.34,4.42,4.69,5.75,7.08,6.19,4.6,2.74,3.36,2.3,1.33,0.62,0.88,1.24,1.15,1.15,1.33,1.06,0.62,0.44,0.44,0.71,1.33,2.39,3.81,4.07,3.98,4.16,3.98,4.51,4.87,6.28,5.66,5.66,3.81,2.48,1.24,1.86,2.74,4.16,6.11,7.08,8.5,8.85,8.41,6.28,4.51,1.86,2.12,2.83,3.54,5.22,6.64,6.73,6.02,6.73,7.52,7.08,5.22,3.81,2.92,3.98,5.84,8.05,8.85,9.03,7.96,6.9,7.79,7.26,7.17,7.61,7.08,4.69,1.68,2.3,2.3,3.01,4.6,7.96,8.05,8.67,8.32,7.96,4.07,2.92,0.97,2.57,2.65,3.54,4.25,7.35,8.41,8.67,8.23,8.14,8.67,8.94,6.81,3.45,0.27,0.44
123890,"Cedar Hills","Neighborhood","FL",1123,"Jacksonville",394714,7.67,7.67,7.67,8,8.67,8.67,8.67,9,9,9.33,5,4.67,5,9,9.67,10,10,10,10,9,4.33,5.33,5.67,6.33,5.33,2.33,0.67,0.67,0.67,2.67,7,10,9.67,9,9.67,9.67,10,10,9,4.33,2.33,1.67,2.67,6,8.33,9,9.33,9,5.67,2,2,6.33,7.67,7.33,7.67,8,8,7.33,8,7.33,7,7.67,8.33,10,10,10,9.67,9.33,8.67,6,4.33,4,4,5.33,5.33,5.33,4.67,3.67,3,2,1.33,2,1.33,2.67,2,4,5,6,5.33,5,5.67,7.67,8.67,7.33,7,5,4,2.67,5,7.33,9.33,8.67,8.33,8,9.33,9.67
247937,"Thoroughgood","Neighborhood","VA",1125,"Virginia Beach-Norfolk-Newport News",395194,0.43,0.43,0.43,0.43,0.65,0.43,0.22,0.43,0.43,0.43,0.65,0.65,0.65,0.65,0.65,0.65,0.65,0.43,0.43,0.43,0.65,3.04,8.48,10,10,10,10,10,7.17,6.74,6.3,9.13,8.91,9.35,9.13,9.57,10,10,10,9.78,10,10,10,10,9.78,7.39,4.35,5.65,8.04,9.78,10,9.78,9.78,9.57,8.48,7.61,8.04,9.13,9.35,9.78,9.78,9.78,9.78,8.26,8.26,3.91,3.48,2.61,5.65,6.09,5.43,5.22,4.35,3.26,4.13,8.04,10,10,10,10,8.26,5.65,3.48,4.13,6.74,3.91,3.26,0.65,1.74,4.35,8.91,9.78,9.78,10,9.78,9.78,7.61,5.43,3.04,1.74,1.52,2.39,4.35,6.96,8.04,7.39
272014,"West Central","Neighborhood","WA",1126,"Spokane-Spokane Valley",395113,2.5,3.75,3.75,3.75,3.75,3.75,5,6.25,5,5,3.75,3.75,3.75,3.75,3.75,6.25,6.25,7.5,6.25,6.25,7.5,6.25,7.5,7.5,5,6.25,6.25,7.5,8.75,8.75,7.5,3.75,2.5,2.5,2.5,2.5,5,5,6.25,5,7.5,7.5,10,10,8.75,7.5,7.5,7.5,7.5,10,10,10,8.75,8.75,7.5,6.25,3.75,5,3.75,3.75,2.5,3.75,5,7.5,7.5,7.5,6.25,5,3.75,5,7.5,7.5,7.5,5,5,3.75,3.75,5,3.75,5,5,5,3.75,5,5,5,5,6.25,5,3.75,3.75,2.5,2.5,3.75,3.75,3.75,3.75,3.75,3.75,3.75,2.5,2.5,2.5,2.5,5,5
764268,"Creekside Park","Neighborhood","TX",1128,"Houston-The Woodlands-Sugar Land",394692,9.29,9.29,9.29,9.05,9.05,9.05,9.05,9.05,9.05,8.81,8.81,8.1,8.33,8.81,8.1,8.81,8.1,7.86,7.38,7.38,6.67,6.67,6.19,5.95,6.19,5.95,6.43,6.67,6.67,7.14,4.29,1.9,1.19,1.67,2.38,2.62,4.76,5.95,6.9,6.9,6.9,4.29,3.57,2.62,0.71,0.71,0.48,0.24,0.48,0.48,0.24,0.48,0.48,0.48,0.48,0.48,0.24,0.24,0.48,0.48,0.95,2.14,3.1,5,5.71,6.9,6.67,5.48,3.57,0.95,0.95,0.48,0.71,0.95,1.9,1.9,0.71,0.24,0.24,0.24,0.71,2.86,2.62,1.9,1.43,1.9,2.14,2.86,3.81,3.81,4.76,3.57,3.1,1.9,1.19,2.38,1.9,0.71,0.48,0.71,1.67,1.9,1.9,0.48,0.48,1.43
762195,"Perwinkle","Neighborhood","OR",1129,"Albany",394307,10,10,10,10,10,10,10,10,10,10,10,10,10,10,10,10,10,10,10,10,10,10,10,10,10,10,10,10,10,10,10,10,10,10,10,10,10,10,10,10,10,10,10,10,10,10,10,10,10,10,10,10,10,10,10,10,10,10,10,10,10,10,10,10,10,10,10,10,10,10,10,10,10,10,10,10,10,10,10,10,10,10,10,10,10,10,10,10,10,10,10,10,10,10,10,10,10,10,10,10,10,10,10,10,10,10
271155,"Brewerytown","Neighborhood","PA",1130,"Philadelphia-Camden-Wilmington",394974,5.16,5.65,6.13,7.1,7.9,6.77,5.97,6.61,8.06,6.61,5.16,3.87,4.03,3.87,3.71,4.19,3.87,4.35,5.48,7.1,7.42,6.29,4.52,4.03,4.03,3.55,5.48,4.68,4.35,4.19,4.68,4.19,4.19,4.52,6.29,6.45,6.13,6.77,6.94,6.45,6.61,7.58,9.35,9.52,8.06,2.1,0.81,0.48,0.81,0.81,0.97,0.81,1.29,1.45,3.71,6.13,8.71,9.84,9.84,9.03,9.52,9.84,10,9.68,9.52,9.35,7.9,8.87,7.42,8.71,9.35,9.84,10,9.35,9.03,7.42,7.42,5.16,3.23,2.42,3.71,7.42,9.68,10,10,9.19,7.42,5.81,4.84,3.39,3.55,4.52,4.68,5.16,3.71,3.55,4.19,6.45,7.9,7.9,7.9,6.45,5,2.42,1.45,0.81
274888,"Old Northwest - West University","Neighborhood","NV",1133,"Reno",395019,10,10,10,8.75,2.5,1.25,2.5,5,10,8.75,8.75,8.75,8.75,8.75,10,10,7.5,7.5,8.75,8.75,8.75,10,10,10,8.75,7.5,7.5,8.75,7.5,7.5,10,10,10,10,10,10,10,10,8.75,10,10,10,10,10,10,8.75,7.5,7.5,7.5,7.5,8.75,7.5,10,10,10,10,10,8.75,7.5,7.5,7.5,6.25,5,6.25,7.5,10,10,10,10,10,10,10,10,10,8.75,7.5,7.5,8.75,8.75,7.5,8.75,8.75,8.75,7.5,7.5,7.5,7.5,7.5,5,8.75,10,10,10,8.75,8.75,6.25,5,5,1.25,1.25,2.5,6.25,7.5,8.75,8.75,8.75
753819,"Dickinson Narrows","Neighborhood","PA",1136,"Philadelphia-Camden-Wilmington",394974,3.23,3.55,4.68,5.65,5.97,5.16,4.52,4.19,3.71,4.35,6.45,7.1,7.26,6.13,6.94,7.1,6.29,5.81,6.61,8.06,8.71,8.06,6.13,5.97,5.32,7.9,9.35,9.84,9.84,9.68,9.35,8.71,7.26,5.48,5,4.03,5.97,6.13,8.55,8.23,9.84,9.35,8.87,6.94,6.94,8.87,9.03,9.19,3.23,2.1,1.61,2.1,2.74,4.68,5,6.61,5.16,7.26,4.35,4.52,2.58,1.77,2.74,4.19,7.42,9.52,9.84,9.68,8.23,6.77,6.45,4.03,1.94,2.58,6.29,9.19,10,10,10,10,9.35,8.87,8.23,7.26,4.84,3.23,2.26,1.94,3.39,7.1,9.19,8.55,8.55,7.74,7.74,7.1,3.87,2.58,1.29,2.1,1.61,2.42,2.26,3.55,5.65,7.26
243204,"East Ocean View","Neighborhood","VA",1137,"Virginia Beach-Norfolk-Newport News",395194,6.74,8.26,8.26,8.91,8.7,7.83,6.09,5.43,6.09,5.22,4.13,2.61,2.39,2.17,1.74,2.61,2.61,4.35,4.13,3.7,3.91,5.43,6.3,6.52,6.09,6.74,6.3,5.65,2.17,0.65,0.43,0.65,0.43,0.43,1.09,1.96,1.96,1.74,1.3,1.74,2.17,2.83,3.04,3.48,2.39,1.96,2.39,2.61,0.87,0.43,0.65,1.09,2.17,1.96,3.7,3.7,3.26,1.96,1.3,1.96,2.17,2.61,2.61,3.26,2.61,1.96,0.22,0.22,0.43,0.43,0.87,0.65,2.39,4.35,7.83,7.61,8.04,5.43,3.48,2.61,2.39,0.87,0.43,0.22,0.22,2.39,5,2.39,0.65,0.65,0.87,0.65,0.22,0.22,0.22,0.87,0.65,0.22,0.43,0.22,0.22,0.22,0.65,0.87,1.96,2.61
170359,"Lakeside-Lester Park","Neighborhood","MN",1139,"Duluth",394543,10,10,10,10,10,10,10,10,10,10,10,10,10,10,10,10,10,10,10,10,10,10,10,10,10,10,10,10,10,10,10,10,10,10,10,10,10,10,10,10,10,10,10,10,10,10,10,10,10,10,10,10,10,10,10,10,10,10,10,10,10,10,10,10,10,10,10,10,10,10,10,10,10,10,10,10,10,10,10,10,10,10,10,10,10,10,10,10,10,10,10,10,10,10,10,10,10,10,10,10,10,10,10,10,10,10
273346,"Corbett-Terwilliger-Lair Hill","Neighborhood","OR",1140,"Portland-Vancouver-Hillsboro",394998,8,5.5,2,2,1,2,4.5,5.5,2.5,0.5,0.5,0.5,0.5,0.5,0.5,0.5,0.5,0.5,0.5,2.5,8,8,3.5,1.5,3.5,7,10,9.5,9,8.5,8.5,7,3.5,4,3,3.5,2,4,1.5,1.5,1,2,6,7.5,7.5,7,8,6.5,5,4,4,3,2.5,3.5,5,5,6,8.5,8.5,9.5,8,7.5,8,8.5,8,8,8.5,9.5,9.5,8.5,7.5,6,4.5,4,2.5,2,3,3.5,6,8.5,9.5,8.5,7,5.5,3.5,4,4,5,4,2.5,3.5,5,5.5,5.5,5.5,6.5,4.5,3.5,1.5,1.5,1.5,1.5,3,5,8.5,8.5
270053,"Regent Park","Neighborhood","MI",1141,"Detroit-Warren-Dearborn",394532,8,8,6,4,4,4,10,10,10,10,8,2,2,2,2,4,4,6,10,10,10,8,8,8,10,10,8,6,4,6,6,10,10,10,10,8,8,8,10,10,10,10,10,8,8,6,6,6,8,8,10,8,6,4,4,8,8,10,10,10,4,4,4,4,4,4,4,8,10,10,10,8,8,6,10,8,6,4,4,2,10,10,10,8,8,8,6,8,6,2,2,2,4,2,2,2,2,2,2,2,2,4,10,10,10,10
124846,"Isle of Normandy","Neighborhood","FL",1142,"Miami-Fort Lauderdale-West Palm Beach",394856,5.37,5.07,5.07,4.78,4.78,6.27,7.31,7.76,8.36,9.4,5.67,2.39,1.49,1.94,3.58,3.43,4.03,3.88,4.63,4.93,5.97,7.91,9.7,9.85,9.85,9.7,9.25,9.25,9.25,9.1,8.96,7.01,4.63,2.69,3.13,3.28,3.58,1.94,1.94,1.79,3.28,3.43,3.13,2.39,2.24,3.28,5.82,7.16,8.66,7.76,6.87,5.67,4.48,4.33,5.97,6.42,6.27,5.22,4.33,3.88,5.07,5.82,6.42,5.22,4.48,4.63,5.07,5.67,4.33,2.39,1.34,1.34,1.79,3.73,2.69,2.69,1.94,2.84,2.69,1.19,0.45,0.6,0.9,2.84,2.54,2.54,1.64,1.04,0.6,0.75,1.49,2.69,2.39,2.09,1.79,2.54,3.58,2.39,1.04,1.04,2.84,4.78,2.84,0.9,0.3,0.6
213914,"Nicholson","Neighborhood","LA",1143,"Baton Rouge",394367,1.11,1.11,1.11,1.11,1.11,1.11,1.11,1.11,1.11,1.11,1.11,1.11,1.11,1.11,1.11,1.11,1.11,1.11,3.33,4.44,5.56,2.22,1.11,1.11,2.22,2.22,3.33,4.44,3.33,5.56,5.56,4.44,3.33,4.44,4.44,4.44,8.89,8.89,10,10,10,7.78,10,8.89,8.89,6.67,6.67,6.67,4.44,5.56,5.56,7.78,6.67,6.67,5.56,7.78,10,10,10,10,7.78,4.44,2.22,2.22,1.11,1.11,1.11,1.11,1.11,2.22,2.22,2.22,4.44,6.67,6.67,5.56,5.56,5.56,4.44,6.67,4.44,4.44,6.67,6.67,5.56,5.56,5.56,6.67,5.56,4.44,4.44,4.44,2.22,4.44,4.44,5.56,4.44,2.22,3.33,4.44,7.78,6.67,6.67,5.56,4.44,4.44
125141,"Loretto","Neighborhood","FL",1144,"Jacksonville",394714,7.33,8,7.33,8.67,9,9,9.33,9.33,8.67,8.67,8.33,8.33,7.33,7,6,5.67,5.67,5,4.67,3.67,2.33,3.33,3,5.33,7,7.67,6.33,5.33,4.67,6.67,9.67,9.67,10,8.33,6.67,5.33,7,8.33,7.33,4.67,2.67,2.33,6.67,8.33,9.33,8.67,7.33,5.67,5.33,7.33,6.67,8,9,9.67,10,10,10,9.67,9,7,4.33,2.33,5,7.67,9.67,9.67,10,10,10,10,10,10,9.33,7.67,6.33,7,8.67,10,9.67,9,9,9.33,9.33,9.67,9.67,10,9.67,9.33,7.33,7,9.33,9.67,10,9,8.33,7.67,8.33,8.67,9.33,9.67,9.67,10,10,9.33,8.33,8.67
275970,"West Henderson","Neighborhood","NV",1145,"Las Vegas-Henderson-Paradise",394775,9.8,9.8,9.8,10,10,10,10,10,10,10,10,10,10,10,10,10,10,10,10,10,10,10,10,10,10,10,10,9.8,9.8,9.8,9.59,9.39,9.18,9.18,7.55,6.73,6.33,6.73,7.14,7.14,6.53,5.51,4.9,4.69,3.88,3.27,2.45,0.41,0.41,1.22,4.29,9.59,8.78,8.98,6.53,4.08,1.63,1.02,0.82,1.22,2.45,3.67,2.45,2.45,4.9,6.73,5.31,3.06,1.43,1.02,0.82,0.61,0.41,0.2,0.2,0.41,1.02,1.02,1.43,1.63,2.86,5.31,7.55,7.96,8.57,7.96,5.71,4.29,5.31,7.14,7.55,3.88,4.29,5.51,8.37,3.27,1.84,0.61,1.02,1.43,3.47,4.49,7.35,5.71,3.88,1.63
274791,"Northside","Neighborhood","OH",1146,"Cincinnati",394466,3,2,3,6,6,5,1,1,1,1,6,4,3,3,3,5,4,3,3,3,7,9,6,3,1,1,3,8,10,9,9,10,10,6,6,7,8,9,8,7,6,5,5,7,8,9,9,9,9,9,7,7,6,6,6,8,8,4,3,2,5,6,8,8,8,8,8,8,8,8,6,5,4,5,5,5,6,9,10,8,3,2,2,3,1,1,1,1,1,1,1,2,2,1,1,1,1,1,2,1,1,1,1,1,1,2
182408,"Kings Grant","Neighborhood","NC",1147,"Wilmington",395229,8,8,8,8,10,10,10,6,4,4,2,4,4,4,2,2,2,2,6,10,10,10,10,4,2,2,2,4,4,2,2,2,2,2,4,8,8,6,4,4,2,2,2,2,2,2,4,4,4,8,10,10,10,10,10,10,10,10,10,8,8,10,8,8,8,8,2,4,6,10,8,10,10,10,6,6,6,6,8,8,6,6,6,6,6,6,6,8,10,10,8,6,2,2,2,4,6,10,10,10,10,10,8,10,10,10
268762,"University Park","Neighborhood","CO",1149,"Denver-Aurora-Lakewood",394530,5.77,5,3.85,2.31,1.92,1.92,1.54,0.38,1.15,2.31,3.85,5.77,7.31,8.46,9.62,8.46,8.46,6.15,8.46,8.08,8.46,6.92,5,4.23,5.38,6.92,8.46,8.85,8.85,5.77,4.62,3.85,1.92,1.54,1.54,2.69,2.31,1.54,1.54,4.62,3.85,2.31,1.54,1.92,1.54,0.77,0.77,1.15,2.31,2.69,1.15,0.77,1.15,1.54,1.54,1.54,1.54,1.54,1.54,1.15,0.77,0.77,1.54,2.69,3.85,2.31,2.69,1.92,2.69,2.31,1.54,1.15,1.15,0.38,0.38,0.38,0.77,0.77,1.54,1.15,1.15,1.15,1.15,0.77,0.38,0.38,0.38,1.15,2.31,3.08,2.31,1.92,0.77,2.69,3.46,3.46,4.62,4.62,2.69,1.54,1.54,1.15,1.54,0.77,0.77,0.38
22662,"Sun City","Neighborhood","TX",1150,"Austin-Round Rock",394355,6.67,6.67,6.67,6.67,3.33,3.33,6.67,6.67,6.67,6.67,6.67,3.33,3.33,3.33,6.67,6.67,6.67,3.33,3.33,3.33,3.33,3.33,3.33,6.67,6.67,6.67,10,10,10,6.67,6.67,6.67,6.67,6.67,6.67,6.67,6.67,6.67,6.67,6.67,6.67,6.67,6.67,6.67,6.67,6.67,6.67,3.33,6.67,3.33,3.33,3.33,3.33,3.33,3.33,3.33,3.33,3.33,3.33,6.67,6.67,6.67,6.67,6.67,6.67,3.33,3.33,6.67,6.67,3.33,6.67,6.67,6.67,6.67,6.67,6.67,6.67,6.67,6.67,6.67,6.67,6.67,6.67,6.67,6.67,3.33,3.33,3.33,3.33,3.33,3.33,3.33,6.67,6.67,6.67,6.67,6.67,3.33,3.33,3.33,3.33,6.67,6.67,3.33,3.33,3.33
764025,"Downtown","Neighborhood","IL",1152,"Chicago-Naperville-Elgin",394463,10,10,10,10,10,9.86,9.86,9.44,8.89,8.33,6.25,5.14,3.75,2.78,2.22,2.08,1.94,2.22,2.36,1.25,0.83,0.69,0.56,0.42,0.28,0.56,0.42,0.56,1.11,1.53,1.11,1.39,2.36,5.42,7.22,4.44,4.17,3.89,4.31,5.28,5.56,5.69,6.53,5.83,4.86,3.06,3.89,5.14,3.75,2.64,2.5,3.75,3.47,1.25,0.28,0.42,2.5,4.86,4.03,4.72,3.19,1.94,1.53,0.97,1.39,2.78,3.33,3.19,2.22,2.78,3.89,6.11,7.22,8.47,9.03,9.72,9.86,9.86,9.86,9.31,6.81,3.47,2.22,3.75,5,5.56,4.44,3.89,4.44,1.94,1.11,0.56,0.56,0.97,1.81,2.08,4.44,6.39,8.75,6.94,4.72,5.69,8.33,8.75,6.94,7.08
113688,"Bel Air","Neighborhood","CA",1153,"Los Angeles-Long Beach-Anaheim",753899,5.47,8.26,9.19,9.88,10,8.84,4.53,2.33,1.4,1.98,3.84,7.09,7.91,5.47,2.67,1.4,1.28,0.93,0.12,0.12,0.12,0.12,0.12,0.12,0.12,0.12,0.12,0.12,0.12,0.12,1.16,7.09,2.91,0.47,0.12,0.12,0.12,0.12,0.23,0.12,0.12,0.12,0.12,0.12,0.58,1.05,2.33,2.44,1.16,1.16,1.4,4.53,6.98,7.67,5.35,1.98,0.58,0.35,0.58,0.47,0.47,0.12,0.12,0.47,0.81,0.47,0.35,0.23,0.35,0.23,0.23,0.12,0.12,0.12,0.12,0.12,0.35,0.81,0.12,0.12,0.12,0.12,0.12,0.12,0.12,0.12,0.12,0.12,0.12,0.12,0.12,0.12,0.12,0.12,0.12,0.12,0.23,0.23,0.23,0.23,0.12,0.12,0.12,0.23,0.23,0.12
737811,"West Harpeth","Neighborhood","TN",1154,"Nashville-Davidson--Murfreesboro--Franklin",394902,2.5,2.5,2.5,2.5,2.5,5,5,5,5,2.5,7.5,10,10,7.5,7.5,7.5,7.5,7.5,10,7.5,7.5,7.5,7.5,7.5,7.5,7.5,7.5,7.5,7.5,7.5,5,5,5,5,5,7.5,7.5,7.5,10,10,10,7.5,7.5,7.5,5,5,5,5,5,5,5,7.5,7.5,7.5,7.5,7.5,7.5,7.5,7.5,7.5,7.5,7.5,7.5,7.5,10,10,10,10,10,10,7.5,7.5,7.5,7.5,7.5,7.5,7.5,7.5,7.5,7.5,7.5,7.5,7.5,7.5,7.5,10,7.5,7.5,7.5,7.5,5,5,7.5,7.5,7.5,7.5,7.5,7.5,7.5,10,10,7.5,7.5,7.5,5,5
343871,"Glenwood","Neighborhood","NC",1155,"Raleigh",395012,9.09,9.09,9.09,9.09,9.09,10,10,10,9.09,8.18,7.27,7.27,8.18,7.27,7.27,5.45,4.55,4.55,3.64,0.91,0.91,0.91,2.73,1.82,1.82,2.73,2.73,1.82,2.73,2.73,1.82,0.91,0.91,0.91,0.91,0.91,1.82,7.27,10,10,5.45,2.73,1.82,1.82,5.45,1.82,1.82,1.82,0.91,0.91,0.91,0.91,0.91,0.91,2.73,2.73,2.73,1.82,0.91,0.91,0.91,0.91,0.91,0.91,0.91,0.91,0.91,0.91,0.91,0.91,0.91,0.91,0.91,1.82,1.82,3.64,3.64,3.64,2.73,0.91,0.91,0.91,0.91,0.91,2.73,3.64,3.64,1.82,1.82,0.91,0.91,0.91,0.91,0.91,0.91,0.91,0.91,0.91,0.91,0.91,0.91,1.82,0.91,0.91,0.91,0.91
270248,"Princeton Heights","Neighborhood","MO",1156,"St. Louis",395121,2.5,5,6.25,6.25,5,2.5,2.5,6.25,6.25,7.5,8.75,7.5,7.5,7.5,8.75,8.75,7.5,7.5,7.5,7.5,3.75,2.5,5,5,5,6.25,6.25,6.25,5,3.75,3.75,6.25,6.25,8.75,6.25,3.75,1.25,1.25,1.25,1.25,1.25,1.25,1.25,3.75,6.25,6.25,6.25,6.25,2.5,3.75,2.5,1.25,2.5,2.5,3.75,5,6.25,6.25,6.25,2.5,1.25,1.25,2.5,10,10,8.75,5,2.5,2.5,2.5,6.25,7.5,7.5,2.5,1.25,1.25,5,6.25,8.75,8.75,8.75,8.75,6.25,7.5,6.25,7.5,8.75,8.75,5,5,6.25,8.75,8.75,8.75,7.5,10,10,10,10,8.75,7.5,5,5,6.25,8.75,8.75
269330,"Grant Park","Neighborhood","GA",1157,"Atlanta-Sandy Springs-Roswell",394347,0.53,0.53,0.53,0.53,0.53,0.53,0.53,2.11,4.74,6.32,7.37,7.37,3.16,1.58,1.58,1.58,3.16,7.89,9.47,9.47,9.47,9.47,7.89,7.37,8.42,9.47,9.47,8.42,7.37,8.42,7.89,8.95,5.79,6.32,7.37,8.42,9.47,7.37,8.95,8.95,9.47,9.47,8.42,7.37,7.37,6.32,5.26,3.68,4.21,3.68,3.16,1.58,3.68,4.74,8.95,9.47,10,10,9.47,7.37,5.79,7.37,7.37,6.32,5.79,6.84,7.37,7.89,5.79,6.84,6.84,8.42,6.84,10,8.95,9.47,9.47,8.95,8.95,8.95,8.95,7.89,7.89,7.37,7.89,6.32,5.26,3.16,0.53,1.05,3.68,7.89,5.26,4.21,4.74,4.74,6.32,8.42,10,10,10,10,10,10,10,10
180852,"Chimney Rock","Neighborhood","TX",1158,"Abilene",394299,7.5,7.5,7.5,7.5,7.5,7.5,5,2.5,2.5,5,5,5,5,5,7.5,7.5,7.5,10,10,10,10,10,5,5,5,5,5,5,5,5,5,7.5,10,10,10,10,10,10,7.5,7.5,2.5,2.5,2.5,5,7.5,7.5,10,7.5,7.5,7.5,10,10,10,10,10,10,7.5,5,7.5,7.5,7.5,7.5,10,10,10,10,10,7.5,5,5,7.5,7.5,2.5,2.5,2.5,2.5,2.5,5,5,7.5,7.5,7.5,10,10,10,10,10,10,5,2.5,2.5,2.5,5,5,5,5,5,5,5,7.5,7.5,7.5,10,10,7.5,7.5
40585,"Riviera Beach","Neighborhood","MD",1159,"Baltimore-Columbia-Towson",394358,0.83,0.83,0.83,1.67,1.67,1.67,1.67,3.33,4.17,1.67,1.67,1.67,2.5,2.5,2.5,1.67,1.67,2.5,1.67,1.67,0.83,0.83,0.83,0.83,0.83,3.33,4.17,5.83,4.17,3.33,4.17,3.33,2.5,4.17,5,8.33,10,10,6.67,5.83,5.83,7.5,6.67,5,6.67,8.33,10,8.33,7.5,7.5,5.83,5.83,6.67,6.67,4.17,5,5,5.83,7.5,7.5,9.17,9.17,9.17,10,9.17,8.33,8.33,6.67,2.5,4.17,3.33,7.5,8.33,8.33,8.33,9.17,9.17,9.17,9.17,10,9.17,9.17,9.17,9.17,9.17,9.17,6.67,8.33,10,10,10,10,10,10,10,10,10,10,10,10,10,9.17,8.33,9.17,10,10
269007,"Hillcrest","Neighborhood","FL",1160,"Jacksonville",394714,9.33,9.33,9,9.33,9.67,9.67,10,10,10,10,10,10,10,10,10,9.67,9.33,9.33,9,10,10,10,10,9.67,10,10,10,10,10,10,4.33,1.67,1,1,0.67,0.67,1.33,1.33,1.67,3,6.67,4.33,2,1.67,0.67,0.67,1.33,3,6.33,7,5,3,3.67,5,5.67,5.67,5.33,3.33,1.67,2,1.67,1.67,1,0.67,1,1.33,2.33,1.33,2.33,2,4,4.67,4.67,6,8.67,10,9.67,9,8,7.33,6.67,7.67,9.67,9.33,8.67,7.33,6,5,4.33,4,2.67,3.33,4.33,8,8,4.67,2,2,1.33,2.33,3.67,7.67,9,10,10,9
623384,"Old Farm District","Neighborhood","OR",1161,"Bend-Redmond",394380,6.67,6.67,7.78,5.56,5.56,5.56,4.44,3.33,3.33,3.33,7.78,7.78,7.78,7.78,7.78,7.78,7.78,7.78,7.78,6.67,4.44,4.44,4.44,8.89,10,10,8.89,7.78,5.56,4.44,5.56,6.67,10,10,8.89,6.67,5.56,7.78,7.78,7.78,6.67,8.89,7.78,8.89,7.78,8.89,4.44,4.44,4.44,4.44,5.56,5.56,6.67,6.67,6.67,4.44,6.67,5.56,7.78,10,10,10,10,10,10,10,10,7.78,8.89,10,8.89,7.78,6.67,5.56,6.67,10,8.89,8.89,6.67,6.67,5.56,3.33,4.44,5.56,5.56,8.89,6.67,3.33,3.33,3.33,4.44,5.56,5.56,7.78,8.89,8.89,4.44,3.33,3.33,4.44,7.78,7.78,3.33,2.22,2.22,2.22
276500,"Old Seminole Heights","Neighborhood","FL",1162,"Tampa-St. Petersburg-Clearwater",395148,1.61,1.94,2.9,3.55,3.87,5.16,5.16,5.81,5.81,5.81,6.77,8.06,8.39,8.39,8.39,8.39,8.39,8.06,7.74,8.39,8.06,8.71,7.74,6.77,8.06,9.03,9.35,9.03,9.35,9.03,8.39,7.1,6.45,6.45,7.42,7.1,6.45,5.48,5.16,5.16,5.16,6.77,8.39,8.39,5.16,3.23,3.55,4.52,6.13,5.48,5.16,5.81,6.45,7.1,5.48,5.16,4.19,5.48,6.77,7.42,7.1,7.1,6.45,6.45,6.45,6.45,6.77,6.45,7.42,7.1,7.74,6.77,6.77,6.77,6.45,6.77,7.42,6.45,4.52,4.52,4.19,3.87,3.55,2.9,2.9,2.26,1.94,1.29,1.29,1.94,2.9,3.87,3.87,3.87,3.55,3.55,4.52,5.48,4.84,3.87,3.87,3.87,4.19,3.87,4.19,4.52
762830,"SouthSide","Neighborhood","PA",1163,"Allentown-Bethlehem-Easton",394318,3.33,3.33,3.33,3.33,3.33,3.33,3.33,3.33,3.33,3.33,3.33,10,10,3.33,3.33,3.33,3.33,3.33,3.33,3.33,3.33,3.33,3.33,3.33,3.33,3.33,3.33,3.33,6.67,10,10,10,6.67,6.67,6.67,3.33,6.67,3.33,3.33,3.33,6.67,6.67,10,6.67,6.67,6.67,6.67,6.67,6.67,3.33,3.33,3.33,6.67,6.67,6.67,6.67,6.67,6.67,6.67,3.33,3.33,3.33,3.33,6.67,10,10,10,10,6.67,6.67,6.67,6.67,10,10,10,6.67,3.33,6.67,3.33,6.67,6.67,6.67,6.67,6.67,3.33,3.33,6.67,6.67,6.67,6.67,6.67,6.67,3.33,3.33,3.33,3.33,3.33,6.67,6.67,6.67,6.67,6.67,6.67,6.67,6.67,6.67
155397,"Pondville","Neighborhood","MA",1164,"Boston-Cambridge-Newton",394404,0.77,1.54,0.77,0.77,0.77,0.77,2.31,2.31,0.77,0.77,0.77,0.77,0.77,0.77,1.54,2.31,2.31,2.31,1.54,0.77,0.77,0.77,0.77,0.77,0.77,0.77,2.31,5.38,4.62,4.62,4.62,3.85,3.08,0.77,0.77,0.77,0.77,0.77,0.77,0.77,0.77,0.77,0.77,0.77,0.77,0.77,0.77,0.77,0.77,0.77,0.77,0.77,1.54,1.54,1.54,0.77,0.77,0.77,0.77,0.77,0.77,0.77,0.77,0.77,0.77,0.77,0.77,0.77,0.77,0.77,0.77,0.77,0.77,0.77,0.77,0.77,0.77,0.77,0.77,0.77,0.77,0.77,1.54,1.54,1.54,0.77,0.77,0.77,0.77,0.77,0.77,0.77,1.54,3.08,8.46,7.69,6.92,3.85,2.31,2.31,3.08,4.62,6.15,5.38,4.62,3.85
268946,"Deerwood","Neighborhood","FL",1165,"Jacksonville",394714,2.33,2,2,4.67,5,7.67,6,4.33,4,4.67,4.33,5.67,6.67,7.67,8.67,8,8.33,4.33,3.67,3,3.67,6,6,4.67,2.67,4,4,6,5,5,4,5,5,6,5.67,6,6.33,6,4.67,2.67,3.33,2.67,3,2.33,2.33,2.33,4,4,2.33,0.67,1,1,1.67,1.33,1.33,1,1,1.33,2.33,3,5.67,6.67,7.67,7.33,7,5.67,6,5.33,5.33,4.33,5,5,6,5,3,2.33,3.33,6,6,5,4.67,5.33,4.67,5,4.33,6.33,7,8.67,9.33,9.67,8.67,8,7.67,5.67,5,4.33,5,6,6.33,6.33,5.67,3.67,3.33,3,3,2.33
276311,"East Reno","Neighborhood","NV",1166,"Reno",395019,2.5,5,6.25,7.5,5,5,5,8.75,6.25,7.5,7.5,7.5,7.5,7.5,8.75,7.5,8.75,8.75,7.5,7.5,7.5,6.25,6.25,6.25,10,10,10,10,10,10,7.5,6.25,3.75,3.75,3.75,6.25,6.25,6.25,6.25,6.25,6.25,6.25,6.25,7.5,7.5,7.5,8.75,10,10,10,6.25,5,7.5,8.75,8.75,7.5,7.5,7.5,8.75,10,10,10,10,10,10,7.5,7.5,7.5,6.25,7.5,8.75,8.75,8.75,8.75,10,8.75,8.75,10,10,10,7.5,7.5,7.5,8.75,10,10,10,10,10,7.5,7.5,7.5,8.75,10,10,10,10,8.75,8.75,10,10,10,8.75,7.5,7.5,6.25
405029,"Highlands","Neighborhood","FL",1168,"Miami-Fort Lauderdale-West Palm Beach",394856,8.81,9.55,9.25,9.4,9.1,9.1,6.42,4.03,2.54,4.33,7.01,9.85,8.66,8.06,6.72,7.31,7.91,9.55,10,9.85,9.85,9.85,9.25,9.4,9.55,10,9.55,8.81,8.06,8.51,9.25,9.55,9.7,10,10,10,9.55,8.96,8.36,8.81,8.81,8.96,9.1,9.1,9.25,9.7,9.1,8.66,7.31,8.66,9.55,9.55,6.42,4.63,4.33,8.21,8.96,9.1,9.4,9.55,10,10,10,10,10,10,10,9.7,9.1,8.66,8.21,8.81,8.81,9.7,9.85,9.85,9.85,9.7,9.7,9.7,9.55,8.21,7.16,7.16,7.91,8.36,8.51,9.1,9.4,9.55,9.7,9.7,9.85,9.7,9.4,8.81,8.66,7.91,7.91,7.16,8.36,7.31,6.42,4.93,4.63,5.22
268068,"City Center","Neighborhood","FL",1171,"Miami-Fort Lauderdale-West Palm Beach",394856,4.18,4.48,4.18,6.42,7.91,9.85,9.7,8.96,4.63,2.69,2.69,6.72,7.76,6.72,3.88,2.84,4.48,5.97,8.51,8.66,7.01,1.19,0.45,0.15,0.3,0.6,2.69,7.61,8.66,8.96,9.7,9.7,9.4,8.81,7.76,5.97,4.18,2.99,1.79,0.9,0.45,0.45,1.49,4.63,8.21,8.06,7.31,5.82,5.52,4.48,4.03,0.6,0.45,0.3,0.6,1.94,6.87,8.81,8.36,4.48,2.09,1.79,1.34,1.49,1.49,1.79,2.69,2.69,2.39,2.54,3.28,3.88,3.73,4.63,6.27,8.21,9.1,9.1,8.96,8.06,7.31,7.16,7.31,7.46,7.61,4.33,2.69,1.79,1.34,1.19,2.54,4.48,8.21,8.51,8.96,8.96,8.81,9.55,9.4,7.46,4.33,2.84,4.93,7.01,7.31,7.46
764085,"Woodland Heights","Neighborhood","FL",1172,"Pensacola-Ferry Pass-Brent",394971,10,10,10,10,10,10,10,10,10,10,10,10,10,5,5,5,5,5,5,5,5,5,5,5,5,5,5,5,10,10,5,5,5,5,10,5,10,5,5,10,10,10,5,5,5,5,5,5,5,5,5,5,5,5,5,5,5,5,10,10,10,10,10,10,10,10,5,5,10,10,10,10,10,10,10,10,10,10,10,5,5,5,5,5,5,10,10,10,10,10,10,10,10,10,10,10,10,10,10,10,10,10,10,10,10,10
272837,"Back Creek Church Road","Neighborhood","NC",1173,"Charlotte-Concord-Gastonia",394458,7.65,7.65,7.65,8.82,8.82,8.82,9.41,8.82,8.24,7.65,8.82,8.24,7.06,6.47,7.06,7.06,7.06,7.65,9.41,9.41,9.41,9.41,4.71,2.94,1.18,1.18,1.18,2.35,5.88,4.12,5.88,4.12,8.82,5.88,5.88,4.12,2.35,1.76,0.59,1.18,1.18,2.35,2.35,2.94,3.53,4.12,3.53,2.94,5.29,6.47,6.47,6.47,7.65,8.24,8.82,5.88,4.71,2.94,2.35,4.12,7.06,7.65,8.82,8.82,8.24,8.24,5.88,4.12,4.12,4.71,5.29,4.71,4.71,4.12,5.88,5.88,5.29,4.71,4.71,7.65,9.41,10,10,9.41,9.41,8.82,8.82,8.82,8.24,8.82,10,10,10,10,10,8.82,8.82,7.65,5.29,4.71,5.88,8.82,8.82,8.24,8.24,9.41
268772,"Washington Park","Neighborhood","CO",1174,"Denver-Aurora-Lakewood",394530,3.46,4.23,6.15,4.62,1.15,0.77,0.77,7.31,9.23,10,10,10,9.62,5.77,5,4.62,8.85,8.08,7.69,4.23,2.69,2.31,4.62,4.62,3.08,4.23,6.92,9.23,9.62,9.62,8.08,7.31,6.92,5.38,4.62,5.38,6.54,5.77,6.92,6.92,6.92,5.77,3.08,2.31,2.69,2.31,5,5,2.69,1.92,1.54,2.69,2.69,3.85,3.08,2.69,2.69,2.69,3.46,4.23,5.38,6.54,5.38,6.15,4.62,4.23,3.08,2.69,3.46,3.46,3.08,2.31,3.08,3.08,2.31,1.54,1.54,1.92,3.85,3.46,3.46,3.85,3.46,2.31,1.54,1.15,1.54,2.31,1.92,1.92,1.54,1.15,1.15,0.77,1.92,5,8.46,9.23,10,10,8.85,8.46,6.15,4.23,3.46,3.08
753716,"Pennsport","Neighborhood","PA",1176,"Philadelphia-Camden-Wilmington",394974,3.87,3.71,5,5.81,6.61,6.13,5,4.84,5.65,7.74,8.71,8.55,4.52,3.23,2.58,5.48,6.45,5.16,2.58,0.97,0.81,0.97,2.42,1.61,1.13,1.13,1.77,5.81,7.74,6.77,5.32,4.03,3.06,3.06,4.84,4.35,2.58,1.94,2.1,4.52,3.39,2.74,3.23,2.1,0.97,0.48,0.32,1.29,2.74,3.55,1.77,1.45,1.45,2.42,4.35,4.84,6.29,5.65,5.48,3.55,3.23,2.42,4.19,5.97,6.61,6.45,5.65,7.42,9.03,9.52,7.42,5.32,3.87,3.39,2.42,2.1,0.97,0.81,1.29,2.58,6.29,9.35,9.03,7.74,6.13,4.19,3.87,3.06,2.1,2.1,2.1,2.1,3.06,5,5.65,6.45,6.13,7.1,4.52,3.06,0.97,1.77,4.03,6.77,8.39,7.9
205554,"Lynn Lane","Neighborhood","OK",1177,"Tulsa",395169,3.33,3.33,3.33,3.33,3.33,3.33,6.67,3.33,3.33,3.33,3.33,3.33,3.33,6.67,10,10,6.67,3.33,3.33,3.33,3.33,3.33,3.33,6.67,10,3.33,3.33,3.33,3.33,6.67,6.67,6.67,3.33,3.33,3.33,6.67,6.67,3.33,3.33,3.33,3.33,3.33,3.33,3.33,6.67,6.67,6.67,6.67,6.67,6.67,6.67,6.67,6.67,6.67,3.33,3.33,3.33,3.33,3.33,3.33,3.33,3.33,3.33,3.33,3.33,3.33,3.33,3.33,6.67,6.67,6.67,6.67,6.67,3.33,3.33,3.33,3.33,3.33,3.33,6.67,3.33,3.33,3.33,3.33,3.33,6.67,6.67,6.67,6.67,6.67,6.67,3.33,6.67,3.33,3.33,3.33,3.33,3.33,3.33,6.67,6.67,6.67,6.67,3.33,3.33,10
737997,"Blue Oaks","Neighborhood","CA",1178,"Sacramento--Roseville--Arden-Arcade",395045,7.27,7.27,2.73,0.91,0.91,0.91,1.82,1.82,2.73,2.73,3.64,4.55,4.55,7.27,4.55,2.73,0.91,0.91,0.91,0.91,0.91,0.91,0.91,0.91,0.91,0.91,1.82,1.82,1.82,0.91,0.91,0.91,0.91,0.91,0.91,0.91,2.73,2.73,2.73,0.91,0.91,2.73,7.27,6.36,2.73,0.91,0.91,0.91,2.73,2.73,2.73,2.73,4.55,4.55,4.55,5.45,3.64,2.73,1.82,1.82,1.82,0.91,0.91,0.91,0.91,0.91,0.91,1.82,2.73,1.82,1.82,2.73,3.64,3.64,2.73,3.64,5.45,5.45,5.45,5.45,4.55,3.64,4.55,6.36,7.27,7.27,7.27,5.45,4.55,4.55,2.73,3.64,3.64,5.45,4.55,2.73,1.82,1.82,5.45,7.27,3.64,4.55,5.45,8.18,4.55,2.73
269978,"East English Village","Neighborhood","MI",1179,"Detroit-Warren-Dearborn",394532,10,10,8,8,8,8,8,4,2,2,2,4,4,4,6,6,6,8,6,8,6,6,6,6,4,4,6,8,8,4,4,4,6,4,2,2,2,2,4,2,2,2,4,6,2,2,2,2,2,2,2,2,2,2,2,2,6,6,6,8,8,8,10,10,10,8,8,6,4,4,2,2,2,2,2,4,4,6,6,4,4,8,8,6,6,6,2,2,8,8,10,6,8,8,10,10,6,4,4,6,6,6,2,2,2,6
21292,"Whitehouse Station","Neighborhood","NJ",1180,"New York-Newark-Jersey City",394913,4.6,4.42,4.16,4.51,5.49,6.02,5.58,5.49,5.58,7.79,8.76,8.94,8.76,7.88,8.05,8.32,8.14,8.05,7.79,8.5,8.94,9.12,9.47,9.12,7.88,6.02,4.6,2.92,3.01,2.65,3.36,3.19,4.51,6.46,8.67,8.85,7.52,4.78,3.01,3.89,3.81,3.27,4.25,6.28,8.67,9.47,9.56,9.56,9.65,9.47,9.2,9.38,9.47,9.73,7.43,3.89,2.57,5.04,5.84,4.78,3.27,3.81,3.27,4.16,5.49,8.23,8.32,7.52,7.08,7.88,8.76,8.76,8.94,7.61,6.19,2.21,3.01,4.25,6.28,6.28,4.87,4.51,5.58,6.55,4.87,2.48,3.27,7.43,8.85,8.94,7.7,7.96,7.7,8.14,8.67,8.76,9.2,9.12,9.2,5.75,2.74,1.68,3.1,6.64,7.08,7.96
403311,"East Ukrainian Village","Neighborhood","IL",1181,"Chicago-Naperville-Elgin",394463,5.97,4.86,5.42,4.86,5.14,5.28,5.83,6.53,6.81,6.53,7.08,8.75,8.61,9.31,9.03,9.44,9.17,9.86,9.17,9.17,8.61,9.03,9.17,8.33,8.89,8.89,9.44,8.61,8.33,5.83,7.92,8.75,9.44,9.31,9.44,9.44,9.17,7.92,6.53,7.36,8.89,9.44,9.03,8.61,8.61,8.33,8.33,8.47,8.06,9.86,10,10,9.72,9.31,9.03,8.75,8.75,9.44,9.72,9.72,9.58,9.17,8.75,8.06,7.92,8.06,8.61,8.89,8.89,8.61,8.19,8.06,8.75,9.17,9.58,9.86,9.58,9.31,9.03,8.75,9.17,9.72,9.86,9.86,9.44,8.75,8.89,8.61,8.89,8.75,7.92,7.08,5,5.83,5.28,5.97,5.97,5.83,6.39,6.53,7.08,7.08,6.94,5.28,5.56,4.72
275890,"Virginia Highland","Neighborhood","GA",1183,"Atlanta-Sandy Springs-Roswell",394347,8.95,8.42,5.79,4.74,4.21,5.26,7.89,8.95,10,8.95,7.89,5.26,2.63,4.74,5.26,8.42,9.47,8.95,8.42,7.89,7.89,5.26,3.68,4.21,6.32,6.84,4.74,2.63,3.16,6.32,6.84,4.74,3.16,3.16,2.63,2.11,2.63,4.74,7.37,4.21,2.11,1.05,2.63,8.42,8.95,8.42,8.42,8.95,7.37,5.79,4.21,6.32,7.37,10,9.47,8.95,6.84,6.32,6.32,5.79,4.74,3.16,3.68,4.21,5.26,8.42,8.42,7.37,7.89,8.95,8.95,9.47,9.47,7.37,7.37,7.37,5.79,6.84,6.32,7.37,7.37,7.37,6.84,6.32,7.37,8.95,8.95,7.37,6.84,7.89,8.42,8.95,9.47,8.42,5.79,5.26,4.74,4.74,3.16,2.63,3.16,3.16,3.16,3.68,3.68,4.74
272970,"Black Mountain","Neighborhood","NV",1184,"Las Vegas-Henderson-Paradise",394775,1.22,1.63,2.45,3.27,4.49,7.55,5.71,5.31,3.67,4.08,3.67,5.31,3.47,7.14,8.16,8.78,4.49,1.63,0.82,0.41,0.2,0.2,0.2,0.41,0.61,1.63,2.04,2.04,1.84,1.02,0.41,0.61,1.22,1.43,2.65,2.45,4.29,2.45,1.63,2.65,7.14,9.59,9.59,8.37,8.16,7.55,8.37,8.78,8.37,5.31,5.31,4.49,3.88,2.86,2.24,3.27,5.92,8.16,7.96,5.51,3.67,3.06,3.88,4.29,6.12,5.51,7.14,6.33,6.53,4.29,3.27,1.84,1.63,1.02,1.43,2.45,3.27,4.08,5.51,4.9,5.31,4.69,6.12,7.14,8.78,8.78,7.96,5.1,2.86,2.24,2.24,2.24,1.84,2.45,2.45,2.24,3.88,6.73,9.8,10,10,9.59,8.78,6.33,2.65,1.84
274698,"North City","Neighborhood","CA",1185,"San Diego-Carlsbad",395056,1.03,2.07,3.1,4.83,5.52,4.14,1.38,0.69,0.34,0.34,0.34,0.34,1.03,1.72,2.07,1.72,2.07,1.38,1.03,0.69,0.34,0.34,1.38,1.72,1.72,1.72,1.72,2.07,2.07,2.41,3.79,4.83,2.76,2.41,2.41,1.03,0.34,0.34,1.03,1.72,1.38,1.38,1.03,0.69,0.34,0.34,0.34,0.34,0.34,0.69,0.69,0.34,0.34,0.34,0.69,1.38,1.38,1.03,1.38,1.03,1.38,2.07,2.76,4.83,4.83,3.79,2.76,2.07,1.03,1.03,0.34,0.34,0.34,0.34,0.34,0.34,0.34,0.34,0.34,0.34,0.34,1.03,1.72,2.07,2.76,2.76,4.14,3.79,3.45,1.38,0.69,0.34,1.03,1.38,1.38,1.03,1.03,1.03,2.07,3.79,2.76,1.03,1.03,1.03,1.03,1.03
270312,"Dilworth","Neighborhood","NC",1186,"Charlotte-Concord-Gastonia",394458,8.24,8.82,8.82,9.41,9.41,9.41,6.47,4.12,2.35,4.71,5.29,8.82,9.41,10,10,10,8.24,5.29,7.06,10,10,10,10,10,10,8.82,8.24,7.06,7.06,5.88,4.12,2.35,2.35,4.71,4.71,2.94,2.94,3.53,5.88,5.29,5.88,5.88,6.47,5.29,5.88,5.88,5.29,5.88,4.12,2.94,1.76,1.76,4.12,5.29,7.06,9.41,7.65,6.47,4.71,5.29,5.88,4.71,4.71,4.12,6.47,9.41,9.41,6.47,3.53,3.53,4.71,5.88,6.47,5.88,4.71,4.12,4.12,4.12,2.35,2.35,3.53,4.71,4.71,4.12,5.29,6.47,5.88,6.47,7.06,7.65,7.65,5.88,5.88,4.71,5.29,5.29,5.29,7.06,7.65,8.24,7.65,5.88,4.12,2.35,4.71,6.47
252043,"Sunnyslope","Neighborhood","OR",1187,"Salem",395048,8.33,8.33,8.33,8.33,8.33,8.33,8.33,8.33,8.33,8.33,8.33,8.33,6.67,8.33,6.67,6.67,6.67,8.33,10,8.33,6.67,5,8.33,8.33,6.67,6.67,5,6.67,8.33,6.67,3.33,5,8.33,10,8.33,6.67,5,8.33,5,1.67,1.67,1.67,1.67,8.33,10,10,10,10,10,10,10,3.33,1.67,1.67,3.33,5,8.33,6.67,1.67,1.67,1.67,6.67,5,6.67,3.33,5,5,6.67,6.67,8.33,8.33,6.67,8.33,8.33,8.33,10,10,10,10,8.33,10,10,6.67,6.67,8.33,8.33,5,1.67,6.67,6.67,6.67,8.33,8.33,5,5,5,8.33,8.33,10,10,3.33,1.67,1.67,1.67,1.67,1.67
126292,"Sulphur Springs","Neighborhood","FL",1188,"Tampa-St. Petersburg-Clearwater",395148,9.35,9.03,9.35,9.35,9.35,9.68,9.68,8.39,7.1,7.74,10,10,10,9.68,8.71,5.81,5.48,6.77,9.03,7.42,9.68,10,10,9.03,8.39,7.74,8.39,8.39,9.03,8.39,8.06,6.45,5.16,4.19,2.58,1.61,2.26,3.87,6.45,6.77,4.84,4.19,4.84,6.77,7.1,4.84,3.23,2.26,1.94,2.26,3.87,4.84,5.48,4.52,1.29,0.65,1.29,6.45,9.35,10,10,10,9.03,6.77,4.84,4.19,6.13,7.74,8.06,8.71,8.71,8.71,7.42,6.45,5.81,7.42,9.03,8.71,8.06,7.42,9.68,10,10,10,10,10,10,9.68,9.03,8.39,8.39,10,9.03,9.03,5.16,7.1,7.74,8.71,8.71,9.03,8.71,4.19,3.87,6.45,8.71,9.68
242316,"Cavalier Manor","Neighborhood","VA",1189,"Virginia Beach-Norfolk-Newport News",395194,1.09,1.09,1.3,1.96,3.7,3.91,3.26,3.04,3.04,2.83,4.35,5,6.09,6.09,5,3.26,3.48,3.7,4.57,3.04,2.83,0.87,0.22,0.22,0.43,0.87,1.3,2.17,3.26,2.17,2.17,1.96,3.26,2.61,2.83,3.26,4.13,5.43,4.13,3.48,3.48,3.7,1.74,1.3,0.43,0.87,1.09,1.74,1.09,1.09,1.09,0.65,0.22,0.22,0.22,0.87,0.43,0.65,1.09,1.09,1.52,1.52,2.17,4.57,5.43,4.57,2.61,1.96,1.52,3.04,4.13,5,6.09,5.43,6.3,7.17,8.26,7.83,7.17,3.91,3.26,3.26,6.96,8.91,9.35,8.04,6.96,6.74,6.52,6.52,6.74,9.35,7.39,4.57,0.43,0.22,0.22,0.87,1.96,2.39,3.91,5,6.74,5.43,4.35,2.83
273096,"Business District","Neighborhood","CA",1190,"Los Angeles-Long Beach-Anaheim",753899,7.91,9.77,10,10,7.33,6.86,8.72,9.42,8.6,6.86,9.07,9.3,9.77,9.77,9.77,9.77,8.14,7.09,4.88,4.42,1.74,1.05,2.21,7.56,9.42,10,10,10,10,10,9.88,10,9.88,10,9.53,8.26,8.49,9.42,7.67,5.93,2.56,2.09,0.58,0.35,0.7,1.28,1.86,0.7,0.35,0.35,0.23,0.35,0.58,1.05,3.14,5.7,5,2.09,1.16,0.58,0.93,0.7,0.47,0.12,0.12,0.23,0.93,3.6,4.07,1.4,0.7,0.58,1.05,1.28,0.7,0.93,1.63,4.07,6.28,7.44,9.07,8.49,6.16,3.26,2.79,5.12,2.91,2.91,2.91,7.67,8.72,8.95,6.86,3.6,2.21,1.05,0.58,0.47,0.35,0.12,0.35,0.47,0.47,0.47,0.35,0.35
274122,"Jacksonville Farms-Terrace","Neighborhood","FL",1191,"Jacksonville",394714,6.33,6.67,7,7,7.67,6.67,6.67,5.67,6.33,5.33,5.33,5,4.33,3.33,3.33,3.67,2.67,3.33,3,2.67,3,4.33,4.67,5,3.67,3.33,1.33,1,1,0.67,0.33,0.33,0.33,0.33,1,1,0.67,1,1,3.67,1,0.67,0.33,0.33,1,2,2,2,1,2.33,2.67,5.33,2.33,2.67,2.33,3.67,4,4,6,6.33,4.67,2,1.67,2.67,3,2,0.67,0.33,0.33,0.33,0.67,1,1.33,0.67,1,1.33,1.67,3,2.67,3.67,3.33,1,0.33,0.33,0.67,2,4,1.67,1.33,1,1.33,1,0.67,0.67,0.33,0.67,0.67,1,1,1.33,1.33,1.67,1.33,1,2.67,5
251064,"Lake Shore","Neighborhood","WA",1192,"Portland-Vancouver-Hillsboro",394998,10,10,10,10,10,10,10,10,10,9,7.5,7,5,4.5,4.5,4,4,4,2.5,1,0.5,0.5,1,5,7.5,8,8,9,8.5,9,9,8,5,4.5,5.5,6.5,4.5,4.5,5.5,7,3.5,4,2.5,5.5,5,6,5.5,7,4.5,2.5,1,1,3,5.5,2.5,1.5,0.5,3,3.5,6.5,7.5,8.5,6.5,2.5,0.5,0.5,5.5,5.5,7.5,7.5,4.5,3,2.5,3,3,2.5,3.5,4,8,9,9,9.5,9.5,9.5,10,9,9,9,9.5,7.5,5.5,5.5,7,7.5,7.5,8.5,9.5,8.5,7.5,7,9.5,9.5,9,9,7.5,5.5
417851,"Alta Mesa","Neighborhood","AZ",1193,"Phoenix-Mesa-Scottsdale",394976,8.33,7,3.33,1.67,1.33,1.67,1.33,1.33,1.33,1.67,2.67,3.67,3.67,3,2.33,4,5.67,6.33,7,6.33,6.33,4.67,3,5,5.67,6.67,7,7.67,7.67,6.33,4,6,8,10,10,10,7.33,3.67,2.33,1.67,1.33,1.33,1.33,2,3,2.33,1,0.33,0.67,1.67,3,4,3,2.33,2.67,3,4.67,4.33,3.33,2,2.33,2.33,2.33,3,5.33,8.33,8.67,7.67,5.67,4,4,4.67,6.33,8.67,7,5.67,5,5.67,6.67,7,6.67,6,6,6,5.67,7.33,8,8,8,7,7,6,5,5,6.33,8.67,9.67,7,7,8.33,9,9,7.33,6,5.33,5.67
403304,"Old Town Triangle","Neighborhood","IL",1194,"Chicago-Naperville-Elgin",394463,6.53,6.11,6.53,7.36,7.64,7.36,7.22,6.94,5.97,2.92,1.25,1.53,1.39,0.97,1.67,2.22,2.08,1.94,4.31,5.69,6.67,5.14,4.44,6.11,6.81,7.08,7.22,8.33,9.31,8.75,7.78,6.39,6.94,7.92,7.36,8.06,9.31,10,10,9.86,9.72,7.78,5.56,3.19,3.19,7.22,9.44,9.86,7.92,5.28,3.33,5.42,7.22,8.33,6.53,5,3.47,4.17,6.25,5.97,6.53,5.97,5.14,3.33,3.06,4.72,6.53,8.19,8.61,9.03,9.31,9.03,9.58,9.44,9.44,9.31,8.75,8.75,7.36,6.67,6.94,7.08,7.08,6.81,7.22,8.19,7.92,8.47,8.19,7.08,6.25,4.31,3.47,2.78,3.89,3.89,2.64,1.67,1.94,2.36,2.36,3.47,5.28,6.67,4.86,3.89
183256,"Ogden","Neighborhood","NC",1196,"Wilmington",395229,2,2,2,2,2,2,2,2,2,2,6,6,8,6,4,4,4,4,2,2,2,2,2,2,4,4,4,2,2,4,4,8,10,10,2,2,2,2,2,2,4,4,4,4,6,4,6,2,6,2,2,2,2,2,2,2,6,4,8,10,10,6,4,4,4,6,4,2,2,2,4,4,4,4,4,4,4,4,2,2,2,2,2,4,4,4,4,4,4,2,2,2,8,6,4,2,2,2,2,4,4,8,10,8,8,6
126244,"Southgate","Neighborhood","FL",1197,"North Port-Sarasota-Bradenton",753906,8.57,8.57,8.57,8.57,8.57,9.29,8.57,8.57,8.57,8.57,10,10,10,10,10,10,10,9.29,9.29,8.57,8.57,9.29,9.29,8.57,7.86,7.14,7.86,8.57,8.57,9.29,10,8.57,8.57,6.43,6.43,5.71,5,5.71,7.14,6.43,5.71,6.43,5.71,6.43,5.71,4.29,2.86,2.86,2.86,3.57,3.57,3.57,4.29,2.86,2.14,2.14,5,7.86,7.86,7.86,8.57,8.57,9.29,8.57,8.57,8.57,7.86,7.86,7.86,7.14,5.71,5.71,4.29,5,4.29,4.29,2.86,2.86,3.57,3.57,4.29,6.43,5.71,6.43,6.43,7.14,7.86,7.86,8.57,7.14,5.71,5,6.43,5.71,6.43,6.43,7.14,7.14,5.71,5.71,7.86,8.57,8.57,8.57,7.86,7.14
763514,"Northeast Aurora","Neighborhood","IL",1198,"Chicago-Naperville-Elgin",394463,8.19,8.75,8.33,7.92,7.22,6.81,6.81,7.5,7.64,8.19,8.61,9.31,9.03,9.58,9.17,9.03,8.33,9.03,9.58,9.58,9.44,9.44,9.31,8.61,8.47,8.75,8.61,8.47,8.89,9.31,9.31,9.17,8.61,6.25,4.03,3.75,5,4.44,8.89,9.72,9.86,9.17,9.58,8.89,3.06,0.56,0.28,0.42,0.97,2.08,1.11,0.83,1.39,5.14,8.47,8.47,4.58,0.97,0.83,1.53,5.83,3.61,1.25,0.28,0.56,3.47,6.25,7.08,5,3.61,2.78,5.56,9.17,9.86,9.86,9.03,6.39,6.11,7.08,8.33,8.06,8.61,8.19,8.61,8.61,9.03,9.58,9.86,9.86,9.86,10,10,10,9.86,9.72,8.33,6.53,5.28,4.72,2.78,1.25,1.94,4.17,7.22,7.78,8.75
275001,"Queen Village","Neighborhood","PA",1199,"Philadelphia-Camden-Wilmington",394974,1.29,1.61,2.26,3.06,4.84,5.97,6.45,5.65,4.03,4.19,3.55,3.39,3.06,4.35,5.97,7.74,8.23,9.19,9.35,9.03,7.9,8.71,9.35,8.23,8.71,7.58,8.06,7.74,6.45,4.84,1.45,1.29,1.29,2.74,6.61,8.87,8.23,7.1,4.19,2.74,3.55,6.29,6.94,6.61,4.35,2.26,2.1,1.77,2.1,2.74,5.32,6.94,8.71,8.87,9.19,7.58,4.84,1.94,1.77,3.71,6.29,6.61,6.45,4.68,4.19,2.26,3.06,4.68,6.94,6.94,4.68,3.87,1.77,2.1,1.45,1.61,1.77,4.03,7.42,8.55,4.35,2.9,2.9,2.26,1.45,1.13,0.48,1.13,1.13,1.13,0.16,0.16,1.45,3.06,4.35,3.87,5.48,5.32,4.68,2.74,1.94,1.29,1.29,0.65,0.48,0.32
272879,"Bayshore Beautiful","Neighborhood","FL",1200,"Tampa-St. Petersburg-Clearwater",395148,2.58,2.58,2.58,1.94,2.58,2.58,4.84,4.84,6.13,6.45,5.16,6.45,7.42,7.74,7.74,7.74,6.77,6.13,6.45,5.81,6.13,7.42,9.35,10,10,9.68,7.1,5.81,5.81,6.13,5.48,2.9,2.9,2.9,3.55,5.81,8.06,8.06,8.06,8.06,8.39,9.68,9.68,9.68,10,9.03,7.42,7.1,7.1,7.42,7.74,8.71,9.35,9.68,9.35,7.1,5.48,7.42,4.84,3.55,3.55,2.26,2.9,2.9,4.52,4.84,5.48,6.13,4.52,3.55,2.9,2.9,2.26,2.9,4.19,5.16,5.48,5.48,6.45,5.81,6.45,6.45,6.45,6.45,5.48,4.52,3.23,3.23,3.55,3.23,1.94,0.97,0.65,0.97,2.26,3.23,3.87,5.16,5.48,5.48,2.9,2.26,2.26,3.55,3.55,3.55
623391,"Southwest Bend","Neighborhood","OR",1201,"Bend-Redmond",394380,5.56,5.56,5.56,8.89,8.89,7.78,7.78,7.78,7.78,6.67,5.56,4.44,4.44,5.56,5.56,2.22,4.44,4.44,5.56,7.78,7.78,8.89,8.89,6.67,6.67,6.67,6.67,6.67,7.78,8.89,8.89,8.89,8.89,8.89,7.78,7.78,8.89,8.89,8.89,4.44,4.44,5.56,8.89,10,8.89,7.78,2.22,2.22,3.33,5.56,4.44,3.33,1.11,1.11,1.11,1.11,2.22,8.89,8.89,7.78,6.67,7.78,7.78,8.89,8.89,8.89,8.89,10,10,7.78,4.44,3.33,4.44,3.33,3.33,4.44,4.44,6.67,7.78,8.89,8.89,8.89,8.89,7.78,8.89,7.78,3.33,2.22,4.44,7.78,8.89,10,8.89,8.89,5.56,5.56,5.56,5.56,5.56,5.56,5.56,8.89,10,10,8.89,8.89
342785,"Saddle Rock Golf Club","Neighborhood","CO",1202,"Denver-Aurora-Lakewood",394530,7.31,7.31,7.31,9.23,10,9.62,8.46,8.08,6.15,3.85,3.46,3.08,1.54,1.15,1.54,2.31,1.92,1.15,0.77,0.77,1.15,1.54,2.31,3.08,3.46,3.46,1.92,1.15,0.77,0.77,1.15,1.15,1.15,0.77,1.15,2.31,3.46,2.31,2.31,1.54,2.69,4.23,5,4.62,2.31,1.54,1.54,2.31,1.54,1.54,3.46,7.69,7.69,6.54,5,5,4.23,3.08,2.31,2.69,3.08,3.85,4.23,1.92,0.77,0.77,0.77,3.46,4.23,3.85,4.23,4.23,4.62,4.62,3.46,2.69,3.46,3.46,2.31,2.31,2.31,2.31,2.69,4.62,3.85,5,4.62,5,4.23,3.46,2.69,2.69,3.08,4.62,4.23,3.85,3.08,1.92,1.92,2.69,4.23,4.23,4.23,3.08,2.69,2.69
125198,"Mandarin","Neighborhood","FL",1203,"Jacksonville",394714,1.67,1,1,0.67,0.67,0.67,0.67,1,1.67,3.67,3.67,4,4.67,5.33,4,1.67,1.33,1,2.33,3.33,4.67,3.67,1.67,1,0.67,1.33,2,1.33,3.67,2.33,1,1,1.33,4.33,8,8.33,6,3.67,3.67,6.33,8,3.67,1.67,1,2,4.33,5.67,6.67,3.33,3.67,3,2,1.33,2,2.67,6.33,4.33,1,1.33,2.33,3.67,5.67,5.67,5.67,5,4,4.33,4,4.33,5.33,3.67,1.67,0.67,1.67,3.67,3.67,2.67,1.33,1.67,2.33,3,4,3.67,3,2.67,0.67,0.33,0.67,1.67,2,1.67,1.33,1.33,1,1,1,1.33,1.67,0.67,0.67,0.33,1,1.67,2,1.67,2
124518,"Gateway","Neighborhood","FL",1204,"Cape Coral-Fort Myers",394440,6.67,4.44,6.67,6.67,6.67,6.67,6.67,4.44,4.44,4.44,3.33,3.33,4.44,4.44,7.78,8.89,8.89,7.78,5.56,6.67,7.78,7.78,5.56,5.56,5.56,5.56,5.56,4.44,3.33,2.22,2.22,2.22,3.33,5.56,5.56,5.56,3.33,3.33,2.22,4.44,4.44,5.56,5.56,5.56,6.67,5.56,3.33,3.33,3.33,1.11,1.11,1.11,2.22,2.22,1.11,1.11,1.11,2.22,3.33,3.33,3.33,2.22,1.11,1.11,1.11,3.33,1.11,1.11,1.11,2.22,2.22,2.22,2.22,2.22,2.22,2.22,1.11,2.22,3.33,4.44,4.44,4.44,5.56,7.78,6.67,5.56,5.56,5.56,3.33,3.33,1.11,1.11,1.11,3.33,2.22,2.22,3.33,4.44,8.89,8.89,8.89,6.67,6.67,5.56,4.44,3.33
396678,"Yardville-Groveville","Neighborhood","NJ",1205,"Trenton",395164,7.5,7.5,7.5,7.5,5,5,7.5,7.5,2.5,2.5,2.5,2.5,2.5,2.5,2.5,2.5,2.5,2.5,7.5,7.5,7.5,5,5,5,2.5,2.5,2.5,2.5,2.5,2.5,5,5,10,10,10,10,10,7.5,2.5,2.5,2.5,2.5,2.5,2.5,2.5,2.5,2.5,5,5,5,5,5,5,7.5,5,2.5,2.5,2.5,5,7.5,7.5,7.5,5,5,5,7.5,5,2.5,5,5,7.5,2.5,2.5,2.5,2.5,2.5,2.5,5,10,2.5,5,7.5,7.5,7.5,7.5,7.5,2.5,2.5,2.5,2.5,2.5,2.5,10,10,10,7.5,7.5,7.5,7.5,7.5,7.5,7.5,7.5,5,7.5,7.5
764261,"Hope Valley","Neighborhood","NC",1206,"Durham-Chapel Hill",394549,10,10,10,10,10,10,10,10,10,10,10,10,10,10,10,10,10,10,10,10,10,10,10,10,10,10,10,10,10,10,10,10,10,10,10,10,10,10,10,10,10,10,10,10,10,10,10,10,10,10,10,10,10,10,10,10,10,10,10,10,10,10,10,10,10,10,10,10,10,10,10,10,10,10,10,10,10,10,10,10,10,10,10,10,10,10,10,10,10,10,10,10,10,10,10,10,10,10,10,10,10,10,10,10,10,10
762612,"River Oaks-Brookhollow","Neighborhood","TX",1207,"Abilene",394299,5,5,2.5,2.5,2.5,2.5,2.5,7.5,7.5,7.5,10,10,10,10,10,10,10,7.5,7.5,2.5,2.5,2.5,7.5,7.5,7.5,7.5,7.5,7.5,7.5,7.5,7.5,5,5,5,5,7.5,5,5,2.5,2.5,5,5,5,2.5,2.5,2.5,2.5,2.5,2.5,2.5,2.5,2.5,2.5,2.5,2.5,2.5,10,10,10,10,10,10,5,5,5,2.5,2.5,2.5,2.5,7.5,5,5,7.5,7.5,5,5,7.5,10,10,10,5,5,5,2.5,2.5,2.5,2.5,2.5,2.5,5,5,5,2.5,2.5,2.5,2.5,2.5,2.5,2.5,2.5,5,2.5,2.5,2.5,2.5,2.5
417912,"Las Sendas","Neighborhood","AZ",1208,"Phoenix-Mesa-Scottsdale",394976,2,2,2.67,3.67,2,2.33,2.33,2.33,2.33,3.67,3.67,4,1,0.33,0.67,0.67,1,1.67,1.67,2.33,3,2,2.33,2.67,5.33,2.33,1.33,0.67,0.67,0.67,0.67,0.67,0.67,0.67,0.67,1,0.67,0.67,1.33,1.33,1,0.33,0.33,0.33,0.33,0.33,0.67,0.67,0.33,1.33,5.33,9.67,4.33,1.33,0.33,0.67,1,0.67,0.67,0.67,0.33,0.67,0.67,1,0.33,0.33,0.33,0.33,0.33,0.33,0.33,0.33,0.33,0.67,0.33,0.33,0.67,1,1.33,1,1.33,1.33,1.33,1,1.33,3.67,3.67,2,1,0.67,0.67,0.67,1.67,3,3,1.67,1.67,0.67,1,0.67,0.67,0.67,0.67,1.67,2.33,3.33
269457,"West Augusta","Neighborhood","GA",1209,"Augusta-Richmond County",394352,6.67,6.67,6.67,6.67,6.67,6.67,6.67,6.67,6.67,10,10,10,10,10,10,10,10,10,10,6.67,10,6.67,6.67,3.33,3.33,3.33,3.33,3.33,3.33,3.33,3.33,3.33,6.67,6.67,6.67,6.67,6.67,3.33,3.33,6.67,6.67,6.67,3.33,3.33,3.33,3.33,3.33,6.67,3.33,3.33,3.33,3.33,3.33,6.67,3.33,3.33,3.33,3.33,3.33,6.67,10,10,6.67,3.33,3.33,3.33,3.33,3.33,10,10,6.67,6.67,6.67,10,10,10,10,6.67,6.67,6.67,6.67,6.67,6.67,6.67,6.67,6.67,6.67,3.33,3.33,3.33,3.33,3.33,6.67,6.67,6.67,6.67,6.67,6.67,3.33,3.33,3.33,3.33,3.33,6.67,3.33,6.67
267895,"Otter Creek Crystal","Neighborhood","AR",1210,"Little Rock-North Little Rock-Conway",394798,5.71,7.14,7.14,5.71,2.86,2.86,2.86,2.86,2.86,1.43,1.43,1.43,1.43,2.86,5.71,7.14,5.71,4.29,4.29,7.14,5.71,2.86,2.86,2.86,1.43,1.43,1.43,4.29,4.29,1.43,1.43,1.43,1.43,1.43,1.43,1.43,1.43,1.43,1.43,1.43,1.43,1.43,2.86,2.86,4.29,2.86,2.86,1.43,1.43,1.43,1.43,4.29,2.86,1.43,1.43,1.43,1.43,2.86,7.14,10,10,4.29,2.86,1.43,1.43,1.43,1.43,1.43,1.43,1.43,1.43,1.43,1.43,1.43,1.43,1.43,1.43,2.86,2.86,1.43,1.43,2.86,2.86,2.86,2.86,1.43,2.86,2.86,2.86,1.43,1.43,1.43,1.43,2.86,5.71,7.14,8.57,7.14,2.86,2.86,2.86,4.29,8.57,10,10,5.71
267849,"Rabbit Creek","Neighborhood","AK",1212,"Anchorage",394327,1.67,2.5,2.5,2.5,6.67,10,9.17,8.33,4.17,5,4.17,4.17,5,7.5,9.17,7.5,4.17,2.5,1.67,0.83,0.83,2.5,4.17,4.17,3.33,1.67,1.67,0.83,0.83,0.83,2.5,3.33,3.33,4.17,4.17,6.67,3.33,3.33,1.67,2.5,3.33,1.67,1.67,2.5,5,5,3.33,3.33,3.33,3.33,2.5,2.5,2.5,2.5,5,4.17,3.33,0.83,1.67,0.83,1.67,4.17,7.5,10,10,8.33,0.83,0.83,0.83,2.5,4.17,5.83,5.83,4.17,3.33,2.5,1.67,0.83,1.67,1.67,1.67,1.67,2.5,2.5,2.5,2.5,2.5,6.67,9.17,9.17,9.17,9.17,6.67,5,3.33,3.33,3.33,1.67,1.67,0.83,0.83,0.83,1.67,2.5,2.5,1.67
763519,"Boulevard District","Neighborhood","IL",1214,"Chicago-Naperville-Elgin",394463,3.06,3.61,4.44,3.61,3.33,4.03,4.31,5,4.17,4.03,4.17,4.86,5,4.58,4.86,4.58,5,4.72,5.28,4.86,4.86,3.33,2.5,1.94,1.53,2.36,2.92,3.33,3.19,3.33,2.92,2.22,1.81,1.81,2.22,2.08,2.92,2.22,2.08,2.78,3.19,4.44,4.44,4.44,4.58,5.42,4.86,4.72,3.33,3.06,2.08,1.81,1.81,1.11,0.56,0.14,0.14,0.14,0.14,0.14,0.28,0.56,0.28,0.42,0.42,0.83,0.69,0.69,0.83,0.97,0.69,0.69,1.11,1.53,2.22,3.47,3.33,3.33,3.33,3.89,3.61,3.06,3.19,2.78,2.5,2.64,2.5,2.92,1.94,1.67,1.53,1.94,1.25,1.39,2.22,3.19,4.72,5.42,7.08,7.92,8.33,8.33,6.25,4.86,4.31,4.31
269221,"Vista East","Neighborhood","FL",1215,"Orlando-Kissimmee-Sanford",394943,5,5,5,5,5,6,6,6,3,2,2,5,5,8,6,7,6,9,8,9,9,9,10,9,9,9,6,3,3,6,10,10,10,2,2,2,6,10,10,10,10,9,9,4,4,4,7,7,7,3,5,6,6,7,5,2,1,3,5,4,5,5,7,7,7,8,7,8,9,8,6,6,6,6,7,6,4,4,4,6,6,9,8,9,9,8,7,7,7,5,2,1,2,6,6,6,4,4,4,4,5,6,7,8,8,8
272981,"Bloomfield-Allen","Neighborhood","IA",1216,"Des Moines-West Des Moines",394531,1,1,1,1,1,1,1,1,2,1,1,1,1,1,1,1,1,2,9,10,9,8,3,6,6,3,1,1,1,1,1,1,1,1,1,2,2,2,2,3,3,3,3,3,4,3,3,4,7,6,9,9,10,10,8,7,8,6,3,3,4,5,4,1,1,2,5,6,6,8,6,7,5,6,7,4,2,2,2,2,2,3,2,2,2,1,1,1,1,1,1,1,1,1,4,5,3,1,1,1,1,1,1,1,2,8
271156,"Brighton Heights","Neighborhood","PA",1217,"Pittsburgh",394982,3.75,3.75,3.75,3.75,1.25,2.5,2.5,3.75,2.5,3.75,2.5,7.5,3.75,7.5,7.5,10,10,10,10,10,10,8.75,10,10,10,10,10,10,10,6.25,7.5,7.5,7.5,7.5,6.25,5,5,5,1.25,1.25,2.5,7.5,6.25,6.25,5,7.5,7.5,7.5,3.75,3.75,1.25,1.25,1.25,1.25,1.25,2.5,3.75,6.25,7.5,7.5,8.75,8.75,6.25,3.75,2.5,3.75,2.5,6.25,7.5,10,10,10,8.75,3.75,3.75,1.25,2.5,3.75,7.5,6.25,6.25,8.75,3.75,3.75,3.75,3.75,5,6.25,8.75,10,8.75,8.75,8.75,10,10,10,8.75,7.5,6.25,5,5,10,10,10,8.75,7.5
269176,"Secret Cove","Neighborhood","FL",1221,"Jacksonville",394714,8,8.67,8,7.33,7,7.33,7.33,8,7.67,7,7.33,6.67,5.67,5,7.33,9,9.67,9.67,9.67,9.33,8,5.67,4,4,6.33,8,9,9.33,9,8.33,7.67,8.33,8.33,9.67,8.33,7,3.33,2.67,2.67,5.33,5.33,5.33,4.67,3.33,4.33,3,3.67,4.67,6.67,6,2.33,1.67,2.67,3.33,3.33,3,6.33,7,6.67,6.67,8.67,9.67,9.33,5,5.67,6.33,9.33,9,7.67,7.67,7.67,7.67,5.33,4,2.67,3.33,6,7.67,9,8.33,8.67,8.67,9,9,10,9.67,10,10,10,10,10,10,9.33,9.33,9.33,9.67,9.67,8.33,8.67,8,7,5,4.67,5,5.67,6
275457,"South Side","Neighborhood","FL",1222,"Miami-Fort Lauderdale-West Palm Beach",394856,1.64,1.94,1.79,1.64,1.64,1.64,0.9,1.64,3.28,6.57,7.76,7.31,8.36,9.4,9.7,9.7,9.85,8.81,6.72,4.33,5.82,6.27,3.43,2.84,2.09,3.58,2.84,2.24,1.34,1.79,2.09,2.69,1.79,2.84,2.54,2.54,2.09,1.79,2.24,2.24,5.97,8.51,7.91,5.52,4.18,3.13,1.64,0.75,0.45,0.45,0.45,0.45,0.6,1.19,1.49,1.79,2.24,1.34,1.19,2.54,2.69,2.54,2.69,3.58,6.12,7.16,7.76,7.91,7.16,6.57,4.48,2.84,2.24,3.28,3.73,4.03,3.43,2.24,1.19,0.9,1.19,1.94,3.43,4.33,5.22,5.67,4.63,3.73,4.63,6.42,7.61,7.46,6.42,5.52,4.33,3.73,4.03,3.58,3.43,4.03,3.58,2.99,1.79,2.84,4.03,5.97
129705,"Kirkwood","Neighborhood","GA",1224,"Atlanta-Sandy Springs-Roswell",394347,6.84,5.26,5.26,5.79,5.79,5.79,4.74,4.74,2.63,1.58,1.05,2.11,4.21,2.11,2.11,2.11,1.58,1.05,2.11,3.68,2.63,4.21,6.84,9.47,9.47,10,10,10,10,8.95,8.42,7.89,8.95,10,8.95,8.95,6.32,6.32,4.21,3.68,4.74,4.74,4.74,3.68,4.74,4.74,4.21,4.21,1.05,1.58,1.58,5.26,5.26,8.42,6.84,8.42,8.95,8.42,8.42,8.95,7.89,5.26,5.26,5.79,6.32,7.37,7.89,8.42,8.42,7.89,8.42,7.89,8.42,9.47,7.89,6.32,6.84,7.37,8.42,8.42,7.89,5.79,5.26,5.79,6.84,7.37,7.89,5.26,3.16,0.53,0.53,2.63,2.63,3.68,2.11,2.11,2.11,3.68,6.32,6.32,4.21,3.68,3.68,6.32,7.37,7.89
623394,"Old City","Neighborhood","PA",1225,"Philadelphia-Camden-Wilmington",394974,7.74,8.39,9.19,9.35,9.84,9.68,9.03,7.42,6.61,6.13,8.39,9.35,9.68,9.52,9.52,9.35,10,9.68,9.19,8.23,8.06,7.74,6.61,6.77,5.97,6.29,2.26,2.1,2.9,5,5,4.68,3.71,3.23,3.87,4.19,5,5.65,6.29,6.29,7.42,8.39,9.03,7.26,3.55,1.77,1.61,1.94,1.13,0.97,0.81,1.94,2.58,3.23,1.94,2.26,2.26,4.19,4.52,1.45,0.32,0.97,3.71,4.03,4.52,5.16,5.16,4.52,2.9,1.13,0.97,1.45,3.06,1.45,0.65,0.32,0.32,0.16,0.16,0.16,0.16,0.32,0.32,0.32,0.16,0.65,0.97,0.48,0.32,0.16,0.65,1.77,2.42,1.13,1.29,1.94,2.26,1.94,1.77,1.45,2.1,2.26,1.94,1.45,0.65,0.65
268881,"Baldwin Park","Neighborhood","FL",1226,"Orlando-Kissimmee-Sanford",394943,1,1,2,2,3,3,3,5,5,4,6,6,6,5,5,5,7,6,3,2,1,1,3,4,5,5,5,8,6,4,5,5,8,9,6,5,4,5,4,6,6,6,3,5,6,6,4,3,3,2,2,4,5,6,3,4,3,4,4,3,3,3,3,3,3,5,5,3,2,2,3,3,3,3,4,4,5,5,2,2,3,4,5,4,3,4,5,5,5,6,8,3,1,1,1,1,2,2,2,3,2,2,2,2,2,3
223110,"Sea Pines","Neighborhood","SC",1228,"Hilton Head Island-Bluffton-Beaufort",394681,6.67,8.33,5,3.33,1.67,1.67,1.67,1.67,1.67,5,6.67,8.33,10,8.33,8.33,6.67,5,5,3.33,3.33,1.67,1.67,1.67,5,5,5,3.33,3.33,3.33,3.33,3.33,5,6.67,5,3.33,3.33,1.67,1.67,1.67,1.67,5,5,8.33,6.67,5,3.33,1.67,1.67,3.33,3.33,5,5,5,5,8.33,8.33,8.33,6.67,5,6.67,10,10,10,8.33,8.33,10,8.33,6.67,5,3.33,3.33,8.33,8.33,5,6.67,6.67,5,8.33,8.33,10,8.33,5,6.67,5,3.33,3.33,3.33,3.33,3.33,1.67,1.67,1.67,3.33,3.33,3.33,5,3.33,3.33,3.33,3.33,3.33,3.33,3.33,3.33,3.33,1.67
276569,"South Reno","Neighborhood","NV",1229,"Reno",395019,6.25,6.25,8.75,10,7.5,6.25,6.25,7.5,5,3.75,3.75,3.75,3.75,5,6.25,8.75,10,10,10,10,10,8.75,8.75,7.5,7.5,8.75,8.75,6.25,1.25,1.25,3.75,3.75,6.25,6.25,6.25,3.75,3.75,5,5,5,7.5,8.75,7.5,6.25,6.25,5,5,3.75,3.75,2.5,3.75,3.75,3.75,3.75,6.25,6.25,6.25,5,5,5,6.25,7.5,6.25,5,5,5,5,5,5,5,3.75,3.75,3.75,5,5,3.75,3.75,3.75,5,6.25,6.25,6.25,6.25,6.25,6.25,6.25,6.25,6.25,7.5,5,5,5,6.25,7.5,5,3.75,2.5,2.5,2.5,2.5,1.25,1.25,1.25,5,6.25,7.5
124820,"Indian River Estates","Neighborhood","FL",1230,"Port St. Lucie",394995,10,6.67,10,10,10,10,6.67,6.67,6.67,6.67,6.67,6.67,6.67,6.67,3.33,3.33,3.33,3.33,3.33,3.33,10,10,6.67,6.67,6.67,3.33,6.67,6.67,10,10,10,10,10,10,10,6.67,6.67,6.67,6.67,6.67,6.67,6.67,3.33,6.67,6.67,6.67,3.33,3.33,3.33,3.33,3.33,6.67,10,10,10,10,10,10,6.67,6.67,6.67,6.67,6.67,6.67,3.33,3.33,3.33,10,6.67,6.67,3.33,3.33,3.33,3.33,6.67,10,3.33,3.33,3.33,3.33,3.33,3.33,3.33,3.33,6.67,10,6.67,6.67,3.33,3.33,6.67,6.67,3.33,3.33,3.33,3.33,3.33,3.33,3.33,6.67,6.67,3.33,3.33,3.33,6.67,3.33
269927,"Waltherson","Neighborhood","MD",1231,"Baltimore-Columbia-Towson",394358,9.17,9.17,8.33,8.33,7.5,7.5,9.17,9.17,9.17,9.17,10,10,10,10,9.17,9.17,9.17,8.33,5.83,5.83,6.67,10,8.33,7.5,7.5,7.5,9.17,10,10,8.33,5.83,5,5,5,1.67,0.83,0.83,1.67,2.5,2.5,1.67,2.5,4.17,8.33,9.17,5,3.33,5,8.33,9.17,9.17,7.5,5,4.17,5.83,4.17,5.83,8.33,10,9.17,7.5,3.33,4.17,5,5.83,6.67,5,5.83,5.83,5.83,0.83,0.83,0.83,0.83,5,6.67,5.83,3.33,3.33,2.5,0.83,0.83,0.83,0.83,1.67,8.33,7.5,2.5,2.5,1.67,4.17,5,1.67,0.83,0.83,2.5,5.83,6.67,6.67,7.5,6.67,6.67,5.83,5.83,2.5,2.5
123888,"Cedar Grove","Neighborhood","FL",1232,"Panama City",394960,3.33,3.33,3.33,3.33,6.67,3.33,3.33,3.33,3.33,6.67,6.67,3.33,6.67,6.67,6.67,3.33,6.67,6.67,3.33,3.33,3.33,3.33,3.33,6.67,3.33,3.33,3.33,3.33,3.33,3.33,6.67,3.33,3.33,3.33,3.33,3.33,3.33,6.67,6.67,10,10,10,6.67,3.33,6.67,10,10,10,10,10,6.67,6.67,6.67,6.67,3.33,3.33,3.33,3.33,3.33,3.33,3.33,6.67,3.33,3.33,3.33,3.33,6.67,6.67,6.67,6.67,3.33,3.33,3.33,3.33,6.67,6.67,3.33,3.33,3.33,3.33,3.33,6.67,3.33,3.33,3.33,3.33,3.33,3.33,3.33,3.33,3.33,6.67,6.67,10,10,10,6.67,6.67,6.67,10,10,10,10,10,10,10
268635,"Cherry Creek","Neighborhood","CO",1233,"Denver-Aurora-Lakewood",394530,3.85,1.92,0.38,0.38,0.38,0.38,0.38,0.77,1.54,1.54,1.92,1.92,1.92,1.92,2.69,2.69,3.46,2.31,1.54,0.38,0.38,1.15,1.15,0.38,0.38,0.38,1.15,1.54,2.31,1.92,1.92,1.92,2.31,2.69,3.46,4.62,7.69,6.15,6.15,8.08,8.08,7.69,4.23,3.85,1.92,1.15,1.15,0.77,0.38,0.38,0.38,0.38,0.77,0.77,1.15,0.77,0.77,0.77,1.15,1.54,2.31,2.31,3.08,3.85,4.23,3.85,2.31,0.77,0.77,0.77,1.15,1.54,2.31,2.69,1.54,1.15,1.15,2.69,2.69,2.69,1.92,1.54,1.54,1.92,2.31,2.31,2.69,3.08,2.69,1.54,1.92,2.31,1.92,2.31,2.31,1.54,0.77,1.15,1.15,2.31,1.92,2.31,2.31,1.92,1.54,1.54
268024,"Black Mountain Ranch","Neighborhood","CA",1235,"San Diego-Carlsbad",395056,5.52,4.14,4.48,3.79,6.21,5.86,5.86,3.45,2.07,1.38,1.38,1.38,0.34,0.34,0.69,2.76,2.41,0.69,0.34,0.34,0.69,0.69,0.34,0.34,0.34,0.34,0.69,0.69,1.03,0.69,1.03,2.41,2.41,1.38,2.07,3.79,8.62,9.31,7.59,4.48,3.79,4.48,5.52,7.24,3.45,1.72,0.69,0.69,1.03,1.38,2.76,3.79,2.76,1.72,0.34,0.69,0.69,0.69,1.03,1.38,1.72,1.72,2.07,2.07,1.38,1.72,1.38,0.69,0.69,0.69,1.03,2.07,1.03,1.03,0.69,1.72,1.38,1.72,1.72,1.72,2.07,2.41,2.07,1.72,1.72,2.07,2.07,2.41,3.79,4.48,2.41,1.72,2.07,2.41,2.41,3.1,3.1,2.07,2.41,1.72,2.07,3.45,3.79,3.79,4.48,4.48
276529,"Reservoir","Neighborhood","AR",1236,"Little Rock-North Little Rock-Conway",394798,4.29,5.71,8.57,8.57,8.57,7.14,7.14,7.14,4.29,4.29,4.29,4.29,4.29,5.71,8.57,8.57,8.57,10,10,8.57,8.57,8.57,10,10,10,7.14,7.14,8.57,8.57,10,10,7.14,5.71,4.29,2.86,4.29,4.29,4.29,2.86,2.86,2.86,2.86,1.43,1.43,1.43,1.43,1.43,2.86,5.71,4.29,2.86,1.43,5.71,5.71,4.29,2.86,2.86,5.71,2.86,1.43,1.43,7.14,5.71,5.71,5.71,2.86,2.86,2.86,2.86,4.29,5.71,2.86,2.86,2.86,2.86,2.86,4.29,4.29,5.71,7.14,8.57,4.29,5.71,5.71,8.57,8.57,8.57,10,8.57,7.14,7.14,8.57,7.14,5.71,4.29,4.29,5.71,2.86,4.29,4.29,7.14,8.57,7.14,5.71,4.29,4.29
738034,"Northeast Neighbors","Neighborhood","OR",1237,"Salem",395048,3.33,3.33,3.33,3.33,3.33,1.67,1.67,1.67,1.67,3.33,3.33,3.33,3.33,3.33,3.33,1.67,1.67,3.33,6.67,10,10,8.33,5,6.67,8.33,10,10,10,10,10,10,10,6.67,6.67,6.67,8.33,8.33,6.67,6.67,6.67,8.33,8.33,8.33,6.67,3.33,1.67,1.67,1.67,3.33,8.33,8.33,10,10,10,6.67,8.33,6.67,10,8.33,8.33,8.33,8.33,10,10,10,10,10,10,10,10,10,10,10,10,10,6.67,5,5,5,5,6.67,6.67,10,10,10,10,10,10,10,10,8.33,5,3.33,6.67,8.33,10,10,10,8.33,8.33,8.33,10,10,10,10,10
269219,"Victoria Park","Neighborhood","FL",1238,"Miami-Fort Lauderdale-West Palm Beach",394856,7.01,9.25,9.1,7.76,6.12,5.97,5.22,4.78,4.18,3.88,1.64,1.19,0.9,1.04,1.19,2.69,4.93,4.33,3.43,3.43,2.99,2.99,2.84,3.28,3.73,3.13,1.94,1.04,1.64,4.78,7.61,8.21,8.06,7.61,6.42,5.22,5.07,6.42,8.21,8.21,6.87,7.01,7.76,8.66,7.16,7.31,6.87,7.31,5.82,6.42,5.22,3.43,0.9,0.75,0.45,0.75,2.69,1.79,0.9,0.75,1.34,3.43,4.48,6.57,4.93,3.58,2.24,3.13,4.18,3.73,3.58,3.13,2.69,0.9,0.75,1.19,1.49,1.64,1.64,2.84,3.43,4.18,2.84,1.94,1.04,1.19,2.09,3.43,4.33,3.73,3.43,4.03,4.48,4.18,4.93,4.93,5.82,5.82,4.93,3.58,3.73,4.63,6.72,5.37,4.48,3.73
417023,"Sheridan Gardens","Neighborhood","IA",1239,"Des Moines-West Des Moines",394531,9,8,8,7,8,9,8,8,8,8,9,7,5,6,5,6,3,4,2,5,8,10,10,10,10,10,10,10,10,6,2,2,2,6,9,9,8,8,9,7,6,6,8,8,9,8,10,10,9,9,7,7,6,4,2,2,4,8,6,4,3,4,5,7,6,4,1,1,2,5,8,8,7,7,8,8,9,6,9,8,8,9,10,10,10,9,7,7,6,6,10,10,10,8,9,10,7,5,2,4,4,4,5,6,9,9
403322,"West Loop Gate","Neighborhood","IL",1240,"Chicago-Naperville-Elgin",394463,6.11,5.14,4.17,6.25,8.06,8.75,8.75,8.47,8.19,7.5,8.06,8.61,9.31,9.72,10,9.31,7.22,3.47,2.78,2.5,3.33,4.86,4.58,4.31,3.06,1.67,0.83,1.67,3.75,6.39,7.64,8.19,7.92,8.06,7.78,7.64,6.67,6.81,7.92,8.47,8.61,7.5,6.81,5.42,5.14,5,6.39,7.08,6.67,6.39,4.86,5.69,7.36,8.61,8.61,9.03,9.31,9.58,9.31,9.31,9.31,9.86,9.86,9.72,9.72,9.44,9.31,9.31,9.44,9.58,9.72,9.31,9.44,8.61,8.47,8.33,9.44,9.44,9.44,8.06,6.11,7.36,8.61,9.17,8.89,9.17,9.17,9.44,8.75,6.94,4.72,6.39,8.33,7.78,6.81,6.25,5,2.36,1.39,1.67,3.19,3.61,3.47,2.08,1.39,0.83
269206,"Tampa Heights","Neighborhood","FL",1242,"Tampa-St. Petersburg-Clearwater",395148,10,10,10,9.68,10,10,10,10,10,10,9.68,9.68,9.68,10,10,10,10,8.71,5.81,6.13,7.42,7.74,7.42,5.81,6.13,5.48,7.74,9.68,10,10,10,9.03,5.81,5.48,4.84,5.16,3.55,1.61,0.65,0.97,1.61,2.58,3.23,1.61,2.9,2.9,6.13,5.16,5.81,6.13,5.48,4.52,2.58,2.9,3.55,4.84,4.84,3.55,2.9,2.26,2.9,3.87,7.1,8.39,9.68,9.35,9.68,9.35,8.39,7.74,6.45,4.19,4.52,4.52,5.48,4.84,3.23,1.61,1.29,1.61,1.61,2.26,5.81,9.35,9.03,9.03,5.81,4.84,3.23,3.87,5.16,7.42,8.06,6.77,4.52,5.81,7.42,6.77,5.81,3.55,6.45,5.16,6.77,5.48,5.16,6.77
269513,"Union Park","Neighborhood","IA",1243,"Des Moines-West Des Moines",394531,8,7,7,8,7,7,9,10,10,10,8,6,6,10,10,10,10,10,10,9,10,9,9,9,9,9,8,8,7,9,9,10,7,5,4,5,5,4,7,8,10,10,10,9,8,7,7,6,5,4,4,4,4,2,3,4,9,9,10,10,9,8,8,5,2,1,2,4,7,9,9,10,10,10,10,9,8,7,8,9,7,6,5,4,4,3,2,2,2,4,5,6,8,9,10,9,9,9,9,9,6,7,7,8,7,6
269757,"Patterson Park","Neighborhood","MD",1244,"Baltimore-Columbia-Towson",394358,4.17,4.17,5,6.67,6.67,5.83,5,1.67,0.83,0.83,0.83,0.83,0.83,0.83,3.33,7.5,8.33,9.17,8.33,8.33,7.5,5.83,5,5,5,6.67,6.67,7.5,6.67,7.5,9.17,10,6.67,5.83,5.83,5,6.67,5.83,7.5,8.33,8.33,3.33,0.83,0.83,4.17,7.5,4.17,3.33,4.17,3.33,5,4.17,4.17,2.5,3.33,5.83,8.33,7.5,6.67,4.17,4.17,2.5,6.67,4.17,7.5,4.17,2.5,1.67,4.17,5,4.17,3.33,4.17,4.17,3.33,7.5,6.67,5.83,1.67,0.83,2.5,5,6.67,6.67,6.67,3.33,2.5,0.83,0.83,2.5,3.33,5.83,5.83,2.5,2.5,1.67,1.67,1.67,1.67,1.67,1.67,1.67,0.83,0.83,0.83,1.67
753838,"Northern Liberties","Neighborhood","PA",1246,"Philadelphia-Camden-Wilmington",394974,3.06,3.23,3.87,4.35,4.52,5,5.16,5.48,5,4.68,5,6.13,6.77,6.61,7.26,6.94,6.94,6.77,7.74,8.39,8.23,8.23,8.71,8.55,9.03,8.71,8.87,8.71,8.06,8.06,7.74,7.58,6.45,6.29,5.16,4.68,3.71,3.55,3.23,4.84,4.84,5.16,5.81,5.48,5.48,4.19,5.48,5.16,5.48,4.52,5.97,5.97,5.48,4.35,4.52,3.87,3.71,2.1,1.29,2.26,2.42,3.23,1.94,2.74,3.87,4.52,3.87,2.1,1.45,1.29,2.26,1.77,0.81,1.13,1.13,2.42,1.61,1.45,0.65,0.81,0.48,0.81,0.81,0.81,1.13,0.81,0.81,0.81,0.81,0.81,0.81,0.48,0.81,0.48,0.48,1.13,1.45,1.45,1.61,1.29,1.13,1.45,1.61,1.61,1.29,1.29
44592,"Chugiak","Neighborhood","AK",1248,"Anchorage",394327,0.83,0.83,0.83,0.83,0.83,0.83,0.83,1.67,1.67,0.83,0.83,0.83,0.83,0.83,0.83,0.83,0.83,0.83,2.5,2.5,3.33,0.83,0.83,0.83,0.83,0.83,0.83,5,6.67,5.83,4.17,0.83,0.83,0.83,0.83,0.83,0.83,0.83,0.83,0.83,0.83,0.83,0.83,1.67,0.83,1.67,1.67,2.5,0.83,0.83,0.83,0.83,0.83,1.67,1.67,0.83,0.83,2.5,2.5,2.5,2.5,1.67,1.67,2.5,3.33,5,5.83,6.67,5.83,5.83,1.67,2.5,2.5,6.67,10,10,10,10,9.17,8.33,7.5,8.33,8.33,9.17,10,8.33,6.67,3.33,1.67,1.67,1.67,3.33,1.67,1.67,1.67,1.67,1.67,3.33,3.33,2.5,2.5,1.67,0.83,0.83,0.83,0.83
760988,"North Ponce de Leon","Neighborhood","FL",1250,"Miami-Fort Lauderdale-West Palm Beach",394856,1.34,1.19,1.34,1.34,1.49,1.34,1.94,1.94,0.75,0.45,0.9,5.07,8.96,8.21,6.27,6.87,6.57,6.72,3.88,3.13,3.58,6.42,6.87,5.52,3.43,2.99,3.28,2.99,2.84,4.33,8.51,9.85,9.85,9.4,8.81,8.96,5.52,2.69,1.34,1.19,0.75,1.79,3.43,5.22,3.58,4.48,4.63,3.58,2.69,1.64,1.79,1.64,5.52,8.36,9.85,10,10,10,9.7,9.85,9.1,7.76,4.93,2.39,1.34,1.34,1.64,1.64,2.54,4.78,6.42,5.82,4.48,4.18,3.88,5.67,5.82,5.67,6.42,4.93,4.63,2.84,3.13,2.24,2.39,2.24,2.54,2.84,3.43,3.28,1.64,0.3,0.15,0.15,0.15,1.64,3.73,4.93,4.78,5.22,5.97,5.52,3.88,2.69,2.39,4.03
125250,"McGregor","Neighborhood","FL",1251,"Cape Coral-Fort Myers",394440,1.11,1.11,1.11,1.11,1.11,2.22,2.22,2.22,2.22,3.33,4.44,4.44,3.33,3.33,4.44,5.56,5.56,3.33,1.11,1.11,1.11,1.11,2.22,2.22,3.33,4.44,4.44,6.67,5.56,5.56,7.78,6.67,2.22,2.22,2.22,4.44,5.56,7.78,5.56,5.56,5.56,6.67,6.67,6.67,3.33,2.22,2.22,2.22,2.22,4.44,4.44,5.56,4.44,4.44,4.44,4.44,3.33,1.11,1.11,1.11,1.11,3.33,3.33,3.33,2.22,2.22,4.44,5.56,2.22,1.11,1.11,1.11,1.11,3.33,3.33,3.33,2.22,4.44,4.44,3.33,2.22,1.11,1.11,1.11,2.22,2.22,2.22,1.11,1.11,1.11,2.22,2.22,2.22,1.11,4.44,6.67,8.89,7.78,4.44,1.11,1.11,1.11,2.22,3.33,2.22,2.22
125397,"Naples Park","Neighborhood","FL",1252,"Naples-Immokalee-Marco Island",394901,10,10,10,10,8,10,10,10,10,10,10,10,10,10,8,10,10,8,10,10,10,10,10,10,10,10,8,8,8,10,10,8,8,8,8,10,10,10,10,10,10,8,6,8,8,8,10,10,10,10,8,6,8,8,8,8,8,10,8,8,10,8,8,6,6,6,6,4,4,2,6,6,10,10,10,10,8,8,8,8,6,8,10,10,10,10,10,10,8,10,8,10,10,10,6,4,6,6,10,10,10,10,10,8,8,8
275949,"Wessex Square","Neighborhood","NC",1253,"Charlotte-Concord-Gastonia",394458,3.53,4.12,4.71,4.71,5.88,5.29,5.29,5.88,4.71,2.94,2.35,2.35,2.35,2.35,2.35,4.12,5.29,8.24,10,8.82,7.06,6.47,7.65,8.82,8.24,7.65,6.47,6.47,5.29,3.53,2.35,2.94,3.53,5.29,4.12,4.71,4.71,4.71,4.12,4.12,4.12,3.53,5.29,4.71,4.71,2.35,1.76,3.53,5.88,5.88,5.29,4.71,2.94,1.18,1.18,0.59,0.59,1.76,4.12,2.94,2.35,2.35,2.35,4.71,4.71,4.12,2.35,2.35,1.18,2.94,4.12,5.29,3.53,1.76,0.59,1.18,2.35,3.53,1.76,1.76,1.18,1.76,2.35,2.35,2.35,2.94,4.12,5.29,5.29,5.29,3.53,2.35,1.18,1.18,3.53,4.12,5.88,6.47,7.06,6.47,2.94,1.76,1.18,1.18,1.18,1.76
623405,"South Central Beach","Neighborhood","FL",1254,"Miami-Fort Lauderdale-West Palm Beach",394856,6.57,5.37,6.27,7.31,8.06,9.25,9.4,8.66,8.06,6.27,5.82,6.87,8.81,9.1,8.36,7.01,5.22,4.18,4.78,5.52,7.61,7.76,7.16,5.07,4.63,4.78,4.48,4.03,4.03,4.48,4.78,3.88,4.18,4.33,4.03,2.39,1.64,1.34,2.39,3.43,6.27,7.46,7.61,7.46,6.27,4.63,3.58,4.03,4.33,4.03,3.13,1.49,1.34,1.64,1.94,3.58,4.18,5.07,4.78,4.03,3.28,3.13,3.43,4.63,4.18,3.73,2.39,1.94,1.49,2.09,2.84,3.58,3.28,2.84,1.79,1.49,1.79,3.13,3.73,3.28,3.28,3.13,3.88,3.73,3.43,3.58,4.18,4.33,3.88,2.99,3.13,2.84,3.13,2.99,2.39,1.49,1.04,0.75,0.6,0.9,0.75,1.34,1.19,0.75,1.19,1.94
403342,"New Eastside","Neighborhood","IL",1255,"Chicago-Naperville-Elgin",394463,0.83,0.83,0.83,0.56,0.83,0.83,1.67,2.08,4.86,7.08,8.89,7.92,5.14,2.08,1.94,0.56,0.14,0.14,0.14,0.14,3.06,7.36,4.72,3.06,3.19,3.19,3.61,2.64,2.78,4.03,7.5,9.03,9.03,8.75,8.33,8.89,9.58,9.31,9.58,9.58,10,9.58,9.17,6.25,6.39,5.83,5.28,5.83,6.25,7.64,9.03,9.44,8.19,4.58,3.89,4.72,8.06,8.47,8.75,8.47,8.47,8.19,7.64,7.5,7.36,7.92,9.03,9.44,9.72,9.72,9.58,7.5,6.11,7.5,8.19,8.47,7.36,7.5,7.92,9.44,8.75,8.19,4.31,3.47,3.47,3.19,2.08,1.11,1.11,1.81,4.17,7.92,8.47,7.64,1.94,0.42,0.14,0.28,0.14,0.14,0.14,0.14,0.14,0.28,0.14,0.14
242449,"Chesapeake Beach","Neighborhood","VA",1256,"Virginia Beach-Norfolk-Newport News",395194,0.22,0.22,0.22,0.22,0.43,0.87,0.65,0.22,0.22,0.22,0.22,0.22,0.22,0.43,0.43,0.43,0.22,0.22,0.22,0.22,0.22,0.22,0.87,4.35,8.7,8.26,7.83,7.17,7.83,8.48,9.78,9.78,9.13,9.78,9.35,9.78,9.13,7.39,4.57,4.57,5,4.57,4.78,3.26,3.48,1.52,0.65,0.87,3.04,6.3,9.57,9.57,9.57,10,9.57,7.39,5,5.22,6.09,7.61,8.91,9.57,8.48,7.17,7.17,9.35,10,9.57,8.91,7.83,7.39,5.87,5,3.91,2.83,1.96,2.61,3.26,3.04,5.22,6.96,7.83,7.61,5.43,3.91,3.7,4.78,7.61,8.48,8.91,5.65,4.13,3.26,5.87,6.52,4.13,2.17,3.04,4.57,6.52,6.74,4.35,3.7,2.61,3.91,1.96
273138,"Carmel","Neighborhood","NC",1257,"Charlotte-Concord-Gastonia",394458,7.06,6.47,6.47,6.47,7.06,6.47,4.71,5.29,5.29,4.12,4.12,3.53,2.94,3.53,3.53,2.94,2.94,3.53,6.47,7.65,8.82,8.24,7.06,7.06,4.71,5.88,5.88,8.24,7.65,7.65,7.06,6.47,4.71,4.12,2.35,1.76,1.18,1.18,1.76,1.76,2.35,2.94,0.59,0.59,0.59,0.59,7.06,6.47,3.53,3.53,3.53,3.53,3.53,4.12,6.47,7.06,6.47,5.88,5.88,2.35,3.53,5.29,5.88,5.29,2.94,2.35,4.12,9.41,10,10,10,10,8.24,8.24,8.82,8.24,8.82,9.41,9.41,8.82,7.06,7.06,7.06,6.47,6.47,4.71,3.53,1.76,1.18,2.35,2.94,4.12,5.29,5.29,4.12,3.53,4.12,4.71,5.88,5.88,4.71,4.71,5.88,5.29,5.88,2.94
243409,"Fairmount Park","Neighborhood","VA",1258,"Virginia Beach-Norfolk-Newport News",395194,2.17,2.17,1.52,1.3,1.09,1.09,1.09,2.61,6.3,8.91,9.78,9.78,9.35,7.83,7.39,8.04,8.26,5.87,3.91,2.83,3.04,3.91,1.52,0.43,0.65,1.74,2.83,1.52,1.96,2.61,3.04,4.57,4.35,3.04,1.52,1.3,1.3,0.65,0.65,0.87,1.09,2.39,1.52,1.96,0.65,0.43,0.43,0.65,0.65,0.65,0.22,0.22,0.65,1.3,1.52,1.52,0.87,0.43,0.43,0.65,0.43,0.87,1.74,1.96,1.96,1.3,1.3,1.3,1.74,1.74,1.52,2.39,3.26,5,6.52,6.3,5.22,4.78,5,3.7,4.35,2.17,2.39,1.3,0.43,0.22,0.65,1.52,3.91,5.43,6.3,7.83,9.13,8.91,7.39,8.04,7.17,7.17,5.22,5.22,5.65,5.65,3.48,3.26,2.83,3.26
417132,"Jungle Terrace","Neighborhood","FL",1259,"Tampa-St. Petersburg-Clearwater",395148,1.29,0.97,0.97,1.29,0.97,1.29,1.61,1.94,2.26,4.52,8.39,9.03,9.35,9.35,9.68,9.35,9.35,9.68,8.06,6.45,5.16,6.13,5.81,4.19,3.87,7.1,8.71,7.42,5.16,4.52,3.55,3.23,3.87,5.16,4.52,6.77,9.03,9.68,9.35,9.03,8.06,6.45,4.52,4.19,1.94,1.29,1.29,2.9,7.42,9.68,10,9.35,9.03,8.39,7.42,6.13,7.42,7.1,5.81,5.16,8.39,9.03,10,9.35,8.71,9.03,10,9.03,9.03,8.39,8.39,9.03,9.68,9.68,8.06,7.1,8.71,7.74,7.1,4.84,5.48,8.06,9.35,8.39,6.13,4.84,3.55,5.81,8.06,8.71,8.06,5.16,5.81,5.81,5.81,4.84,5.48,4.52,3.23,2.26,2.26,5.81,9.35,8.71,7.1,7.42
124811,"Imperial Point","Neighborhood","FL",1260,"Miami-Fort Lauderdale-West Palm Beach",394856,6.72,5.97,6.57,5.37,5.82,5.67,7.01,7.01,7.16,7.46,6.87,6.42,6.27,7.01,7.46,7.61,7.46,7.76,7.76,8.06,8.81,9.4,9.55,9.1,8.96,8.66,8.81,9.55,9.7,9.55,9.85,9.1,8.51,8.21,7.61,6.27,5.67,4.18,4.78,6.12,6.72,6.72,6.12,7.61,6.72,5.67,4.18,4.33,5.37,5.52,4.48,3.73,3.58,3.73,3.28,2.39,1.79,2.54,3.58,4.63,4.93,5.52,5.22,5.37,5.37,5.22,5.22,4.93,5.97,5.37,5.22,5.37,5.82,5.67,5.82,5.22,5.22,4.48,4.48,4.78,4.48,4.93,4.93,5.22,5.07,4.93,4.78,4.18,3.73,3.43,3.28,3.13,3.73,4.03,4.63,4.33,4.33,4.78,4.63,5.52,6.42,8.36,8.66,7.61,7.91,8.21
763513,"Big Woods","Neighborhood","IL",1261,"Chicago-Naperville-Elgin",394463,8.61,8.61,7.92,7.64,7.36,7.22,6.53,6.67,7.08,7.64,8.33,8.47,8.33,8.61,8.47,7.78,7.5,6.67,6.81,6.94,6.81,7.08,6.53,6.25,4.58,4.17,3.89,4.58,4.44,4.86,5.14,5.83,5.83,6.39,6.81,6.81,7.36,6.11,3.47,1.67,1.25,1.53,2.08,2.92,4.31,6.11,6.94,5.28,2.36,1.25,0.56,0.69,0.56,2.08,4.44,7.64,7.22,6.94,4.17,4.17,1.25,3.06,3.33,5.28,4.03,5.97,7.5,9.17,9.31,9.17,9.03,9.44,9.72,9.58,8.89,6.94,5.69,6.67,8.06,9.03,9.03,9.03,9.72,9.44,8.47,5.83,3.75,7.92,9.31,9.72,9.58,9.58,9.44,9.58,9.86,9.58,9.86,9.86,9.86,8.75,5.83,4.58,6.11,5.69,3.89,2.22
273747,"Foothills","Neighborhood","NV",1262,"Las Vegas-Henderson-Paradise",394775,8.16,8.37,7.96,7.55,6.53,4.69,3.67,3.06,2.24,1.63,2.86,3.47,3.27,2.24,3.67,7.35,8.37,6.12,1.84,2.24,1.63,1.84,1.02,2.24,2.86,3.06,3.06,2.86,3.67,3.27,2.65,0.41,0.2,0.2,0.61,1.43,1.63,1.84,3.27,5.31,6.94,8.57,9.8,10,9.8,8.16,7.14,6.12,5.51,4.49,4.49,5.1,6.33,7.35,7.35,6.33,6.33,4.69,1.63,0.61,0.2,0.2,0.41,0.61,1.22,2.65,3.27,3.27,3.06,3.47,4.29,6.53,6.73,8.98,9.18,8.78,4.08,1.84,0.82,0.61,0.82,1.02,1.22,1.22,0.82,1.02,2.04,3.06,4.49,4.49,3.27,2.86,2.65,3.27,2.65,3.06,4.9,3.88,1.84,0.82,0.61,0.82,1.84,1.84,2.86,5.1
268882,"Ballast Point","Neighborhood","FL",1263,"Tampa-St. Petersburg-Clearwater",395148,9.68,9.35,8.71,7.42,6.77,6.13,4.52,4.19,3.23,2.9,2.9,3.55,4.19,4.84,5.16,5.48,6.13,8.39,9.68,9.35,9.35,9.03,9.68,8.39,6.77,4.84,4.19,4.84,4.52,5.16,6.13,5.81,6.13,6.77,8.71,8.71,7.1,5.16,4.84,7.42,10,10,10,10,9.68,9.68,8.39,7.42,5.16,3.55,4.19,3.23,4.19,3.87,1.94,0.97,1.61,4.52,7.74,4.84,4.84,4.84,4.19,5.16,6.13,7.74,8.39,7.42,6.45,5.48,5.81,6.45,5.81,4.84,3.55,2.9,2.58,3.55,5.48,8.06,8.71,8.71,8.06,5.81,3.55,3.87,2.58,1.94,1.61,4.84,5.48,6.45,6.77,7.1,4.84,4.19,2.9,3.55,4.19,5.81,7.42,9.35,9.68,9.35,8.06,5.48
4805,"Franklin Park","Neighborhood","NJ",1265,"New York-Newark-Jersey City",394913,8.05,8.23,8.94,9.38,9.47,9.38,9.38,9.56,9.65,9.65,9.65,9.47,9.38,9.47,9.56,9.65,9.47,9.47,9.56,9.56,8.85,8.23,8.32,8.41,8.85,8.85,9.03,9.03,9.2,9.2,9.29,9.2,9.12,7.96,6.81,7.08,8.14,8.67,8.67,8.58,8.5,7.52,6.46,7.35,8.5,9.2,9.2,9.03,8.58,7.96,7.52,7.43,6.64,6.28,6.73,6.64,6.81,6.9,8.5,9.2,8.41,7.17,6.9,8.32,8.94,9.47,9.29,9.2,8.58,8.5,8.67,8.94,9.29,9.12,9.65,9.82,10,9.73,9.47,9.29,9.12,9.12,9.29,9.56,9.65,9.73,9.91,9.82,9.47,9.56,9.82,10,10,10,10,10,10,9.91,9.91,9.91,9.91,10,10,10,10,10
396576,"Valencia West","Neighborhood","AZ",1266,"Tucson",395167,8.33,6.67,6.67,3.33,1.67,1.67,1.67,1.67,6.67,8.33,10,10,10,6.67,10,10,10,5,5,5,10,10,10,8.33,5,6.67,6.67,5,5,3.33,3.33,5,5,3.33,5,5,3.33,3.33,1.67,1.67,3.33,3.33,1.67,1.67,1.67,1.67,1.67,3.33,3.33,5,5,5,6.67,8.33,5,5,1.67,3.33,5,5,5,3.33,5,6.67,6.67,6.67,6.67,5,5,5,5,5,5,6.67,5,5,5,3.33,5,5,5,5,3.33,5,3.33,3.33,1.67,1.67,1.67,1.67,1.67,1.67,5,3.33,3.33,3.33,3.33,5,5,5,5,5,5,5,3.33,3.33
29034,"Marstons Mills","Neighborhood","MA",1268,"Barnstable Town",394361,5,5,6.25,8.75,8.75,8.75,7.5,3.75,1.25,1.25,3.75,5,5,5,6.25,7.5,8.75,8.75,6.25,3.75,3.75,5,3.75,3.75,3.75,1.25,1.25,1.25,1.25,1.25,1.25,3.75,6.25,7.5,6.25,6.25,3.75,3.75,2.5,2.5,3.75,3.75,5,7.5,10,6.25,3.75,1.25,6.25,10,10,10,10,10,8.75,8.75,8.75,8.75,10,10,10,6.25,2.5,2.5,2.5,1.25,1.25,1.25,1.25,3.75,6.25,5,5,5,3.75,3.75,8.75,10,10,10,8.75,8.75,8.75,10,2.5,3.75,7.5,7.5,5,2.5,5,6.25,7.5,7.5,2.5,3.75,5,8.75,8.75,8.75,7.5,7.5,7.5,6.25,3.75,2.5
274016,"Hillcrest","Neighborhood","AR",1270,"Little Rock-North Little Rock-Conway",394798,8.57,4.29,2.86,2.86,7.14,8.57,8.57,8.57,10,10,10,10,10,10,7.14,5.71,7.14,7.14,7.14,2.86,4.29,4.29,4.29,5.71,8.57,10,10,10,10,8.57,5.71,4.29,4.29,7.14,7.14,5.71,7.14,8.57,10,10,10,10,10,8.57,8.57,10,10,7.14,7.14,8.57,7.14,5.71,4.29,4.29,5.71,5.71,8.57,1.43,1.43,2.86,5.71,5.71,4.29,4.29,4.29,8.57,8.57,8.57,5.71,5.71,4.29,5.71,4.29,5.71,7.14,7.14,7.14,8.57,7.14,5.71,2.86,1.43,1.43,1.43,1.43,4.29,7.14,8.57,10,10,8.57,5.71,4.29,1.43,1.43,1.43,1.43,1.43,1.43,1.43,1.43,1.43,1.43,1.43,1.43,2.86
269026,"Julington Creek","Neighborhood","FL",1271,"Jacksonville",394714,8.33,9,9.33,9.67,9.33,9.33,9,8.67,8.33,8,9,9,8,4,2.33,2.67,3,5.33,6,4,3.33,2.67,5,4.33,4,4.67,5.33,4,2.67,3.67,3.33,3.67,3.67,2,2.67,3,4.67,3.33,4.33,5.67,6.33,8.67,10,9.67,8,6.33,6.67,4.33,4,2.67,3.67,3.33,4.67,4.33,6.67,7.33,7.67,7.67,7.67,5.33,3.33,3.33,4.33,3,1.67,1,1.33,2,2.67,3,5.67,2.67,2,1.33,1.67,1.67,1,1.67,2,3.33,4,4.67,4.33,4.33,3.33,3,2.67,3,3,3,2,3,2.67,3.67,4.33,4,4.33,4.67,4.67,4.33,5,6.33,6,6,5,3
762156,"The Island","Neighborhood","FL",1272,"North Port-Sarasota-Bradenton",753906,5.71,4.29,4.29,2.14,2.14,1.43,2.14,2.86,5.71,5.71,2.86,2.14,2.86,2.86,2.14,1.43,1.43,0.71,0.71,1.43,2.14,2.86,2.86,2.14,2.14,2.14,2.14,0.71,0.71,0.71,1.43,2.14,1.43,2.14,2.14,3.57,2.86,2.86,2.86,5,3.57,0.71,0.71,2.14,2.86,2.14,1.43,0.71,0.71,2.14,2.14,2.14,1.43,0.71,0.71,0.71,1.43,2.14,0.71,0.71,0.71,0.71,0.71,0.71,0.71,2.86,5.71,5.71,6.43,4.29,3.57,2.14,0.71,0.71,1.43,3.57,3.57,2.14,1.43,1.43,1.43,2.86,3.57,2.14,2.14,1.43,1.43,0.71,0.71,0.71,1.43,1.43,1.43,0.71,1.43,0.71,0.71,0.71,0.71,2.14,2.86,3.57,3.57,2.14,2.14,2.14
764315,"Old Niskayuna","Neighborhood","NY",1273,"Albany-Schenectady-Troy",394308,10,10,10,10,10,10,10,10,10,10,10,10,10,10,10,10,10,10,10,10,10,8,6,4,6,6,6,6,6,6,6,6,8,6,6,8,8,8,8,8,8,8,6,4,2,4,6,10,6,6,4,4,6,8,10,10,10,10,10,8,10,10,8,4,6,8,8,8,8,8,8,4,4,4,6,6,4,4,2,4,6,8,8,8,8,8,4,2,2,2,2,8,10,10,8,8,6,6,4,4,4,2,2,2,2,2
221557,"Hilton Head Plantation","Neighborhood","SC",1274,"Hilton Head Island-Bluffton-Beaufort",394681,3.33,1.67,1.67,1.67,3.33,3.33,3.33,5,8.33,8.33,8.33,6.67,6.67,6.67,5,5,6.67,6.67,6.67,5,6.67,8.33,8.33,8.33,6.67,6.67,8.33,8.33,8.33,8.33,8.33,8.33,8.33,8.33,8.33,8.33,6.67,5,5,5,3.33,3.33,1.67,5,6.67,8.33,8.33,6.67,6.67,10,10,10,10,10,5,1.67,1.67,1.67,3.33,8.33,8.33,6.67,6.67,6.67,5,5,6.67,8.33,8.33,10,10,10,10,6.67,5,1.67,3.33,3.33,5,5,1.67,1.67,1.67,1.67,5,5,6.67,6.67,8.33,6.67,6.67,6.67,5,5,10,10,8.33,8.33,6.67,6.67,5,8.33,10,10,10,8.33
132788,"Windsor Forest","Neighborhood","GA",1275,"Savannah",395070,6.67,6.67,6.67,6.67,6.67,6.67,6.67,3.33,3.33,3.33,6.67,6.67,6.67,6.67,3.33,3.33,3.33,3.33,3.33,3.33,3.33,3.33,6.67,6.67,6.67,6.67,10,6.67,6.67,6.67,6.67,3.33,6.67,6.67,10,6.67,6.67,6.67,10,10,10,10,10,10,10,10,10,10,10,10,10,10,10,10,10,10,10,6.67,3.33,3.33,3.33,6.67,10,10,10,6.67,3.33,3.33,3.33,6.67,10,10,10,10,10,10,10,10,10,10,10,10,10,10,6.67,10,10,10,10,10,10,6.67,3.33,10,10,10,10,10,10,6.67,6.67,3.33,3.33,3.33,3.33,3.33
623347,"Boyd Acres","Neighborhood","OR",1276,"Bend-Redmond",394380,8.89,10,10,10,10,10,10,10,10,10,8.89,8.89,10,8.89,8.89,8.89,8.89,8.89,8.89,8.89,8.89,7.78,7.78,7.78,7.78,7.78,5.56,5.56,6.67,5.56,4.44,4.44,5.56,5.56,5.56,4.44,3.33,3.33,4.44,8.89,8.89,6.67,5.56,4.44,3.33,2.22,3.33,5.56,6.67,6.67,6.67,6.67,4.44,5.56,3.33,3.33,4.44,4.44,4.44,5.56,5.56,5.56,5.56,5.56,5.56,5.56,5.56,5.56,5.56,6.67,7.78,6.67,7.78,7.78,10,8.89,6.67,5.56,5.56,5.56,4.44,5.56,6.67,6.67,6.67,6.67,4.44,5.56,5.56,6.67,6.67,6.67,6.67,5.56,6.67,7.78,7.78,8.89,8.89,8.89,8.89,6.67,5.56,5.56,5.56,5.56
125932,"Riverside","Neighborhood","FL",1277,"Jacksonville",394714,6,6.33,6.33,6.33,6.33,6.33,4.67,4,5.67,8.33,9.67,9.67,7.67,4.33,2.67,2.33,2.33,2.33,3.33,4.33,4,2,2.33,3.67,6.67,7,7.33,2.33,1.33,2,5.33,7.33,8,8,7.67,8,7.67,8,8.67,9.67,10,8,6,4.67,3,1.67,1,1,1.67,6.33,6.33,4.33,4,3.67,4,5,6,5.67,2,1.67,2,3,5.33,6.33,6,4.67,5,5,6,5,2.67,3.33,3.33,2.33,1.33,1,0.33,0.33,0.67,1,1.67,1.33,1.67,0.67,0.33,0.33,1.33,2.33,0.67,1.33,1,2.33,2.33,1.33,0.67,0.33,0.33,1.33,2,1.67,2.33,3,3,2.33,0.67,0.33
273920,"Hampden","Neighborhood","MD",1278,"Baltimore-Columbia-Towson",394358,10,10,7.5,7.5,9.17,10,10,10,10,10,9.17,9.17,9.17,9.17,10,10,10,10,10,10,10,9.17,9.17,9.17,8.33,9.17,8.33,8.33,8.33,9.17,8.33,5.83,5.83,6.67,6.67,6.67,5.83,6.67,8.33,6.67,6.67,6.67,5.83,5.83,5,6.67,9.17,10,6.67,8.33,7.5,9.17,10,9.17,9.17,7.5,6.67,5,5.83,6.67,8.33,8.33,8.33,9.17,10,9.17,9.17,8.33,7.5,8.33,8.33,9.17,9.17,10,9.17,8.33,8.33,7.5,8.33,9.17,10,10,10,10,10,10,9.17,10,9.17,9.17,7.5,7.5,7.5,7.5,7.5,6.67,8.33,7.5,8.33,5.83,5.83,5,4.17,5,6.67,3.33
124569,"Goulding","Neighborhood","FL",1280,"Pensacola-Ferry Pass-Brent",394971,5,5,5,5,5,5,5,5,5,5,5,5,5,10,10,10,10,10,10,10,10,10,10,10,10,10,10,10,5,5,10,10,10,10,5,10,5,10,10,5,5,5,10,10,10,10,10,10,10,10,10,10,10,10,10,10,10,10,5,5,5,5,5,5,5,5,10,10,5,5,5,5,5,5,5,5,5,5,5,10,10,10,10,10,10,5,5,5,5,5,5,5,5,5,5,5,5,5,5,5,5,5,5,5,5,5
124449,"Fort Myers Shores","Neighborhood","FL",1281,"Cape Coral-Fort Myers",394440,5.56,8.89,8.89,10,10,10,10,10,10,10,8.89,8.89,8.89,8.89,3.33,3.33,2.22,6.67,8.89,7.78,5.56,4.44,3.33,4.44,4.44,3.33,2.22,3.33,4.44,7.78,8.89,8.89,6.67,4.44,4.44,3.33,4.44,4.44,3.33,2.22,2.22,2.22,3.33,3.33,5.56,7.78,10,8.89,7.78,6.67,5.56,4.44,5.56,5.56,8.89,6.67,6.67,5.56,7.78,8.89,10,10,8.89,6.67,4.44,1.11,3.33,6.67,6.67,8.89,8.89,8.89,8.89,8.89,10,10,10,10,5.56,5.56,8.89,10,10,10,7.78,4.44,3.33,4.44,10,8.89,8.89,7.78,6.67,5.56,8.89,10,10,10,10,10,10,10,10,8.89,10,6.67
417648,"The Islands","Neighborhood","AZ",1282,"Phoenix-Mesa-Scottsdale",394976,0.33,1,1,0.67,0.33,0.33,0.67,1,1,2,1.67,1.33,2,2.33,2.67,3,3.67,3.33,5,5.33,5,3.33,6,8.33,9.67,9.67,8.67,8.33,7.33,7.33,7,7,6.33,6.67,7,8.67,10,10,10,9.67,9,7.67,9,9.33,10,9.67,7,3.67,2.67,3.33,7,9,9.33,9,8,7.33,7.33,6,4.67,3.33,4.33,5.33,7,7.33,4,2.67,2,2,2,2.33,4.33,4.33,2.67,2,4,6.33,9,7,6.33,3.67,2.33,2,2.33,4.33,5,2,1.33,3,5,8,7.33,8,8.33,9,8.33,7.33,8.33,9.67,8.67,7,6,6.67,8.67,9.33,8.67,7.67
273445,"Deep Creek West-Dismal Swamp","Neighborhood","VA",1283,"Virginia Beach-Norfolk-Newport News",395194,5,5.43,5.65,5.22,6.3,6.96,8.7,7.17,6.74,5,3.04,2.17,2.17,1.3,1.3,1.3,1.3,1.52,1.09,0.65,0.43,0.43,0.65,3.26,3.7,4.78,4.57,5.43,5.65,6.52,6.96,6.96,6.96,6.3,6.52,8.04,8.91,7.17,5.65,4.13,3.7,4.13,4.35,3.7,2.83,2.17,4.13,7.39,8.48,8.04,8.26,8.91,9.35,8.91,8.04,8.7,8.7,8.7,7.83,5.43,6.52,6.52,8.26,3.04,2.39,2.61,5.87,7.17,8.7,9.57,10,10,10,8.91,6.96,7.83,7.17,6.96,3.26,4.57,5.43,7.39,7.17,8.04,5.22,4.78,1.74,1.3,1.09,3.04,4.57,7.39,7.83,6.3,3.7,2.39,3.7,3.7,5.43,6.74,6.3,4.78,2.39,1.52,0.65,0.43
417162,"Historic Old Northeast","Neighborhood","FL",1284,"Tampa-St. Petersburg-Clearwater",395148,3.55,3.55,3.55,2.9,1.61,0.97,0.65,0.65,0.97,1.94,3.87,5.16,7.1,5.81,3.87,1.94,1.61,0.97,1.94,4.19,7.74,8.06,8.39,9.35,9.68,10,9.03,8.06,7.1,6.45,4.52,3.87,4.19,4.84,6.77,7.42,7.74,9.03,9.03,10,9.68,9.03,8.71,9.35,9.35,10,9.35,9.35,8.71,8.06,8.39,9.03,10,10,10,8.06,6.77,8.06,9.03,9.68,8.71,8.39,8.71,9.03,9.35,8.71,8.71,7.1,6.77,6.13,4.84,5.81,5.16,3.87,1.94,0.97,0.32,0.32,0.32,1.29,1.94,2.58,3.87,3.23,3.23,2.9,4.52,4.52,4.19,4.19,4.52,4.84,5.16,3.55,0.97,0.32,0.32,0.97,1.61,2.58,2.58,3.55,2.9,2.58,2.26,2.58
417734,"Sun Groves","Neighborhood","AZ",1289,"Phoenix-Mesa-Scottsdale",394976,10,8.67,8,4.67,5.33,8,7.67,6.33,6.33,5,4,3,2.33,1.67,1.33,1.67,1.67,4.67,5.67,4.67,2,1.67,1.33,2,7.67,9.33,9.67,10,10,9.33,9.67,9.67,9,8.33,7.67,7.33,7,7.33,4.67,3.67,2.67,2,2.67,4,6.67,7,6.33,5.67,6,3.67,2,1.67,2,4.67,6.67,7,6.33,7.67,8.67,7.33,5.33,4.33,4.33,6.67,7,7,6,5,5,6.67,6.67,6.33,5.67,3.67,2,2.67,3,6.33,8,9.67,10,9.67,7.67,5.33,6.67,8.67,9,9,8.67,8.67,9.67,9.67,8.67,7.67,7.33,6,7,8.67,9.67,6.33,3.33,1.33,2,5,6.33,7
269492,"Indianola Hills","Neighborhood","IA",1291,"Des Moines-West Des Moines",394531,6,6,6,6,6,6,6,7,7,7,7,9,9,9,9,9,9,9,7,8,7,7,5,4,5,8,6,5,3,3,3,3,3,2,2,1,1,1,1,1,1,2,2,2,1,1,1,2,2,1,1,1,1,1,1,1,1,3,8,9,10,10,10,10,10,9,9,8,8,6,7,6,6,2,2,2,3,3,3,3,4,8,6,3,1,2,4,5,5,5,4,4,4,10,7,6,6,6,3,3,3,3,2,2,1,2
126218,"South Gate Ridge","Neighborhood","FL",1292,"North Port-Sarasota-Bradenton",753906,7.14,6.43,7.86,7.86,7.86,8.57,9.29,9.29,9.29,9.29,8.57,8.57,8.57,7.86,8.57,9.29,8.57,7.86,7.86,7.14,7.86,6.43,7.14,7.86,8.57,8.57,10,10,9.29,8.57,6.43,5,5.71,9.29,10,9.29,5.71,4.29,4.29,4.29,6.43,4.29,3.57,1.43,4.29,5.71,7.86,7.14,7.14,6.43,2.86,1.43,2.14,6.43,7.86,9.29,7.86,5,2.14,1.43,1.43,2.14,7.14,6.43,3.57,4.29,5,6.43,7.14,7.86,7.86,8.57,7.86,9.29,7.86,8.57,6.43,5.71,4.29,5,3.57,2.14,2.86,5,7.14,8.57,8.57,7.14,4.29,3.57,4.29,7.14,8.57,7.86,8.57,8.57,8.57,7.86,7.14,8.57,6.43,6.43,6.43,7.86,8.57,7.86
271136,"Southwest Hills","Neighborhood","OR",1293,"Portland-Vancouver-Hillsboro",394998,1.5,1,1,1,1.5,1,1,1,2,7.5,8,9,9.5,10,10,10,8,9.5,9.5,10,7.5,6.5,4.5,2.5,1.5,1.5,1.5,1.5,2,2.5,1,0.5,0.5,1,1,1,1,3.5,4,6.5,6,6.5,5.5,2,1.5,1,1,1,3,3,2,2.5,3.5,2.5,2,1,1,0.5,0.5,0.5,0.5,0.5,0.5,1.5,3.5,1.5,0.5,0.5,0.5,0.5,0.5,0.5,1.5,1.5,1.5,1.5,1,1,1.5,0.5,0.5,0.5,0.5,0.5,0.5,0.5,0.5,0.5,0.5,0.5,1,1.5,1.5,1,1,0.5,0.5,0.5,0.5,0.5,0.5,0.5,0.5,0.5,0.5,2.5
198154,"Springs","Neighborhood","NY",1294,"New York-Newark-Jersey City",394913,0.35,0.35,0.27,0.53,0.62,0.71,0.27,0.27,0.35,0.53,0.53,0.62,0.8,1.06,1.06,1.15,1.15,0.88,0.44,0.35,0.35,0.53,0.53,0.88,1.42,1.68,1.77,1.59,1.42,0.88,0.53,0.18,0.27,0.44,0.44,0.44,1.15,2.3,2.57,2.74,2.65,2.83,3.36,4.96,6.55,5.75,4.51,1.42,0.97,0.71,1.06,1.24,1.68,2.12,3.1,2.3,0.88,0.27,0.18,0.8,3.54,6.37,2.65,1.59,1.42,2.21,2.57,0.88,0.44,0.18,0.18,0.09,0.18,0.27,1.77,1.68,0.53,0.18,0.18,0.8,3.19,4.96,5.84,6.19,6.9,5.84,5.93,6.46,6.28,5.04,1.06,0.44,0.18,0.18,0.18,0.27,0.8,4.96,7.35,7.08,4.25,3.19,3.01,3.89,2.21,0.35
753798,"East Kensington","Neighborhood","PA",1295,"Philadelphia-Camden-Wilmington",394974,0.81,0.97,1.77,2.26,2.74,3.06,1.61,0.97,0.81,1.29,1.45,1.29,1.45,1.77,2.26,2.26,2.1,1.77,1.13,1.13,1.61,2.26,2.1,1.77,2.1,1.94,2.1,2.9,3.23,3.39,3.55,3.71,3.23,3.87,4.35,6.13,4.84,5.16,5.97,7.42,7.26,6.77,5.65,5.65,7.42,10,10,10,10,9.52,7.26,3.87,4.19,5,7.58,8.39,9.52,9.19,9.03,9.35,9.35,9.68,9.84,9.35,8.55,7.58,8.71,9.03,9.52,9.03,9.19,7.74,7.9,7.42,6.61,5.65,3.71,4.68,5.16,7.74,7.9,9.19,7.9,7.58,7.1,6.45,6.13,3.39,1.29,0.48,0.32,1.61,2.9,3.87,2.9,2.1,1.77,1.61,1.45,1.13,3.87,5,4.84,3.39,2.74,1.13
245278,"Lynnhaven Shores","Neighborhood","VA",1297,"Virginia Beach-Norfolk-Newport News",395194,7.83,5,4.13,6.09,8.26,9.35,9.57,6.52,3.91,2.61,1.52,1.52,1.96,2.61,3.48,4.35,5.65,4.57,3.26,1.74,1.74,1.96,2.17,3.91,4.35,5.65,5.65,3.7,1.52,1.3,1.52,3.04,1.96,1.09,0.87,1.52,3.91,4.13,2.61,1.3,2.39,1.96,3.7,2.61,2.61,1.09,1.3,0.43,0.43,0.87,1.74,4.35,5.43,3.91,3.26,2.17,2.39,3.04,3.91,3.04,2.39,3.04,3.26,2.83,2.83,2.17,2.17,1.52,2.17,2.39,3.04,3.04,1.09,1.3,1.96,2.83,4.78,5.65,5.22,2.83,1.52,1.52,0.87,0.65,1.09,1.52,3.7,4.13,2.61,4.13,5.22,5.65,3.48,1.52,1.3,1.52,2.39,1.74,0.87,0.65,0.65,0.87,0.22,0.22,0.22,0.22
761751,"Mirror Lake","Neighborhood","FL",1298,"Miami-Fort Lauderdale-West Palm Beach",394856,5.52,5.52,6.42,6.87,7.16,7.46,8.21,9.25,8.66,8.36,7.46,7.76,7.16,7.31,7.61,8.21,8.81,9.4,9.25,9.25,8.96,7.01,6.27,6.72,7.61,7.46,7.76,8.66,8.96,9.85,7.76,4.78,2.69,2.99,5.82,8.66,10,9.85,9.55,9.55,9.7,8.81,6.87,6.57,6.87,7.46,8.36,9.4,9.7,10,10,10,10,10,8.21,6.87,6.42,7.76,8.66,6.42,4.33,5.07,6.12,5.67,2.09,1.64,3.13,7.31,8.06,9.4,10,10,10,9.1,8.21,5.37,7.16,8.21,9.25,9.55,9.7,9.85,9.7,9.85,9.7,9.55,9.55,8.36,7.91,6.87,6.42,7.01,7.31,8.81,9.25,9.55,9.85,9.7,8.81,7.61,7.76,7.61,8.21,7.46,7.46,6.27
403300,"River North","Neighborhood","IL",1299,"Chicago-Naperville-Elgin",394463,5.28,5,5.56,5.56,5.42,5.69,7.64,9.17,9.72,9.86,9.44,9.86,9.86,9.86,9.72,9.72,9.31,8.75,7.5,7.5,7.36,8.75,9.58,10,10,10,10,9.86,8.61,8.33,9.03,9.31,9.31,9.17,8.06,9.31,9.72,9.72,9.31,9.03,8.19,8.89,9.44,10,10,9.86,9.86,8.89,9.03,8.61,7.36,4.58,4.72,4.17,4.86,5.42,6.94,7.92,7.22,6.11,5.28,6.11,8.19,7.64,6.81,2.64,3.19,5.14,8.75,7.92,7.36,7.08,6.39,6.11,3.19,2.36,1.53,2.36,4.72,8.47,9.31,9.17,8.75,8.75,9.58,9.72,9.31,6.67,6.25,8.89,9.72,9.72,9.17,7.92,8.19,9.17,8.75,5.97,5.42,7.22,8.89,9.44,9.58,9.72,9.44,9.86
276467,"Mustang-Padre Island","Neighborhood","TX",1300,"Corpus Christi",394502,5.71,2.86,4.29,5.71,5.71,5.71,7.14,7.14,8.57,7.14,8.57,5.71,2.86,1.43,1.43,1.43,7.14,8.57,10,8.57,7.14,5.71,5.71,8.57,10,10,10,10,5.71,4.29,5.71,5.71,4.29,1.43,1.43,1.43,1.43,1.43,1.43,5.71,7.14,4.29,4.29,1.43,1.43,1.43,1.43,1.43,1.43,1.43,2.86,4.29,2.86,1.43,1.43,1.43,1.43,1.43,1.43,1.43,1.43,1.43,1.43,1.43,1.43,1.43,1.43,1.43,1.43,4.29,4.29,1.43,1.43,1.43,1.43,1.43,1.43,1.43,2.86,4.29,2.86,4.29,1.43,1.43,1.43,1.43,1.43,1.43,1.43,1.43,1.43,1.43,1.43,1.43,1.43,1.43,1.43,1.43,1.43,1.43,1.43,1.43,1.43,1.43,1.43,1.43
268992,"Girvin","Neighborhood","FL",1301,"Jacksonville",394714,1,1.33,2.33,2,4.67,5.67,7.67,7.33,8,6.67,7,6,6.33,6,4.67,4,4.33,4.67,5.67,6.67,6.67,7.67,8.33,8.33,7.33,5.67,4.33,3.67,3,3,2.33,3,3.33,3.67,2.33,2.67,2.33,5.67,6.33,8.33,7.33,6.67,6.33,7,8.67,7.67,5.33,5.33,5,3.33,3.33,4.67,4.33,5.67,4.33,4.67,3.67,6.33,7,8.33,9,8.33,9.67,9.33,8.67,8,6.33,5.67,4.67,3.67,3,4.33,4.33,3.67,4.67,5.67,5.67,5,3.33,2.67,2.33,2.67,2,2.33,1.67,2.67,5.67,8.33,8.67,6.33,6,5.67,6.33,4.67,4,3.33,3,3.33,3.33,3,3.33,4.33,5.33,6.33,6.33,4.67
275493,"Southwest","Neighborhood","OR",1302,"Salem",395048,6.67,5,6.67,6.67,6.67,6.67,6.67,5,3.33,1.67,5,6.67,8.33,5,5,5,5,5,5,6.67,5,3.33,3.33,3.33,5,3.33,1.67,1.67,1.67,3.33,6.67,3.33,3.33,1.67,1.67,1.67,1.67,1.67,3.33,5,5,5,6.67,10,8.33,8.33,5,3.33,1.67,1.67,3.33,5,3.33,3.33,1.67,1.67,1.67,1.67,3.33,3.33,6.67,5,1.67,1.67,1.67,1.67,1.67,1.67,8.33,6.67,5,3.33,3.33,3.33,5,1.67,1.67,1.67,1.67,1.67,1.67,5,3.33,3.33,3.33,1.67,3.33,6.67,1.67,1.67,1.67,3.33,6.67,8.33,6.67,6.67,6.67,3.33,3.33,3.33,5,5,5,6.67,6.67,8.33
417715,"Ocotillo","Neighborhood","AZ",1303,"Phoenix-Mesa-Scottsdale",394976,8.67,9,8.33,4,3,2.67,1,0.67,0.67,0.67,1,1,1.67,2,2,2,2.33,2,1.33,1,1,1,1,1,1,0.67,1,1,1,2,3.67,8.67,9.33,9,9.33,6.67,3.67,1.67,0.67,1,1.67,2.67,1.67,1.33,1.33,3.33,3.33,6,5,7.67,3.67,2,0.67,0.67,1.33,1,0.67,1,1,1,1,1,1,0.67,1,1.33,1.33,1.33,2.33,3,3.67,3,4.33,4.67,3.33,1.67,1.33,2,3,2,1,0.67,1,1.67,2.67,4.67,5.67,6.33,5.33,4,3.67,3,3,2.67,2.33,2.67,3.67,3.67,2.33,2,1.33,2.67,3.67,4,3.67,2.33
271217,"Southside Flats","Neighborhood","PA",1305,"Pittsburgh",394982,8.75,10,10,10,10,10,10,10,8.75,8.75,8.75,10,8.75,10,10,8.75,8.75,8.75,8.75,7.5,6.25,5,5,1.25,1.25,2.5,2.5,3.75,3.75,3.75,3.75,3.75,3.75,2.5,1.25,1.25,1.25,2.5,5,5,5,6.25,5,5,3.75,2.5,2.5,2.5,5,6.25,6.25,5,5,5,5,1.25,1.25,1.25,2.5,1.25,1.25,1.25,1.25,1.25,1.25,1.25,1.25,1.25,1.25,2.5,1.25,1.25,1.25,1.25,1.25,2.5,1.25,1.25,1.25,1.25,1.25,1.25,1.25,1.25,1.25,1.25,1.25,1.25,1.25,1.25,1.25,1.25,1.25,1.25,1.25,1.25,1.25,1.25,3.75,3.75,3.75,3.75,2.5,2.5,1.25,1.25
241188,"Alanton","Neighborhood","VA",1306,"Virginia Beach-Norfolk-Newport News",395194,5.43,6.09,2.61,1.09,0.22,0.22,0.43,0.65,0.65,0.65,0.43,0.43,0.43,0.22,0.22,0.22,0.43,0.65,0.65,0.87,1.3,1.52,3.04,3.48,3.91,3.7,3.26,3.91,3.48,4.78,5.87,2.61,3.7,4.13,6.96,6.96,7.17,8.91,9.13,9.57,9.13,9.35,7.39,7.17,5.65,9.78,10,10,10,8.91,5.87,2.83,2.83,3.48,4.35,5.65,6.09,4.78,4.35,4.13,3.04,3.48,3.04,2.61,3.48,5.65,8.91,9.78,9.57,8.48,7.83,8.26,7.61,8.48,3.91,1.74,1.09,2.17,4.78,7.39,9.13,9.35,8.7,5.87,4.57,4.35,4.57,4.35,5.87,6.09,5.87,6.3,6.3,9.13,9.57,9.57,9.78,9.57,9.35,8.7,5.87,3.04,2.17,1.74,1.3,1.74
55277,"Yarmouth Port","Neighborhood","MA",1307,"Barnstable Town",394361,1.25,1.25,1.25,1.25,6.25,7.5,8.75,7.5,3.75,2.5,1.25,1.25,1.25,1.25,2.5,5,6.25,5,3.75,2.5,2.5,6.25,8.75,7.5,7.5,5,5,2.5,2.5,2.5,7.5,7.5,10,6.25,5,2.5,1.25,1.25,1.25,1.25,1.25,1.25,1.25,2.5,7.5,10,10,8.75,10,5,3.75,3.75,6.25,6.25,3.75,2.5,1.25,1.25,1.25,3.75,1.25,1.25,1.25,1.25,1.25,3.75,3.75,3.75,5,1.25,1.25,2.5,7.5,10,10,10,10,8.75,8.75,8.75,7.5,7.5,6.25,7.5,8.75,8.75,10,10,10,8.75,8.75,8.75,8.75,2.5,1.25,1.25,2.5,3.75,1.25,1.25,1.25,2.5,2.5,2.5,2.5,1.25
126264,"Springfield","Neighborhood","FL",1308,"Jacksonville",394714,9.67,9.67,10,10,10,10,9.67,9.67,9.67,9.67,9.33,9.33,9.67,9.67,9.33,9.33,9,8.33,7,7,7.33,8.67,8.67,9.33,9,8.67,7.67,7.33,6.33,6.33,3.67,3.33,2.67,2.33,1.67,2.33,5.33,5.33,5.33,2.33,4.33,5.67,2.33,4,3.67,5.33,3.33,3.67,4.33,5.33,7.67,5.67,6,5.33,7.33,7,5.67,5.33,2.67,1,0.67,0.67,1.33,1.33,2.33,2.33,1.67,1.67,1.67,3.33,2.33,2.33,1,2,2,3,3,2,0.33,0.33,0.33,0.33,1,1.33,4.67,7,8.67,7,6,6,7.67,9,5.33,2.33,1.67,2,1.67,0.67,0.33,0.33,0.67,0.67,0.67,0.33,0.33,0.67
761598,"Lauderdale West","Neighborhood","FL",1309,"Miami-Fort Lauderdale-West Palm Beach",394856,9.85,10,10,9.85,9.85,7.76,5.52,2.39,1.04,0.6,0.6,0.75,1.04,0.75,0.6,0.45,0.45,0.9,4.33,9.55,10,10,10,10,10,9.55,8.36,9.1,9.4,8.81,8.06,5.97,6.72,6.27,9.25,9.55,9.85,9.55,9.1,8.96,9.55,9.85,10,9.85,9.85,9.55,9.25,9.25,8.81,8.81,8.36,8.21,8.66,8.66,8.66,7.61,5.52,2.84,4.48,3.73,4.63,2.39,4.18,6.72,9.7,9.7,9.85,8.51,7.91,7.31,7.61,7.61,6.72,5.52,4.93,6.12,6.57,7.46,7.61,7.76,8.51,7.91,8.36,8.06,8.36,8.66,9.4,9.7,9.55,9.1,9.1,9.25,9.4,9.25,8.21,7.76,8.06,8.36,8.06,5.67,5.82,5.67,6.12,6.27,6.87,7.01
260641,"Bella Vista","Neighborhood","PA",1310,"Philadelphia-Camden-Wilmington",394974,9.03,8.87,8.87,8.87,8.87,9.03,9.19,9.03,6.94,5.16,5.97,6.61,5.32,5.16,4.35,4.68,4.52,6.29,8.87,9.19,6.94,5,5,5,6.29,5.81,6.77,7.42,7.42,7.42,7.42,7.26,5,6.13,6.45,7.58,8.55,9.19,9.84,10,8.71,7.74,6.29,5.32,4.52,2.58,1.45,0.65,0.65,0.32,0.32,0.16,0.65,0.32,1.13,2.74,5.32,5.48,5,5.97,7.26,5.48,3.39,3.39,5.16,5.81,5,5.65,5.16,4.52,3.06,3.39,4.35,4.84,4.84,3.71,3.23,3.55,2.74,2.9,2.58,2.58,2.58,2.9,3.39,3.06,3.06,4.03,6.29,7.58,7.9,5.97,3.71,2.1,2.26,2.74,3.06,4.52,4.84,5.32,4.84,3.87,0.65,0.16,0.32,2.74
114246,"Century City","Neighborhood","CA",1311,"Los Angeles-Long Beach-Anaheim",753899,6.98,7.67,7.67,6.05,0.81,0.23,0.12,0.12,0.12,0.35,4.77,5.47,6.74,7.09,5.7,2.56,0.7,0.58,1.05,1.98,4.53,1.74,0.58,0.35,0.35,0.35,0.35,0.47,0.7,1.05,1.28,0.93,0.81,0.7,0.81,0.7,0.7,0.47,0.35,0.35,0.23,0.35,0.7,2.09,4.53,2.21,1.74,1.16,5.81,7.79,9.07,8.02,3.49,4.88,6.05,8.37,5.47,3.95,4.3,5.93,3.26,1.86,0.7,1.98,0.58,1.51,1.98,5.58,4.53,2.79,1.51,1.16,0.81,0.58,0.35,0.35,1.4,3.02,3.02,1.98,2.09,2.44,2.21,2.09,3.02,2.91,1.63,1.16,1.86,2.33,6.86,7.21,6.51,5.58,5.81,7.44,9.19,8.95,2.44,0.7,0.23,0.35,1.16,3.95,6.86,3.84
273957,"Heights","Neighborhood","AR",1312,"Little Rock-North Little Rock-Conway",394798,10,10,10,10,10,10,10,10,8.57,5.71,2.86,2.86,2.86,7.14,10,10,10,8.57,2.86,1.43,2.86,7.14,7.14,7.14,4.29,4.29,2.86,2.86,1.43,2.86,2.86,2.86,2.86,2.86,4.29,2.86,2.86,2.86,4.29,7.14,7.14,7.14,7.14,10,10,5.71,5.71,10,10,10,10,8.57,8.57,8.57,10,10,10,10,10,4.29,2.86,2.86,7.14,7.14,10,7.14,5.71,4.29,8.57,10,10,10,7.14,4.29,4.29,4.29,2.86,1.43,1.43,4.29,10,10,10,10,10,10,10,7.14,5.71,4.29,4.29,2.86,2.86,4.29,2.86,2.86,2.86,10,8.57,10,10,2.86,2.86,2.86,5.71,8.57
763239,"Ashford Park","Neighborhood","GA",1313,"Atlanta-Sandy Springs-Roswell",394347,1.05,1.58,2.11,3.16,2.11,2.11,2.63,4.21,7.37,7.89,8.42,8.95,8.95,8.42,6.84,5.26,5.26,5.79,6.84,7.37,7.37,8.95,8.95,8.42,5.26,4.21,3.68,4.21,4.74,5.79,7.37,7.37,6.84,5.26,3.68,3.16,5.26,9.47,9.47,9.47,10,10,10,10,9.47,9.47,10,9.47,9.47,8.95,7.37,4.21,1.58,2.63,3.68,5.26,4.74,4.74,4.74,3.68,2.63,2.63,3.16,2.63,4.74,5.26,5.26,2.63,2.11,2.11,2.11,1.05,1.05,1.05,2.63,2.63,3.16,3.16,4.74,4.21,3.68,3.16,2.63,2.63,2.63,3.16,4.74,6.84,6.32,4.21,3.16,3.16,4.74,3.16,2.63,2.63,4.21,6.32,4.74,3.68,3.68,4.21,5.79,4.21,5.26,3.16
623387,"Awbrey Butte","Neighborhood","OR",1314,"Bend-Redmond",394380,2.22,2.22,2.22,2.22,2.22,1.11,1.11,1.11,1.11,2.22,2.22,2.22,2.22,2.22,3.33,4.44,2.22,2.22,2.22,1.11,1.11,1.11,1.11,1.11,1.11,1.11,1.11,2.22,2.22,2.22,1.11,1.11,1.11,1.11,1.11,1.11,1.11,1.11,1.11,1.11,1.11,1.11,1.11,1.11,1.11,1.11,1.11,1.11,1.11,1.11,2.22,2.22,2.22,2.22,2.22,2.22,1.11,1.11,1.11,1.11,1.11,1.11,2.22,2.22,3.33,4.44,3.33,3.33,2.22,1.11,1.11,1.11,1.11,1.11,2.22,3.33,3.33,3.33,3.33,2.22,1.11,1.11,1.11,1.11,1.11,1.11,1.11,1.11,1.11,1.11,1.11,1.11,1.11,1.11,2.22,2.22,2.22,1.11,1.11,1.11,1.11,1.11,1.11,1.11,1.11,1.11
203441,"Seville","Neighborhood","AZ",1316,"Phoenix-Mesa-Scottsdale",394976,4.67,4.67,2,1.33,1,0.67,1.67,2,3,2.33,2,2,2.67,3.33,3.33,3.67,3,3.67,2.67,4,3.33,4,2,1.33,1.33,2,2.67,2.33,2.33,3,2.33,1.67,2,1.67,1.67,1.33,1.33,1.33,1,0.67,0.33,0.67,1,1,0.67,0.67,0.33,1,1,0.67,0.67,1,1.33,1.67,1,1.33,1.33,1.67,2.67,3,2.67,3,3,3.33,3.67,4.67,5.33,5.33,6,6,6.33,6,6,6.33,5.67,5.33,4.67,4.67,4.67,4.67,4,5.33,3.33,2.67,3,4.33,6,5.67,4,3,2.67,2.67,4,4,4.33,4.33,4.33,4,4.33,4.33,4.67,4,4,3,3,3
417946,"Augusta Ranch","Neighborhood","AZ",1318,"Phoenix-Mesa-Scottsdale",394976,9,10,9.33,9,3.67,3,5.33,8.67,9.67,9.33,7.67,6,5.67,5.67,7.67,8.33,9.33,8.33,7.67,5.67,1.33,1.33,1.67,3.67,1.67,1.33,0.67,2,4.67,7,4.33,2,1.67,2.67,4.33,3,2.67,2.67,3,2.33,2,1,0.67,0.67,1,2,5.33,4.33,4,2.67,2.67,3.33,3.67,4.33,4,4.33,3,3,4,5,6.33,7.33,7.33,7,8,8,7.33,6.67,4,4.33,3,3.33,4.67,6,8.33,9.33,9.67,9,8.33,8.67,9.33,10,10,10,10,9,8.67,9.33,9,9,8.67,8.67,9.67,9.67,9.67,8,5.67,4.67,4,4,5,6,8.33,9,9.33,8.67
126230,"South Patrick Shores","Neighborhood","FL",1319,"Palm Bay-Melbourne-Titusville",394957,10,10,10,10,10,10,10,10,10,10,10,10,10,10,10,10,10,10,10,10,10,10,10,10,10,10,10,10,10,10,10,10,10,10,10,10,10,10,10,10,10,10,10,10,10,10,10,10,10,10,10,10,10,10,10,10,10,10,10,10,10,10,10,10,10,10,10,10,10,10,10,10,10,10,10,10,10,10,10,10,10,10,10,10,10,10,10,10,10,10,10,10,10,10,10,10,10,10,10,10,10,10,10,10,10,10
269190,"South Semoran","Neighborhood","FL",1321,"Orlando-Kissimmee-Sanford",394943,7,8,9,9,9,9,10,10,7,6,4,3,4,4,4,3,1,2,2,3,4,8,9,10,10,10,8,6,4,5,4,2,2,3,10,9,8,8,6,4,1,5,4,3,2,2,1,1,1,1,1,1,1,1,6,6,5,2,2,8,8,10,10,10,10,10,10,9,8,10,9,8,8,10,10,10,10,10,10,10,10,10,10,10,10,10,8,8,8,8,6,8,8,10,10,9,9,9,10,10,10,10,10,10,10,10
343490,"Chevy Chase-Ashland Park","Neighborhood","KY",1322,"Lexington-Fayette",394792,10,10,10,10,10,10,10,10,10,10,10,7.5,7.5,7.5,7.5,5,7.5,10,10,10,10,5,5,5,7.5,7.5,7.5,2.5,2.5,2.5,2.5,2.5,5,2.5,2.5,2.5,7.5,10,10,10,10,10,10,10,7.5,5,2.5,2.5,2.5,5,5,5,7.5,7.5,7.5,10,10,10,7.5,5,2.5,2.5,5,5,5,5,7.5,7.5,7.5,2.5,2.5,2.5,2.5,2.5,2.5,2.5,2.5,2.5,2.5,5,5,5,5,2.5,2.5,2.5,2.5,2.5,2.5,2.5,2.5,5,2.5,2.5,2.5,2.5,5,5,5,5,5,2.5,2.5,2.5,5,5
417106,"Providence Estates East","Neighborhood","NC",1323,"Charlotte-Concord-Gastonia",394458,4.71,4.71,4.12,4.12,4.12,4.71,4.12,4.71,4.12,5.29,4.71,6.47,5.88,7.65,7.65,8.24,7.65,8.82,5.29,4.71,4.71,5.88,5.88,5.29,7.06,8.24,7.65,7.65,8.24,8.82,7.65,5.29,2.94,3.53,5.29,5.88,6.47,7.06,6.47,5.88,5.29,6.47,9.41,8.82,8.82,8.82,9.41,8.24,8.82,8.82,9.41,7.65,5.88,5.88,5.29,8.24,8.82,8.24,8.24,7.06,8.24,8.24,7.65,7.06,7.65,7.06,8.82,7.65,7.65,7.06,6.47,6.47,5.88,7.65,4.12,2.94,1.76,2.35,4.12,2.94,4.12,3.53,1.76,1.18,1.18,2.35,2.94,3.53,4.12,4.12,4.71,6.47,7.06,7.06,7.06,5.88,4.71,4.12,3.53,4.12,3.53,4.12,3.53,3.53,3.53,3.53
275888,"Virginia Park","Neighborhood","FL",1324,"Tampa-St. Petersburg-Clearwater",395148,6.13,4.19,3.87,3.87,4.19,5.48,5.48,5.48,3.87,2.26,1.29,0.97,1.29,2.9,4.19,8.06,8.06,9.03,8.39,9.03,6.77,5.81,3.87,3.23,2.9,3.87,5.16,6.45,6.77,4.19,2.9,2.58,2.58,3.55,4.19,6.13,6.77,7.1,6.13,4.19,4.19,7.74,9.03,7.42,7.42,7.74,9.68,9.68,9.35,4.84,1.94,0.65,0.32,0.32,0.97,2.9,3.23,2.26,2.26,3.23,5.81,7.42,8.06,8.06,8.06,6.13,2.58,1.61,2.26,3.23,3.23,3.23,2.9,1.29,1.29,0.32,0.65,0.65,2.26,5.16,4.52,2.9,1.29,1.61,2.26,1.94,2.26,2.58,2.58,2.26,1.29,1.29,1.29,2.26,2.9,3.87,4.19,4.84,5.16,4.52,4.52,2.58,1.94,1.29,1.61,2.9
125531,"Oceanway","Neighborhood","FL",1326,"Jacksonville",394714,2.67,3,3.33,5,4.33,2,1.67,1.33,0.67,0.67,0.33,0.33,0.33,0.33,0.33,0.33,0.33,0.33,0.67,0.67,0.67,1,1,3,4.67,4.33,3.33,4.33,4,1.33,0.67,0.67,0.67,1.67,3,1.67,1,0.67,0.67,0.67,1.33,1.33,1.33,2,3.33,4,3,1.67,1.33,1,1.33,2.67,5,6.33,7,6,5,4.33,4.67,5.67,6.33,4.33,2,1,1.33,1.67,3.33,4.33,3.33,1.67,1.33,1.33,2.67,3.33,3.33,2.67,2.33,2.33,3.67,4.67,5.33,5,5.67,6.67,6.67,5.33,3,3.67,4,4.33,4.33,6.33,8,9.67,9,9,9.33,9.67,9.67,9.33,8,5.33,3.67,3.67,2,1.33
417025,"Watrous South","Neighborhood","IA",1327,"Des Moines-West Des Moines",394531,2,2,2,2,2,3,4,4,3,2,2,2,2,3,4,4,5,6,6,4,5,6,8,7,7,6,2,2,2,2,4,4,4,4,3,3,3,5,8,10,9,9,9,10,10,10,9,9,10,10,10,10,9,8,9,8,6,4,4,5,6,7,7,8,9,10,10,9,9,7,5,4,2,1,1,1,1,1,1,1,1,2,1,1,3,6,9,10,10,10,8,7,5,5,8,8,10,10,10,6,7,9,10,10,10,10
342786,"Tallyn's Reach","Neighborhood","CO",1328,"Denver-Aurora-Lakewood",394530,1.92,2.31,2.31,1.15,2.31,3.46,3.46,2.69,2.31,2.69,2.69,2.69,2.31,1.54,1.15,0.77,1.54,1.54,1.92,1.92,1.54,0.77,0.77,1.54,1.92,1.92,1.54,1.92,1.54,1.15,0.77,0.38,0.38,0.38,0.38,0.38,0.77,0.77,0.38,0.38,0.38,1.15,0.77,0.77,0.38,0.38,0.38,0.38,0.77,0.77,0.77,1.15,1.54,0.38,0.38,0.38,0.38,1.15,0.77,0.38,0.38,0.38,0.38,0.77,1.54,1.92,3.46,1.54,1.54,1.92,1.92,2.69,1.92,1.54,1.92,2.31,1.92,1.54,1.15,0.77,0.77,0.77,0.77,0.38,0.77,0.77,0.77,0.77,1.15,1.15,1.15,0.77,0.38,0.38,0.38,0.38,0.38,0.38,0.77,0.77,0.38,0.38,0.77,1.15,1.15,1.15
271122,"Pearl District","Neighborhood","OR",1330,"Portland-Vancouver-Hillsboro",394998,3,4,4,4,3,2.5,2,2,1.5,4,6.5,7.5,7.5,7,6.5,6,6.5,5.5,4.5,3.5,2,1,1.5,3.5,4,5,9,10,10,9.5,9.5,10,10,10,10,10,10,8.5,5,4.5,4,4.5,3,2.5,6.5,6.5,7,4,3.5,5.5,6,7.5,8,7.5,7,7,7.5,7.5,7,7,6.5,6.5,6,6,7,8.5,7.5,8,8,8,8,7,6,5,6.5,8,9.5,9,7.5,5,4,2,2,2,1.5,1,1,1,1.5,1.5,1.5,1,1,1.5,1.5,3.5,6.5,10,10,8.5,5,3,2.5,3,2.5,2
274072,"Hunters Green","Neighborhood","FL",1331,"Tampa-St. Petersburg-Clearwater",395148,4.84,4.84,4.84,4.84,5.48,6.77,6.13,6.77,6.77,7.1,6.13,6.13,6.45,6.13,5.48,5.16,3.23,3.87,3.87,3.23,2.9,4.19,5.48,5.16,3.55,4.19,4.52,4.19,6.45,7.42,9.03,9.68,9.68,9.35,8.39,6.45,5.81,8.71,9.68,8.39,2.58,1.94,3.87,6.13,7.74,7.42,4.52,3.23,2.26,2.9,3.23,2.26,1.61,0.97,2.26,2.58,6.13,7.74,8.39,5.48,4.52,3.23,4.52,4.52,5.48,5.16,5.81,5.48,5.48,4.19,3.87,3.55,2.58,2.26,4.52,5.48,6.13,6.77,6.77,7.1,8.06,8.39,8.71,8.71,8.71,7.74,7.1,8.71,7.42,6.77,3.23,5.48,4.52,3.23,1.61,1.94,4.84,6.13,8.06,7.74,8.06,8.39,7.74,9.03,10,10
124024,"Coral Ridge","Neighborhood","FL",1334,"Miami-Fort Lauderdale-West Palm Beach",394856,0.9,0.9,1.19,1.04,0.75,1.19,1.79,3.43,3.73,6.87,8.36,7.01,5.37,3.58,3.13,5.07,6.72,4.63,0.45,0.6,0.9,2.69,2.99,2.54,2.24,1.79,1.64,2.69,2.69,2.99,2.99,3.13,3.13,3.43,2.69,3.43,4.48,5.22,4.03,5.37,5.22,4.93,5.67,5.97,7.76,7.61,7.61,4.63,3.13,1.79,2.09,2.99,4.18,6.57,6.42,5.07,2.99,2.09,1.34,1.19,3.13,4.18,7.01,7.31,8.66,8.06,8.06,7.46,6.12,5.52,4.78,5.07,3.43,1.19,0.45,0.3,0.45,0.9,1.34,1.64,2.09,3.58,5.67,7.01,5.67,4.03,2.84,3.13,2.84,2.39,1.94,2.24,3.28,3.88,5.07,5.22,4.48,4.03,4.03,3.73,4.18,3.28,4.63,3.88,3.58,2.54
623388,"River West","Neighborhood","OR",1336,"Bend-Redmond",394380,1.11,1.11,1.11,1.11,1.11,2.22,2.22,6.67,6.67,7.78,6.67,6.67,5.56,4.44,4.44,5.56,6.67,5.56,4.44,5.56,6.67,6.67,3.33,3.33,2.22,2.22,3.33,3.33,4.44,7.78,10,10,7.78,7.78,6.67,8.89,6.67,5.56,2.22,2.22,3.33,3.33,4.44,6.67,10,10,10,10,7.78,7.78,7.78,8.89,10,10,8.89,6.67,5.56,3.33,3.33,3.33,3.33,3.33,4.44,4.44,4.44,3.33,2.22,1.11,3.33,3.33,3.33,4.44,2.22,2.22,1.11,1.11,2.22,2.22,2.22,3.33,7.78,7.78,5.56,4.44,2.22,2.22,2.22,10,7.78,5.56,3.33,2.22,3.33,3.33,3.33,3.33,3.33,4.44,4.44,3.33,2.22,2.22,2.22,3.33,3.33,3.33
221662,"Indigo Run","Neighborhood","SC",1337,"Hilton Head Island-Bluffton-Beaufort",394681,1.67,3.33,3.33,5,5,5,5,3.33,3.33,1.67,3.33,3.33,3.33,3.33,3.33,3.33,3.33,3.33,1.67,1.67,3.33,3.33,5,3.33,3.33,3.33,5,5,1.67,1.67,5,6.67,5,3.33,1.67,1.67,3.33,3.33,3.33,3.33,1.67,1.67,3.33,8.33,10,10,10,10,10,8.33,8.33,8.33,8.33,8.33,6.67,6.67,5,3.33,8.33,5,5,5,5,5,6.67,8.33,10,10,10,8.33,6.67,5,6.67,10,10,10,6.67,6.67,3.33,8.33,6.67,10,8.33,8.33,8.33,8.33,8.33,8.33,5,5,5,3.33,1.67,1.67,1.67,1.67,5,5,5,5,6.67,5,1.67,1.67,1.67,3.33
275198,"Riverside","Neighborhood","MD",1338,"Baltimore-Columbia-Towson",394358,7.5,8.33,10,10,10,9.17,7.5,5.83,2.5,4.17,4.17,3.33,3.33,3.33,0.83,0.83,0.83,0.83,5,7.5,9.17,8.33,10,10,10,10,10,9.17,9.17,10,10,9.17,8.33,7.5,7.5,9.17,8.33,8.33,9.17,10,9.17,8.33,8.33,6.67,5.83,4.17,5.83,9.17,10,10,10,10,8.33,8.33,8.33,8.33,7.5,6.67,4.17,5,3.33,1.67,1.67,2.5,4.17,7.5,7.5,9.17,9.17,10,9.17,8.33,6.67,7.5,10,10,10,8.33,7.5,6.67,6.67,5.83,5.83,5.83,7.5,5.83,4.17,5.83,6.67,5,5,3.33,2.5,3.33,3.33,4.17,3.33,2.5,2.5,3.33,4.17,3.33,3.33,3.33,4.17,6.67
276490,"Oakhill","Neighborhood","IN",1339,"Evansville",394579,10,10,10,10,10,10,10,10,10,10,10,10,10,10,10,10,10,10,10,10,10,10,10,10,10,10,10,10,10,10,10,10,10,10,10,10,10,10,10,10,10,10,10,10,10,10,10,10,10,10,10,10,10,10,10,10,10,10,10,10,10,10,10,10,10,10,10,10,10,10,10,10,10,10,10,10,10,10,10,10,10,10,10,10,10,10,10,10,10,10,10,10,10,10,10,10,10,10,10,10,10,10,10,10,10,10
268759,"Union Station","Neighborhood","CO",1340,"Denver-Aurora-Lakewood",394530,4.23,7.69,9.23,8.85,7.69,7.31,7.69,8.46,7.31,1.92,0.77,0.77,0.77,0.77,0.77,0.38,0.38,0.77,1.15,1.15,0.77,0.38,0.38,0.77,0.77,1.15,2.31,5,6.54,6.92,5.38,5,3.46,2.31,0.77,0.77,0.38,0.38,0.77,0.77,0.77,0.38,0.38,0.38,0.77,3.85,2.31,3.08,3.08,3.46,1.92,1.54,0.38,1.15,0.77,1.15,1.92,2.31,2.69,2.31,1.15,1.15,0.77,1.15,1.15,1.54,1.54,2.31,1.92,1.15,0.77,0.38,0.38,1.15,0.77,0.77,0.38,0.38,0.38,0.38,1.54,1.92,2.31,3.08,3.46,2.69,2.31,1.92,1.54,2.31,3.08,3.46,3.46,3.85,4.62,4.23,4.23,3.46,3.46,3.46,3.85,1.54,0.38,0.38,0.38,0.77
125781,"Plantation Acres","Neighborhood","FL",1341,"Miami-Fort Lauderdale-West Palm Beach",394856,1.04,1.04,1.04,0.9,0.9,1.04,1.04,1.49,1.79,1.79,2.54,2.54,3.43,3.73,3.73,3.13,2.69,3.43,3.28,5.22,5.67,5.82,4.18,4.63,5.52,6.57,6.12,5.07,5.07,6.87,4.03,0.9,0.45,0.45,1.04,1.79,0.6,0.45,0.45,0.45,1.04,0.9,0.45,0.15,0.3,1.34,5.52,7.46,8.36,8.36,9.1,6.72,2.39,1.04,0.9,2.84,5.67,7.91,5.97,4.33,5.22,6.57,7.16,7.01,5.67,5.07,3.58,3.28,3.43,4.03,4.18,4.18,3.58,3.58,2.84,3.28,3.28,3.58,2.24,2.54,2.99,4.78,4.03,4.03,3.73,5.52,6.27,6.27,4.03,1.94,1.19,1.04,1.34,2.39,2.09,1.94,1.34,1.19,0.9,0.6,0.45,1.64,3.58,7.31,8.36,9.7
268936,"Coral Ridge Country Club","Neighborhood","FL",1342,"Miami-Fort Lauderdale-West Palm Beach",394856,2.99,3.43,2.69,2.69,1.04,0.75,0.6,1.04,2.24,3.28,8.21,9.55,9.55,8.51,6.57,4.48,2.24,1.49,1.19,1.49,2.09,2.24,1.34,1.04,1.34,2.39,2.54,1.34,0.9,1.19,2.39,3.43,3.88,4.63,4.63,4.93,3.43,3.73,3.13,3.58,1.94,2.09,1.19,1.34,1.64,1.64,1.04,0.6,1.64,4.33,6.72,5.97,5.37,5.97,6.57,6.27,3.73,4.18,2.39,5.22,6.72,6.12,2.54,0.75,1.19,2.99,3.73,3.73,4.03,3.88,1.64,0.45,0.6,1.34,2.54,2.39,2.09,2.69,3.13,4.18,3.73,5.07,5.97,5.52,4.33,3.88,3.43,2.99,2.99,4.03,4.33,5.22,4.33,3.28,3.13,3.13,2.24,2.24,2.09,1.94,1.49,0.9,1.49,2.24,3.43,2.69
125698,"Pelican Bay","Neighborhood","FL",1345,"Naples-Immokalee-Marco Island",394901,6,8,8,8,6,6,2,2,2,2,6,8,8,6,6,6,4,4,2,2,2,4,4,4,2,2,2,2,2,4,4,2,2,2,4,4,4,2,2,2,4,4,8,4,4,4,4,4,4,2,4,8,6,4,6,4,4,8,10,10,8,10,10,10,4,2,2,2,2,6,8,10,8,8,8,8,6,4,4,6,10,10,8,6,6,6,8,8,6,6,6,6,4,4,8,10,10,10,6,4,4,4,2,2,2,2
623349,"Muirfield Village","Neighborhood","OH",1347,"Columbus",394492,10,10,10,10,10,10,10,10,10,10,5,5,5,5,5,5,5,5,5,5,5,5,5,5,5,5,5,5,5,5,5,5,5,5,5,5,5,5,5,5,5,5,5,10,10,10,10,10,10,10,10,10,5,5,5,5,5,5,5,5,5,5,5,5,5,5,5,5,5,5,5,5,5,5,5,5,5,5,5,5,5,5,5,5,5,5,5,5,5,5,5,5,5,5,5,5,5,5,5,5,5,5,5,5,5,5
762075,"North Lake Waco","Neighborhood","TX",1348,"Waco",395197,10,10,10,10,10,10,10,10,10,10,10,10,10,10,10,10,10,10,10,10,10,10,10,10,10,10,10,10,10,10,10,10,10,10,10,10,10,10,10,10,10,10,10,10,10,10,10,10,10,10,10,10,10,10,10,10,10,10,10,10,10,10,10,10,10,10,10,10,10,10,10,10,10,10,10,10,10,10,10,10,10,10,10,10,10,10,10,10,10,10,10,10,10,10,10,10,10,10,10,10,10,10,10,10,10,10
403313,"Fulton River District","Neighborhood","IL",1351,"Chicago-Naperville-Elgin",394463,6.81,7.08,7.5,7.5,7.08,5.83,5.42,5.14,6.11,5.97,6.11,5.42,2.64,1.53,0.69,0.42,0.56,0.69,1.39,1.94,1.39,0.56,0.28,0.83,2.92,7.22,9.31,10,10,10,9.17,7.64,8.89,9.72,10,10,9.86,9.03,7.5,4.17,2.36,3.19,5.14,6.81,6.53,7.64,9.03,9.72,9.31,8.75,8.61,9.31,9.17,9.03,8.33,7.92,8.19,8.89,9.03,9.17,9.17,9.58,9.72,9.86,9.86,10,10,10,9.86,9.86,9.86,9.86,9.31,9.31,9.31,9.44,9.31,9.17,9.17,9.58,9.44,9.58,9.58,9.58,9.72,9.58,9.86,9.72,9.72,9.31,8.75,6.94,6.39,5.97,6.39,6.67,6.81,4.31,2.36,1.81,2.78,5.97,8.19,8.89,8.89,8.61
418157,"The North End","Neighborhood","VA",1352,"Virginia Beach-Norfolk-Newport News",395194,3.7,3.04,3.04,3.48,4.13,5.22,5.22,7.61,7.83,8.04,7.61,6.52,6.96,6.96,6.96,6.74,6.52,6.52,7.61,7.39,6.09,5.65,2.61,0.87,0.22,0.43,0.43,0.43,0.22,0.22,0.22,0.43,1.3,2.83,3.04,1.09,1.09,2.39,3.91,3.7,4.57,4.78,4.13,5,4.13,2.83,1.52,1.3,2.61,3.48,6.74,7.17,8.26,9.35,10,9.35,7.17,3.91,2.61,1.52,0.65,0.22,0.43,0.43,1.09,1.09,3.04,4.35,5,4.35,1.74,0.22,0.22,0.22,0.22,0.22,0.65,2.39,0.87,0.65,0.87,1.74,2.83,5,4.35,0.43,0.22,0.22,0.22,0.43,1.74,2.17,2.17,1.74,3.04,2.17,1.09,1.09,1.3,1.09,1.09,0.43,0.43,0.43,0.43,1.52
269475,"ACCENT","Neighborhood","IA",1353,"Des Moines-West Des Moines",394531,3,3,3,3,3,2,2,3,4,4,3,3,3,4,3,2,2,1,1,1,1,1,1,1,1,2,9,9,9,10,10,9,6,3,6,10,10,10,10,9,8,8,6,4,2,2,2,1,1,2,3,3,5,6,5,5,5,7,7,6,5,3,2,4,5,8,8,10,10,10,10,9,9,8,5,7,6,9,10,10,10,7,8,7,7,4,3,3,3,2,2,2,3,4,2,2,1,3,7,10,8,5,4,3,3,3
761486,"Gresham Butte","Neighborhood","OR",1354,"Portland-Vancouver-Hillsboro",394998,6.5,9,9.5,9.5,9,9.5,8.5,8,8.5,8.5,8.5,8,7,3,1,1,1,1,1,1.5,3,1.5,0.5,0.5,1,1,1,1,1,1,0.5,1,1,0.5,0.5,0.5,0.5,0.5,2,3,2,0.5,0.5,0.5,0.5,0.5,0.5,0.5,2,2,3.5,0.5,0.5,1,1.5,2,1.5,1,1.5,1.5,2,2,2,1,1.5,2,1,1,1,1.5,2.5,2,2,2,2,3,2,1.5,1,1.5,2,2.5,2.5,3,2.5,2,1.5,3,5,5.5,4.5,3,2.5,2,2,2.5,2.5,4,3,4,4.5,6,5,4.5,4.5,5
125591,"Ormond-by-the-Sea","Neighborhood","FL",1355,"Deltona-Daytona Beach-Ormond Beach",394528,6.67,6.67,6.67,6.67,10,10,10,6.67,10,10,10,10,10,6.67,6.67,6.67,6.67,6.67,6.67,6.67,6.67,6.67,6.67,6.67,3.33,3.33,3.33,3.33,3.33,3.33,3.33,3.33,6.67,6.67,6.67,10,10,10,10,10,10,10,10,10,10,10,10,10,10,10,6.67,6.67,6.67,6.67,10,10,10,6.67,6.67,6.67,10,10,10,10,10,10,10,10,10,10,10,6.67,6.67,10,10,10,10,10,10,6.67,10,10,10,10,10,10,10,10,10,10,10,10,6.67,6.67,6.67,6.67,6.67,6.67,10,10,10,10,6.67,6.67,6.67,6.67
265170,"Beach","Neighborhood","FL",1356,"Miami-Fort Lauderdale-West Palm Beach",394856,5.97,5.82,5.82,3.88,2.39,1.49,2.24,2.54,2.69,1.49,1.49,1.64,2.09,1.79,1.79,2.24,1.94,2.54,2.69,2.24,2.84,3.43,3.73,2.69,3.28,5.82,7.01,7.31,8.51,8.06,7.01,4.93,2.09,1.19,0.9,1.04,1.04,1.49,1.64,2.84,1.49,1.34,1.34,2.24,3.43,4.03,3.43,2.69,2.24,2.39,2.84,2.24,2.84,2.69,2.09,1.19,1.19,0.6,0.45,0.45,1.64,4.33,4.78,5.07,3.73,1.94,1.79,2.39,2.84,1.79,0.9,0.9,1.49,2.54,3.43,4.18,5.07,4.93,4.78,3.13,2.69,2.69,3.28,2.54,1.34,0.9,1.19,1.64,3.13,4.33,4.93,5.37,5.22,4.78,3.58,2.69,1.94,1.49,1.34,1.34,2.09,2.54,3.13,3.73,4.33,2.99
417700,"Lyon's Gate","Neighborhood","AZ",1357,"Phoenix-Mesa-Scottsdale",394976,5.67,6,6.33,8.67,6,1.33,0.33,0.33,0.33,0.33,0.33,0.33,0.67,1.33,1,1,0.67,1.33,2,2.67,5.67,6.33,8.33,7.67,8.33,6,4,2.67,1.33,1,2,3.67,2.67,2.33,2.67,2,2.33,2.33,2,2,4.67,4.67,5.67,5,5.33,5,5.67,6.33,5.67,7,7.67,8.33,9.67,9.67,10,9.67,9.33,9,9.33,9.33,10,10,10,8.67,8.33,7.33,9,9.33,10,10,10,8.67,6.67,5.67,6.33,7.67,9.33,9.67,9.33,9,9,9.33,9.67,9.67,9.67,9.33,9.33,10,10,10,10,10,10,10,9,6.33,5.33,5.67,6.67,9,8,7.67,6,7.33,7.33,8.33
199281,"Arlington Heights","Neighborhood","TX",1358,"Dallas-Fort Worth-Arlington",394514,9.35,9.35,9.35,9.35,9.35,9.35,9.35,9.35,9.03,9.03,9.35,9.35,9.03,9.35,9.03,9.03,9.03,9.03,9.03,8.71,9.03,8.71,9.35,9.03,9.03,7.74,7.1,6.77,6.77,6.77,7.42,6.45,7.1,6.77,7.42,5.81,5.81,6.77,6.77,7.74,6.77,5.81,5.16,2.58,1.61,0.65,0.97,0.97,1.29,0.97,1.94,3.87,3.87,4.52,4.52,5.48,4.84,5.16,4.84,4.52,5.16,5.16,5.16,4.84,3.55,3.55,2.26,2.26,2.26,1.94,1.29,1.29,1.29,0.65,0.97,0.65,1.61,1.61,0.97,1.29,1.61,2.26,2.9,3.55,3.87,3.87,3.23,2.26,2.9,2.26,2.26,2.26,1.29,1.29,0.97,0.65,0.65,0.97,0.32,0.32,0.65,0.65,0.65,0.65,0.65,1.29
762634,"Garden Lakes","Neighborhood","AZ",1359,"Phoenix-Mesa-Scottsdale",394976,4,5.33,7.33,7.67,9,9.67,9.33,9.33,8.33,8.33,9,9.67,9.67,9.67,9.67,9.67,9.67,10,10,9.67,9.67,9.33,9,9,8.67,8.67,9,9,8.67,9,8.67,9,7.33,7.67,8,9.33,8.67,8.33,9,9.33,8,8.67,7.67,8.67,9.33,10,10,9.33,9.67,10,9.67,7.67,6.67,6.33,6.33,5.33,5.33,5.33,5.67,6,6,5.67,6.33,6,5,5,5,6.33,7,5.33,5.33,5.33,5,4.33,5,5,6,5.33,5,6,6.33,8.67,8.33,9,7.67,6.67,5,4,3,3.33,3,3.67,3.33,3.67,3.67,3.67,2.33,3,3.33,3.33,2.67,2.33,3,2,2.67,2
274926,"Ormewood Park","Neighborhood","GA",1362,"Atlanta-Sandy Springs-Roswell",394347,7.89,6.32,7.37,7.37,7.37,7.37,8.95,8.42,8.42,8.42,8.95,7.89,8.42,7.37,6.32,5.79,2.63,1.58,1.58,4.74,6.32,7.37,2.63,3.16,7.37,8.42,8.95,8.95,8.42,9.47,9.47,9.47,10,8.95,6.84,6.84,2.11,1.58,0.53,0.53,1.58,2.63,6.32,9.47,10,10,8.95,7.89,6.32,8.42,10,10,9.47,7.89,7.37,7.37,8.42,7.89,7.89,5.26,5.26,3.68,6.84,7.37,8.42,8.95,9.47,9.47,9.47,9.47,9.47,8.95,10,8.95,9.47,10,10,10,10,10,10,10,10,10,10,9.47,10,10,7.89,7.37,6.32,6.84,6.32,6.32,6.84,7.89,9.47,9.47,8.42,9.47,9.47,9.47,9.47,9.47,6.84,8.42
19510,"Mountain Park","Neighborhood","OR",1364,"Portland-Vancouver-Hillsboro",394998,0.5,0.5,0.5,0.5,0.5,0.5,0.5,0.5,0.5,1.5,1.5,3.5,4.5,5,5.5,5.5,7,8.5,8.5,5,3.5,3.5,2.5,3,2,2.5,4,5.5,5.5,5.5,4.5,6,6,5.5,5,5,5.5,5,2.5,2,2.5,3.5,4,3.5,2.5,2.5,2,2,1.5,1.5,2.5,4,4.5,3,3,3.5,3.5,3.5,3,3,3,3,2.5,2,3,3,2.5,2,2.5,2,2,2.5,3.5,3.5,4,4,4,3,3,2.5,2.5,3,3,2.5,3,5,5.5,4,3,3.5,4,4,4,4.5,4.5,5.5,5.5,7,7,7.5,7,7,6.5,7,5.5,7.5
275076,"Port Tampa City","Neighborhood","FL",1365,"Tampa-St. Petersburg-Clearwater",395148,7.1,7.1,7.1,7.1,7.42,7.74,7.74,8.06,8.39,9.03,7.42,7.1,6.77,6.45,6.45,6.13,7.42,7.74,7.1,7.1,5.81,5.48,4.52,5.48,4.84,5.16,5.81,7.74,7.42,8.06,7.74,7.74,6.77,6.13,5.48,3.23,1.94,1.94,1.29,1.61,1.29,0.65,0.65,1.94,3.23,3.87,3.87,5.48,3.23,1.94,2.26,4.19,5.16,4.84,6.13,7.74,8.06,4.19,3.23,2.9,2.26,2.9,3.55,4.19,2.26,1.61,1.61,2.9,6.13,8.06,6.13,5.16,4.19,5.48,5.16,5.81,4.52,2.26,3.23,3.23,4.84,4.19,4.19,5.16,6.45,7.42,7.74,7.42,7.1,7.42,6.45,6.77,7.1,8.71,8.06,7.42,5.16,7.42,7.74,8.39,3.55,3.23,5.16,8.39,9.03,9.35
128368,"East Atlanta","Neighborhood","GA",1367,"Atlanta-Sandy Springs-Roswell",394347,3.68,3.68,3.68,3.68,3.68,4.21,4.21,2.63,1.58,0.53,1.58,1.05,2.11,3.16,2.63,7.37,8.95,10,10,8.95,8.95,8.42,3.16,2.11,2.11,2.11,2.63,3.68,4.21,4.21,6.32,6.84,7.89,8.42,8.42,9.47,8.42,5.26,2.63,2.63,2.63,1.58,0.53,1.05,1.05,2.11,2.11,1.58,1.58,2.11,2.11,2.63,7.89,9.47,10,10,9.47,8.95,8.95,8.42,7.37,7.89,7.89,8.95,10,10,10,10,10,10,10,10,8.95,5.79,6.32,7.89,8.95,9.47,9.47,9.47,9.47,9.47,8.95,8.42,5.26,4.21,2.63,2.11,1.05,2.63,4.21,5.79,5.79,4.74,4.21,3.68,3.68,5.26,5.26,5.26,5.26,4.74,5.26,5.26,5.79,5.26
273357,"Cotswold","Neighborhood","NC",1369,"Charlotte-Concord-Gastonia",394458,2.94,2.35,2.35,1.76,2.35,2.35,1.76,1.76,1.18,1.18,1.18,1.18,1.18,1.18,1.18,1.18,1.76,1.76,2.35,2.35,2.35,1.76,2.35,2.35,2.35,1.76,1.76,1.18,1.76,1.18,1.18,1.76,1.76,1.18,1.76,2.35,3.53,4.12,1.18,0.59,0.59,1.18,4.12,4.12,6.47,5.29,4.12,1.76,0.59,0.59,2.35,2.94,4.71,2.94,1.76,1.18,1.76,2.35,2.94,6.47,4.71,7.06,6.47,6.47,5.88,5.88,5.29,7.06,8.24,6.47,5.88,4.12,5.29,5.29,3.53,3.53,3.53,7.06,7.65,5.29,2.35,1.18,1.18,1.76,3.53,4.12,2.35,0.59,0.59,0.59,2.35,4.71,4.71,5.88,5.88,6.47,7.06,5.29,4.71,2.35,2.35,2.94,5.29,4.71,1.76,1.18
126236,"South Sarasota","Neighborhood","FL",1370,"North Port-Sarasota-Bradenton",753906,3.57,3.57,2.86,5,4.29,3.57,4.29,6.43,7.14,2.86,0.71,3.57,5,5.71,2.86,2.14,2.14,1.43,2.14,4.29,2.86,0.71,0.71,1.43,1.43,1.43,1.43,1.43,2.14,2.14,2.14,1.43,2.86,1.43,0.71,0.71,1.43,6.43,6.43,2.86,1.43,1.43,1.43,3.57,1.43,0.71,0.71,2.14,2.14,0.71,0.71,0.71,0.71,3.57,5,5.71,0.71,0.71,1.43,2.86,2.14,2.86,2.86,5,5,7.14,7.14,7.14,3.57,2.86,0.71,0.71,1.43,1.43,3.57,2.86,2.14,1.43,2.14,2.86,2.86,1.43,0.71,0.71,1.43,2.14,2.14,1.43,1.43,1.43,0.71,0.71,0.71,2.14,2.14,2.86,2.14,2.14,2.14,0.71,0.71,0.71,0.71,0.71,1.43,1.43
38991,"Highlands","Neighborhood","VA",1371,"Virginia Beach-Norfolk-Newport News",395194,6.96,7.39,6.52,6.96,6.52,5.87,4.35,6.74,7.39,7.61,3.48,3.7,4.78,8.91,10,9.35,7.17,4.78,5,5.22,3.26,2.17,1.96,2.61,1.3,0.22,0.22,0.22,0.87,3.7,6.09,3.48,2.17,2.39,3.91,5,4.78,5.22,6.96,7.83,6.09,5,5.87,6.3,6.74,4.35,7.83,6.74,7.61,5.22,5.65,3.91,5,1.74,1.3,1.09,2.17,5.43,6.52,5.65,5,6.74,8.7,9.13,9.35,8.26,5,4.13,0.87,0.65,0.43,2.61,2.61,3.04,3.7,6.52,5.43,3.7,1.74,1.09,0.65,0.22,0.22,0.43,0.65,1.3,3.48,5.22,4.78,3.91,2.17,1.74,0.87,0.65,0.65,0.65,0.87,1.52,2.17,1.52,1.74,1.09,1.52,2.17,5.43,6.3
273437,"Davis Island","Neighborhood","FL",1372,"Tampa-St. Petersburg-Clearwater",395148,6.45,6.45,5.81,6.45,7.1,7.42,6.77,5.16,5.48,6.77,7.74,7.42,7.74,7.1,7.42,7.1,7.1,4.84,4.19,4.84,3.55,2.26,0.97,1.29,1.94,2.58,2.26,2.9,3.23,2.58,1.29,0.97,0.65,0.97,2.26,2.9,3.87,3.23,2.9,1.94,1.94,2.26,1.29,2.26,4.19,8.71,9.03,9.03,8.39,4.19,2.58,1.61,2.26,7.42,8.71,6.77,3.55,3.23,6.13,5.81,5.16,5.16,5.81,7.74,7.42,5.48,4.84,3.23,2.9,2.58,2.58,1.94,1.94,2.58,3.87,2.26,3.87,2.9,5.81,2.26,1.29,0.65,0.32,0.65,0.97,3.55,8.39,7.74,4.52,1.29,0.65,0.65,1.94,4.19,7.42,7.74,8.06,4.19,2.58,1.29,1.29,0.97,0.65,0.65,1.94,4.19
126633,"Whiskey Creek","Neighborhood","FL",1373,"Cape Coral-Fort Myers",394440,8.89,7.78,4.44,5.56,5.56,5.56,5.56,7.78,5.56,7.78,7.78,7.78,7.78,7.78,8.89,7.78,6.67,4.44,4.44,4.44,4.44,5.56,7.78,7.78,8.89,8.89,8.89,10,10,10,6.67,5.56,7.78,7.78,7.78,7.78,6.67,6.67,7.78,10,8.89,8.89,10,8.89,8.89,6.67,6.67,5.56,5.56,5.56,6.67,6.67,6.67,7.78,5.56,5.56,5.56,6.67,8.89,7.78,5.56,5.56,5.56,4.44,6.67,6.67,6.67,4.44,5.56,5.56,5.56,7.78,7.78,7.78,6.67,5.56,7.78,5.56,6.67,7.78,6.67,5.56,4.44,3.33,8.89,8.89,10,10,7.78,7.78,7.78,8.89,10,10,10,8.89,4.44,2.22,3.33,7.78,7.78,8.89,8.89,10,5.56,5.56
276439,"Marina","Neighborhood","CA",1376,"San Diego-Carlsbad",395056,0.69,0.69,0.34,0.34,1.72,3.79,3.79,4.48,4.14,3.79,3.1,3.79,3.79,4.48,2.76,1.38,0.69,1.03,1.38,1.03,1.38,2.07,1.72,1.38,1.38,1.38,2.07,1.38,1.72,1.03,1.38,0.69,1.03,0.69,0.34,0.34,1.72,2.41,2.41,2.41,2.76,2.76,2.41,3.79,5.52,5.52,5.52,2.07,1.38,0.34,0.34,0.69,0.69,2.07,1.03,0.34,0.34,1.38,3.79,4.14,3.79,2.76,1.72,0.69,0.34,0.69,0.69,1.03,1.38,2.41,1.72,0.69,0.69,0.69,1.38,1.03,1.03,0.69,0.69,0.69,1.72,1.72,1.03,0.34,0.34,0.34,0.34,0.34,0.34,0.34,1.03,1.03,0.69,0.69,0.69,0.69,0.69,0.69,0.34,0.34,0.34,0.34,0.34,0.34,0.34,0.34
417176,"North East Park","Neighborhood","FL",1377,"Tampa-St. Petersburg-Clearwater",395148,5.81,5.16,4.52,5.48,4.52,4.52,3.23,4.52,4.52,5.48,6.45,8.39,8.06,8.06,6.77,6.77,8.71,9.35,9.35,8.06,6.45,6.77,3.23,2.26,2.26,1.94,3.55,3.55,7.74,8.71,9.68,10,10,10,10,10,9.68,8.39,7.42,5.81,6.45,5.16,6.13,5.16,5.81,3.55,2.9,2.58,4.52,7.1,7.42,8.39,8.06,9.03,9.03,8.39,6.45,6.13,4.52,7.1,9.35,9.68,9.68,8.71,8.39,6.77,5.16,5.16,4.19,4.84,6.77,8.06,9.03,8.39,8.71,7.74,7.74,5.81,7.42,6.77,6.77,5.81,4.52,4.52,4.84,6.45,5.48,6.13,6.13,6.45,3.87,2.9,2.9,2.9,3.87,4.52,3.55,3.23,3.87,6.77,6.77,7.1,7.1,8.06,8.39,8.06
268618,"Belcaro","Neighborhood","CO",1380,"Denver-Aurora-Lakewood",394530,0.38,0.38,1.92,2.69,5.38,8.08,9.23,2.31,0.38,0.77,1.15,1.15,1.15,2.69,2.31,1.15,0.77,0.38,0.38,1.54,1.92,3.85,3.08,3.46,2.31,1.54,0.77,0.77,1.15,1.54,1.54,1.54,0.77,1.15,2.69,3.08,2.69,3.08,5.38,5.38,5.38,5.38,3.46,3.46,4.23,4.62,2.69,1.54,1.92,2.31,2.69,1.92,1.92,1.92,1.92,2.31,1.15,0.38,0.38,0.77,1.54,3.08,1.15,0.38,0.38,0.38,1.15,3.08,3.08,3.08,2.69,1.92,1.54,1.92,2.69,3.08,2.31,2.31,3.08,3.85,3.85,3.08,3.08,2.69,2.69,3.08,3.85,2.69,3.08,2.69,4.23,3.08,2.69,1.54,0.77,1.15,1.92,3.08,4.23,4.23,3.46,2.69,1.92,2.31,2.31,1.92
223246,"Society Hill","Neighborhood","PA",1381,"Philadelphia-Camden-Wilmington",394974,1.77,2.1,2.9,4.19,4.68,4.52,3.55,2.1,2.1,2.74,3.06,4.35,4.19,4.52,4.68,5.32,4.84,4.84,1.61,0.81,0.65,1.13,0.81,0.65,0.48,0.65,1.29,1.61,1.45,2.26,1.94,1.77,0.81,1.45,2.26,5.65,5.65,6.45,6.61,7.1,7.58,7.26,7.74,8.87,9.52,8.71,6.45,3.23,3.55,3.87,2.1,1.61,0.97,0.81,2.26,4.52,7.42,7.42,3.87,2.74,3.87,5.16,5.65,3.71,1.13,0.32,0.16,0.16,0.32,1.94,3.55,2.26,2.42,0.48,0.48,0.65,3.55,6.77,8.71,8.71,6.45,1.94,0.65,0.16,0.32,0.97,2.1,3.87,4.68,4.68,5.32,6.77,5.97,4.35,2.58,1.29,1.13,0.32,0.16,0.16,0.16,0.16,0.97,4.68,5.16,5.81
271116,"Northwest Heights","Neighborhood","OR",1382,"Portland-Vancouver-Hillsboro",394998,2,3.5,4.5,6.5,5.5,3.5,1.5,1.5,1,1,2,2.5,4,3.5,2.5,1.5,1.5,1.5,2,3,2.5,2,2,2,2.5,2,3,6,6.5,6,3,2.5,2,2,1.5,2,4,6.5,6,1,1.5,1.5,4.5,4.5,3,3,2.5,2.5,1,1,1.5,2,1.5,1.5,1,2.5,2.5,2.5,2,2,1.5,1.5,1.5,5,6.5,6,5,1.5,1.5,1,1,1,0.5,0.5,0.5,1,1.5,2.5,2.5,2,1,1,1.5,1.5,1,1.5,2.5,1.5,1,1,0.5,0.5,0.5,0.5,0.5,1,1,1,2,2,2,2.5,2,2,2,1.5
124508,"Garden Isles","Neighborhood","FL",1383,"Miami-Fort Lauderdale-West Palm Beach",394856,5.07,6.42,7.01,7.61,4.93,3.73,3.28,5.07,3.58,5.82,5.52,7.91,5.67,4.48,3.43,3.73,5.82,5.67,7.31,7.16,6.57,2.54,1.64,1.49,1.79,4.03,4.93,6.72,8.81,9.7,9.4,8.81,7.76,8.06,6.87,7.76,8.81,9.7,9.85,9.85,8.66,5.52,4.48,4.93,5.67,6.72,8.06,7.61,6.42,1.34,1.04,1.04,5.67,4.18,2.99,2.09,1.94,3.88,4.18,4.18,4.48,6.27,5.97,6.27,6.57,6.27,6.42,4.63,5.07,4.93,5.37,5.97,6.87,7.01,7.01,4.93,4.18,4.03,4.33,4.03,4.18,2.99,2.99,2.69,2.69,2.39,3.58,5.22,5.67,4.78,4.03,3.73,2.69,2.24,1.94,4.03,4.93,6.57,6.42,6.72,5.37,3.13,2.39,2.39,3.73,4.48
762707,"Far Southside","Neighborhood","TX",1384,"Abilene",394299,10,10,10,10,10,10,10,10,10,10,7.5,7.5,7.5,7.5,5,5,5,5,2.5,5,7.5,7.5,2.5,2.5,2.5,2.5,2.5,2.5,2.5,2.5,2.5,2.5,2.5,2.5,7.5,5,7.5,7.5,5,5,7.5,7.5,7.5,10,10,10,7.5,10,10,10,7.5,5,5,5,5,7.5,5,7.5,2.5,2.5,2.5,2.5,2.5,2.5,2.5,5,5,5,7.5,2.5,2.5,2.5,5,5,10,10,5,2.5,2.5,5,10,10,7.5,7.5,7.5,7.5,7.5,7.5,10,10,10,10,10,10,10,7.5,7.5,7.5,7.5,5,2.5,5,5,5,5,5
124244,"Eastern Shores","Neighborhood","FL",1385,"Miami-Fort Lauderdale-West Palm Beach",394856,7.31,6.72,3.58,4.48,2.99,3.28,2.09,3.13,3.43,2.54,1.34,1.79,2.84,5.52,5.67,5.52,4.78,4.93,5.37,4.63,4.93,3.58,5.22,6.57,8.06,7.16,7.16,6.57,5.97,5.37,5.97,6.57,5.52,4.18,2.24,1.94,2.39,4.03,3.58,2.69,1.79,2.69,3.28,4.18,4.33,5.22,3.88,3.43,4.48,6.12,6.27,5.22,2.09,1.79,3.58,5.67,7.16,5.52,5.37,2.39,0.75,0.3,0.6,0.3,0.3,0.15,0.45,0.6,0.6,1.19,2.24,2.39,3.13,2.24,1.34,0.9,1.04,1.04,0.75,0.75,1.04,2.09,3.58,3.88,3.88,3.73,4.33,3.28,3.28,2.24,2.24,1.79,1.49,1.34,0.75,0.75,2.09,4.18,5.22,4.63,5.22,5.82,5.22,3.58,1.94,2.84
623410,"South Pointe","Neighborhood","FL",1387,"Miami-Fort Lauderdale-West Palm Beach",394856,1.94,2.69,3.43,5.22,4.63,3.58,2.39,2.09,2.09,1.64,1.94,2.24,2.54,3.13,2.54,2.09,2.09,4.03,5.97,5.07,4.48,3.73,4.48,4.33,5.37,3.43,3.13,1.64,1.04,0.75,0.75,0.6,0.75,1.94,3.58,4.63,4.03,3.43,3.28,2.54,1.64,2.54,2.54,3.73,2.09,2.54,1.49,2.39,1.94,2.54,2.39,2.69,3.28,3.28,3.73,5.22,7.91,8.06,6.57,5.07,4.03,4.03,3.58,4.33,2.84,2.24,1.34,1.04,0.45,0.15,0.45,0.75,0.9,0.75,1.19,1.79,2.39,3.73,3.88,2.69,2.54,2.39,1.79,0.75,0.6,0.3,0.3,0.45,0.45,0.45,0.6,0.9,1.04,1.19,1.64,2.39,2.69,1.64,1.64,1.19,0.9,0.45,0.3,0.15,0.15,0.15
125649,"Palma Ceia","Neighborhood","FL",1388,"Tampa-St. Petersburg-Clearwater",395148,3.23,2.9,3.23,3.23,5.16,4.19,3.87,3.23,4.19,6.13,9.35,8.71,9.03,8.71,6.13,2.9,2.9,4.52,7.42,9.68,8.39,7.1,4.84,3.87,5.81,8.39,9.68,9.35,9.68,9.68,9.35,8.06,8.06,8.71,9.68,9.35,9.35,9.35,8.71,9.35,8.71,5.48,4.19,3.23,3.55,8.39,10,10,10,9.35,8.06,6.77,4.52,5.48,8.06,9.03,7.74,3.87,3.55,4.19,4.19,1.94,0.65,0.32,0.97,1.94,3.23,3.55,4.84,4.52,5.48,5.48,6.45,7.1,7.74,8.06,8.39,9.35,9.03,9.03,7.1,6.77,7.42,7.74,8.06,8.06,8.06,6.77,6.77,5.16,4.84,3.23,5.48,4.84,4.19,2.9,2.58,2.9,4.52,5.16,4.19,5.48,5.48,6.13,6.13,5.81
248426,"Westhaven","Neighborhood","VA",1389,"Virginia Beach-Norfolk-Newport News",395194,0.87,0.87,0.65,0.87,1.3,1.3,1.3,1.52,2.17,3.48,5.43,8.48,9.57,10,8.04,5.22,3.7,2.39,0.87,1.09,0.87,2.39,4.35,6.09,4.78,4.57,3.91,4.57,4.78,5.22,1.96,1.09,0.87,0.87,2.39,3.04,3.48,2.61,1.52,0.43,0.43,0.43,0.87,1.09,1.3,0.22,0.22,0.22,0.22,0.22,0.43,0.43,0.43,0.87,1.96,2.39,2.61,2.39,5.65,3.91,2.83,1.74,2.39,2.39,3.91,3.7,1.74,0.65,0.65,1.09,0.65,0.43,1.3,1.74,2.61,2.39,3.91,5,6.96,7.83,6.52,2.83,1.09,1.52,1.3,1.96,1.96,3.48,3.26,1.74,1.09,0.43,0.43,0.43,1.96,3.48,2.61,1.3,1.09,2.61,4.13,6.52,5,4.57,1.52,1.09
272954,"Beverly Woods","Neighborhood","NC",1390,"Charlotte-Concord-Gastonia",394458,8.82,8.24,7.06,8.24,8.24,8.24,8.24,7.65,7.65,7.06,7.65,7.65,6.47,5.88,5.29,5.88,5.88,5.88,8.82,6.47,5.88,7.65,8.24,6.47,5.88,3.53,4.71,3.53,2.94,2.94,3.53,5.88,5.29,2.35,1.18,1.18,1.76,5.29,7.06,8.82,10,8.24,2.94,2.35,1.76,1.76,0.59,1.18,2.94,5.29,4.71,5.29,5.29,6.47,5.88,5.29,3.53,1.18,0.59,1.18,1.18,2.94,4.12,2.94,1.76,1.76,1.76,3.53,2.94,4.12,2.94,2.94,2.35,2.94,2.94,2.35,2.94,1.76,2.94,3.53,5.29,5.29,4.12,2.94,1.76,1.18,1.76,2.94,4.71,4.71,5.88,3.53,2.94,1.76,2.35,2.35,1.76,2.35,2.35,2.94,5.29,3.53,2.35,1.76,4.12,4.12
21156,"Waretown","Neighborhood","NJ",1391,"New York-Newark-Jersey City",394913,6.99,5.04,2.39,0.62,0.35,0.44,0.8,2.12,3.63,4.87,4.87,6.19,7.43,8.32,8.85,8.5,8.41,8.41,8.14,3.19,0.44,0.35,0.88,6.46,7.79,8.05,7.96,7.7,6.28,5.13,3.27,2.48,2.12,3.01,5.49,8.14,8.85,7.26,4.78,3.81,4.87,7.26,3.54,1.15,1.5,5.84,9.29,9.29,9.2,8.67,7.79,5.49,5.75,6.11,8.67,8.94,8.94,7.79,5.22,3.19,3.19,3.1,3.01,2.83,4.34,5.49,6.46,6.19,7.52,7.26,7.61,7.61,7.7,7.43,6.64,7.17,1.5,0.97,0.44,5.75,5.84,8.5,7.52,6.37,3.72,3.63,2.21,2.48,1.86,1.86,2.39,3.98,5.04,7.17,8.32,9.03,9.03,9.29,8.5,8.58,6.99,6.28,6.99,8.23,9.2,9.2
417102,"Harwood Lane","Neighborhood","NC",1395,"Charlotte-Concord-Gastonia",394458,1.76,2.94,2.94,2.94,1.76,1.76,1.18,1.18,1.76,1.76,1.76,1.76,1.76,1.76,1.76,1.76,1.18,1.18,1.18,1.76,1.76,2.35,1.76,1.18,0.59,0.59,0.59,0.59,1.18,6.47,8.82,10,10,10,10,10,10,8.82,8.24,7.65,8.24,8.82,7.65,7.06,4.12,4.71,5.88,7.65,7.06,4.71,5.88,5.88,8.82,7.06,4.71,3.53,5.29,4.71,1.18,0.59,0.59,1.18,1.18,1.18,2.35,2.94,4.71,5.88,5.88,2.35,1.76,2.35,4.12,4.71,7.65,8.82,7.65,5.29,5.29,7.06,8.82,8.82,8.24,8.82,8.24,7.65,7.06,5.88,5.88,5.88,7.06,8.82,8.24,7.65,7.65,7.65,8.24,9.41,10,10,10,10,10,10,8.82,8.24
417151,"Downtown","Neighborhood","FL",1396,"Tampa-St. Petersburg-Clearwater",395148,5.16,5.81,5.48,5.81,5.81,2.9,2.26,1.29,1.29,0.65,0.97,1.61,2.9,3.23,3.55,3.55,3.87,3.55,4.52,4.52,3.23,3.55,6.45,7.1,7.42,8.06,7.42,6.77,3.87,3.55,5.81,8.71,9.35,8.06,6.45,4.52,3.23,4.84,5.48,7.1,6.77,7.1,7.74,8.71,8.39,6.77,6.77,8.06,9.68,10,9.35,7.42,7.1,6.77,6.77,5.48,2.26,0.65,0.32,0.32,1.61,5.81,8.39,10,10,10,7.42,4.19,2.58,2.26,1.94,2.26,4.84,5.81,6.77,4.19,4.84,3.23,4.19,3.87,2.9,1.61,2.26,3.87,5.16,5.81,6.45,8.39,8.71,9.03,9.03,8.71,7.42,6.45,6.77,8.06,9.03,9.03,9.68,9.68,9.68,9.03,6.45,5.16,4.84,3.87
126395,"The Meadows","Neighborhood","FL",1398,"North Port-Sarasota-Bradenton",753906,1.43,1.43,1.43,1.43,1.43,2.14,1.43,1.43,1.43,1.43,2.14,1.43,1.43,2.14,3.57,4.29,4.29,5,5.71,5,3.57,3.57,2.14,3.57,2.86,2.86,2.86,2.14,2.86,4.29,3.57,6.43,6.43,5.71,5.71,5,7.14,8.57,9.29,10,9.29,7.86,7.86,9.29,9.29,10,10,10,9.29,7.86,6.43,6.43,7.14,7.86,7.14,4.29,3.57,2.86,5,4.29,5.71,5.71,6.43,5.71,1.43,2.14,2.14,2.14,2.14,2.14,2.14,2.86,2.14,2.86,2.86,5,8.57,7.86,7.14,7.14,7.14,7.14,7.86,7.86,7.86,5.71,4.29,4.29,2.14,2.14,2.14,2.14,2.14,2.86,3.57,3.57,5.71,5.71,8.57,7.86,8.57,7.86,7.86,7.14,7.14,4.29
396668,"Holiday City South","Neighborhood","NJ",1399,"New York-Newark-Jersey City",394913,9.56,9.82,9.65,9.03,7.61,7.35,7.88,8.94,9.38,9.91,9.82,9.82,9.82,9.91,9.82,9.82,9.82,9.82,10,9.65,10,10,10,10,10,10,10,10,10,10,10,10,10,10,10,9.82,9.65,9.47,9.56,9.73,9.82,9.56,9.56,9.47,9.56,9.29,8.23,6.81,6.73,7.61,8.32,7.08,7.26,4.87,5.13,7.08,8.67,9.38,9.38,9.47,9.12,9.2,9.65,9.65,9.38,9.03,9.38,9.47,9.38,9.2,9.29,9.47,9.56,9.29,8.94,9.12,9.38,9.47,9.65,9.82,9.82,9.73,9.47,9.65,9.91,9.82,9.65,8.58,8.32,8.5,9.03,9.47,9.73,9.82,9.65,9.65,9.47,9.56,9.82,9.73,9.65,9.12,8.76,8.32,7.7,7.88
273604,"Edgewood","Neighborhood","GA",1401,"Atlanta-Sandy Springs-Roswell",394347,10,10,10,10,10,9.47,9.47,9.47,8.95,10,10,10,10,10,7.89,3.68,2.11,2.63,5.26,5.26,5.79,3.68,5.79,2.63,3.16,3.68,6.32,5.26,6.32,7.89,8.95,8.42,8.42,7.37,7.89,6.32,8.95,5.79,3.68,2.11,0.53,0.53,1.58,3.16,8.42,8.95,7.37,6.32,5.79,6.32,5.79,3.16,2.63,3.68,4.21,6.84,7.37,9.47,10,10,10,10,10,10,8.95,5.79,5.79,3.68,4.21,5.79,7.89,7.37,7.37,6.32,4.74,5.26,6.32,8.42,7.89,7.89,8.42,8.95,9.47,9.47,8.95,7.89,6.84,5.79,5.79,5.79,7.37,5.26,7.37,5.79,5.26,5.79,7.37,7.89,7.37,7.37,7.37,7.37,7.37,5.79,4.74,2.63
126511,"Villages of Oriole","Neighborhood","FL",1402,"Miami-Fort Lauderdale-West Palm Beach",394856,0.75,0.75,0.75,1.19,1.34,2.24,2.54,2.84,3.13,3.13,3.28,4.78,5.07,5.67,4.93,2.39,1.34,0.75,0.9,1.79,1.64,1.34,1.49,1.64,1.19,0.9,0.6,0.6,0.6,0.45,0.45,0.75,1.64,3.88,4.93,6.87,7.91,7.46,4.18,3.13,4.33,6.87,9.25,9.4,9.4,8.96,7.91,6.72,6.87,7.61,7.76,7.16,7.76,7.61,7.91,7.01,5.82,5.37,5.52,5.37,6.27,7.01,7.76,7.76,6.87,5.82,5.67,5.97,5.52,4.18,3.43,4.03,4.18,5.22,4.03,4.48,4.93,6.57,7.01,6.72,5.97,5.52,5.07,4.78,4.63,5.22,5.52,6.42,6.57,7.01,7.46,7.91,7.91,7.76,7.46,7.61,7.91,9.25,9.1,8.36,7.91,7.91,7.61,7.76,7.76,8.06
269325,"Garden Hills","Neighborhood","GA",1403,"Atlanta-Sandy Springs-Roswell",394347,7.37,7.89,7.89,7.89,7.89,8.42,7.37,6.84,5.26,4.74,3.68,4.74,6.32,5.79,7.37,6.84,3.68,0.53,0.53,0.53,1.58,2.11,2.11,1.58,1.58,1.05,0.53,1.05,1.58,2.63,3.16,3.16,2.11,1.05,1.05,1.05,1.05,1.05,1.58,1.05,1.05,2.11,2.11,1.58,1.58,1.05,1.58,2.63,4.74,5.26,4.74,2.11,2.11,1.05,1.58,1.58,1.05,1.05,1.05,0.53,0.53,1.05,1.58,4.74,4.21,4.74,4.74,3.16,1.58,1.05,1.05,2.11,2.11,2.11,3.68,3.16,2.63,0.53,0.53,0.53,1.05,1.05,0.53,0.53,0.53,0.53,0.53,1.58,4.74,3.68,2.63,0.53,1.05,2.11,3.68,4.21,2.63,1.58,0.53,0.53,0.53,1.05,0.53,0.53,0.53,0.53
126162,"Shore Acres","Neighborhood","FL",1404,"Tampa-St. Petersburg-Clearwater",395148,5.48,3.23,1.61,0.97,1.29,3.87,7.42,7.74,8.06,8.06,7.1,5.48,4.84,4.19,4.84,4.84,3.55,4.19,4.84,5.48,4.84,4.84,6.77,8.71,8.71,6.45,6.13,6.13,6.13,5.81,4.84,4.52,5.48,7.1,8.06,9.03,7.42,6.13,3.87,4.84,3.87,4.84,2.26,0.97,0.65,0.97,1.61,4.19,6.77,8.71,9.03,9.68,8.71,7.74,6.45,5.81,5.81,4.84,4.19,9.03,9.68,8.71,5.48,4.84,3.55,3.87,2.9,4.84,5.16,5.16,5.16,6.13,6.13,6.13,4.84,3.55,3.55,4.52,5.16,4.19,3.87,3.55,5.16,7.1,7.42,6.13,4.19,2.9,2.26,2.9,3.55,4.19,4.19,4.52,5.48,8.39,7.1,5.81,6.13,4.84,5.81,4.52,4.52,3.23,2.9,1.61
123507,"Avondale","Neighborhood","FL",1406,"Jacksonville",394714,3.67,3.67,3.67,3.33,2.67,2.67,2,2,2.67,4,2.33,1,1,1,3.67,7.67,8,7.33,7.33,7.67,8.33,8,7.33,6,5,2.67,1.67,1.67,2.33,4,4.67,5.67,6,5.33,4.33,3.33,4.33,5,7,6.67,4.67,4,3.33,6.33,7.33,8.33,8,8.67,9,6.67,1.67,1.33,1,1,1,1.33,3,5,5.33,4.33,3,4,4,4.33,3.67,3.67,3,2.33,1.33,1.33,1.67,0.67,2.33,3,5.67,6,6.33,4.67,4,3,2.67,2.33,2.33,1,1,1,2,2.67,1,0.33,0.33,0.67,1,4,2.67,1.67,2.33,2.33,2.33,1,1,0.33,1,1.33,2.33,2.67
738047,"Avalon Harbor","Neighborhood","FL",1407,"Miami-Fort Lauderdale-West Palm Beach",394856,4.93,4.93,5.22,4.93,5.37,4.18,3.13,2.24,2.84,2.99,2.84,2.69,2.24,2.24,1.64,1.34,1.19,1.19,0.75,0.45,0.3,0.6,2.39,1.94,1.49,1.34,1.49,1.94,1.49,1.04,0.9,2.99,2.99,1.79,1.19,2.24,5.37,8.06,7.31,5.22,4.93,6.57,7.16,7.01,4.93,3.88,2.69,3.28,3.73,5.37,4.78,6.27,6.27,6.27,4.03,0.6,0.3,0.3,2.09,5.82,7.31,7.46,7.61,7.46,7.46,6.87,6.87,6.87,6.42,6.27,5.07,5.52,5.67,6.12,7.16,8.06,8.51,6.27,4.93,4.48,4.33,4.33,4.48,5.07,5.37,6.72,6.57,5.07,4.18,3.88,5.82,5.82,6.72,6.57,6.72,7.16,6.42,4.48,3.28,1.49,2.99,4.93,7.31,6.72,5.82,5.82
125695,"Pecan Park","Neighborhood","FL",1408,"Jacksonville",394714,4,3.33,3,3.67,3,1.67,1.33,1.67,1.33,1,1.33,2.67,2.33,2.33,1.33,1.33,2,2,4,2,1,0.67,0.33,0.33,0.33,0.33,0.33,0.33,0.33,0.33,2,2,2,0.67,0.33,0.33,0.33,0.33,0.33,0.33,0.33,0.33,0.67,0.67,0.33,1,0.67,0.67,0.33,0.33,0.33,0.33,0.33,0.33,0.33,0.33,0.33,0.33,0.67,1.33,1.33,0.33,0.33,0.33,0.33,0.33,0.33,0.67,0.67,1,1,2,1.67,1,0.67,0.67,2,3.33,2.33,1.33,1,1.67,3,3.33,3.67,3.33,3.33,3.33,2.67,0.67,0.67,0.33,0.33,0.33,3.33,6.67,5.33,4,2.67,2,1.67,2,2,2.67,3.33,1.67
269209,"The Cape","Neighborhood","FL",1409,"Jacksonville",394714,6.67,7,8.67,8.33,8.33,7,7,6.67,6.67,6.33,6.67,7.67,7,7.33,5.33,4.33,4.67,3.67,5.33,4.67,5.33,5,4.33,2.67,3,3.67,3.67,5.67,7.67,9.33,9,4.67,2.33,1.33,1.33,1.33,1.67,2,3.33,1.33,0.67,1,1,1.33,2.67,5,6,5,2.67,1.33,0.67,0.67,0.67,0.67,0.67,0.67,0.67,2,3,3.67,6,5,3.33,3.67,2.67,2.67,2,2.67,3.67,5.67,3.33,3.67,3,4.67,4,5,4.33,5.67,5.33,6.67,7.33,6,5.33,5.33,5,4.33,1,0.33,0.33,1.67,3.67,3.67,4.67,6,7.33,6.33,6,5,5.33,5,3,4,6.33,8.33,7,6.33
126481,"Vamo","Neighborhood","FL",1410,"North Port-Sarasota-Bradenton",753906,4.29,2.14,2.14,2.86,3.57,2.86,2.86,3.57,5,7.14,7.14,7.14,7.14,5,4.29,3.57,3.57,3.57,5,5.71,7.14,8.57,7.86,6.43,5.71,5,6.43,7.86,10,10,8.57,3.57,2.14,3.57,5,7.14,8.57,7.14,5.71,7.14,8.57,7.14,2.14,4.29,3.57,5,5.71,4.29,5,5.71,8.57,9.29,5.71,1.43,1.43,1.43,4.29,5.71,2.86,2.14,2.86,3.57,2.14,4.29,2.14,1.43,0.71,1.43,0.71,1.43,2.86,3.57,2.86,2.14,0.71,1.43,1.43,5,7.86,6.43,5,3.57,2.14,2.86,3.57,3.57,3.57,3.57,5,6.43,8.57,6.43,5,3.57,2.86,2.14,2.86,3.57,2.86,2.86,1.43,1.43,2.14,5,2.86,2.86
123575,"Bayshore","Neighborhood","FL",1411,"Miami-Fort Lauderdale-West Palm Beach",394856,0.45,0.45,0.6,0.6,0.6,0.6,0.75,0.75,0.45,0.75,0.45,0.9,1.19,1.34,1.04,0.75,0.75,0.45,1.64,2.84,5.52,5.37,5.07,4.93,4.78,3.73,3.58,3.58,3.13,2.69,2.24,1.04,0.9,0.9,1.94,2.99,5.97,5.07,4.63,4.03,2.39,2.39,2.69,2.99,2.39,2.39,2.99,1.94,0.9,0.9,0.75,1.34,0.75,0.45,0.15,0.3,1.04,5.67,7.01,7.01,8.36,8.81,9.25,8.96,8.81,9.1,8.81,5.07,1.34,0.6,2.39,4.78,5.37,2.69,3.13,3.58,6.42,5.97,6.72,6.42,6.72,6.72,6.42,6.27,6.87,6.87,7.31,2.69,1.49,0.9,2.69,2.99,4.03,5.22,2.69,1.79,0.9,2.09,2.39,3.13,1.19,0.75,0.6,2.99,5.22,5.52
269158,"River Oaks","Neighborhood","FL",1412,"Miami-Fort Lauderdale-West Palm Beach",394856,0.6,0.6,0.45,0.45,0.45,0.45,0.45,0.45,0.15,0.15,0.15,0.15,0.3,0.3,0.45,0.6,1.49,2.09,1.79,1.19,1.04,1.49,3.58,4.03,4.33,4.33,6.27,6.87,9.1,9.4,9.55,9.25,8.66,8.51,5.07,4.33,3.73,4.93,6.12,6.72,7.01,8.06,7.01,7.76,8.36,9.4,9.55,9.7,9.85,9.7,9.85,9.85,8.51,6.72,5.52,3.28,0.6,0.75,4.63,8.51,7.91,4.93,4.33,3.73,4.63,4.78,4.78,4.18,3.88,3.28,1.79,1.19,0.75,1.04,1.64,2.54,2.24,1.94,2.39,3.73,6.87,7.61,8.21,7.31,8.21,7.61,6.72,5.52,5.07,5.97,7.01,8.21,8.66,8.66,8.51,8.36,8.96,10,9.7,9.25,7.46,6.27,5.97,4.48,2.24,1.19
269406,"Peachtree Heights West","Neighborhood","GA",1413,"Atlanta-Sandy Springs-Roswell",394347,9.47,9.47,9.47,9.47,9.47,10,10,10,9.47,9.47,9.47,9.47,9.47,9.47,9.47,10,8.42,6.84,4.74,2.63,2.11,5.79,8.42,5.26,3.68,2.63,2.11,2.11,0.53,0.53,1.05,1.58,1.05,0.53,0.53,0.53,0.53,0.53,1.05,5.79,7.37,3.68,1.05,0.53,0.53,0.53,0.53,1.05,3.68,4.74,6.32,3.68,3.16,1.58,1.05,1.05,0.53,0.53,0.53,1.05,1.05,0.53,0.53,0.53,1.05,0.53,0.53,0.53,0.53,0.53,0.53,0.53,0.53,0.53,0.53,0.53,0.53,1.58,1.58,1.58,0.53,0.53,1.05,3.68,3.16,2.11,1.05,0.53,1.58,3.16,1.58,1.58,0.53,0.53,0.53,1.05,1.58,2.11,2.63,1.58,1.05,0.53,1.58,2.11,3.16,4.21
268887,"Beach Park","Neighborhood","FL",1414,"Tampa-St. Petersburg-Clearwater",395148,1.94,1.61,1.29,2.26,2.9,3.23,3.55,2.9,1.94,1.61,1.94,2.26,2.26,1.29,2.26,2.26,2.58,2.58,1.61,1.29,0.97,1.29,1.94,6.13,7.1,9.35,10,10,8.71,7.74,6.45,6.77,7.1,4.52,2.9,3.55,5.16,6.45,8.39,8.71,7.74,5.81,5.81,4.84,5.48,4.19,5.16,4.84,5.48,4.52,6.13,5.48,3.55,1.94,4.84,6.45,7.1,2.9,0.65,0.65,1.94,3.55,0.97,0.65,0.32,0.65,0.65,0.32,0.32,1.94,4.52,4.84,3.87,3.55,2.58,3.87,5.81,7.1,4.84,3.55,2.58,3.23,2.9,1.94,1.61,0.97,0.97,0.65,0.65,0.65,2.58,4.52,2.58,1.61,1.29,1.61,1.61,0.32,0.32,0.32,0.32,0.32,0.97,0.97,0.97,1.29
268632,"Central Business District","Neighborhood","CO",1415,"Denver-Aurora-Lakewood",394530,9.62,9.62,8.46,9.62,9.62,10,9.62,9.62,9.62,9.62,9.62,9.23,9.23,9.62,8.08,7.31,5,4.62,4.23,5.38,5.77,4.23,3.46,2.31,1.15,0.77,0.38,0.38,0.38,0.38,0.38,0.77,1.54,1.92,3.08,1.15,1.54,1.15,1.15,1.15,2.31,3.46,3.85,6.15,6.92,7.31,5.38,1.92,1.15,1.15,2.31,5,6.54,7.31,6.92,3.46,3.08,4.62,6.92,7.31,5,3.46,3.46,2.31,2.31,2.69,1.92,1.15,1.15,1.54,3.46,3.46,4.23,3.85,5,3.85,2.69,1.15,0.77,1.54,2.69,2.69,1.92,1.15,1.15,1.92,1.92,1.54,0.38,0.38,0.38,0.38,2.31,1.92,2.69,2.69,2.31,2.31,3.08,3.85,3.08,1.92,2.69,3.46,5.77,3.85
273192,"Central Business District","Neighborhood","FL",1416,"Orlando-Kissimmee-Sanford",394943,10,10,10,10,10,10,9,9,10,9,9,10,10,10,10,10,9,8,9,10,10,10,8,7,7,8,9,10,10,9,8,8,9,10,7,4,2,2,2,2,4,1,1,1,3,8,10,10,10,10,10,9,10,9,9,9,9,8,3,2,1,1,1,1,1,1,1,1,1,1,2,1,1,1,1,1,1,1,1,1,1,1,1,2,5,5,4,3,2,2,5,9,9,7,4,3,3,3,5,2,1,1,1,1,1,1
417710,"Trilogy","Neighborhood","CA",1417,"Riverside-San Bernardino-Ontario",395025,5.71,5,4.29,1.43,2.14,3.57,5.71,7.86,7.14,7.14,5.71,6.43,6.43,5.71,6.43,5,5,7.14,7.86,7.14,4.29,3.57,3.57,3.57,2.86,2.14,4.29,5.71,6.43,5,2.14,1.43,1.43,1.43,2.14,2.14,6.43,7.14,7.14,3.57,2.86,2.86,4.29,3.57,2.86,2.86,2.86,4.29,4.29,3.57,2.86,4.29,2.14,1.43,1.43,1.43,2.14,2.86,2.14,1.43,1.43,2.14,2.14,1.43,0.71,2.14,5,4.29,2.14,2.14,2.14,5,5,5,2.14,1.43,1.43,2.86,3.57,4.29,4.29,4.29,5,4.29,4.29,3.57,2.86,2.86,1.43,1.43,2.14,2.14,4.29,3.57,3.57,2.86,2.14,1.43,2.14,5,4.29,5,4.29,2.14,0.71,0.71
53448,"Mountain House","Neighborhood","CA",1421,"Stockton-Lodi",395134,3.33,10,10,10,6.67,6.67,6.67,10,10,10,10,10,3.33,6.67,10,10,6.67,10,10,10,10,10,10,10,10,10,10,10,10,10,10,10,10,10,10,10,10,6.67,10,6.67,6.67,10,10,10,10,10,10,10,10,10,10,6.67,6.67,10,10,10,10,10,10,10,10,6.67,6.67,10,10,10,10,10,10,10,10,6.67,6.67,6.67,6.67,6.67,10,10,10,10,10,10,10,10,10,10,10,10,10,10,10,10,10,10,10,10,6.67,3.33,3.33,3.33,6.67,6.67,6.67,6.67,3.33,3.33
269447,"Underwood Hills","Neighborhood","GA",1423,"Atlanta-Sandy Springs-Roswell",394347,5.79,5.79,8.42,8.42,8.42,7.89,6.84,5.26,4.21,4.21,4.74,6.32,7.37,6.32,4.74,6.32,6.84,5.26,3.68,3.16,3.68,1.58,0.53,0.53,0.53,0.53,1.05,0.53,1.05,1.58,5.26,5.79,5.26,4.74,5.26,7.37,7.89,8.95,7.89,7.37,8.42,8.95,9.47,8.95,6.32,5.26,5.79,5.79,5.26,4.21,5.26,6.84,8.95,6.32,4.74,4.21,5.26,5.26,7.37,9.47,9.47,9.47,9.47,8.42,7.37,4.21,2.11,1.58,3.16,3.16,4.21,6.32,7.89,7.89,8.42,8.42,7.89,6.32,3.16,3.68,5.26,8.42,8.42,8.95,9.47,10,9.47,8.95,8.95,8.95,9.47,8.42,8.42,8.95,8.95,8.42,8.95,8.95,9.47,8.95,8.42,8.42,8.42,8.42,9.47,6.84
51643,"Daniel Island","Neighborhood","SC",1424,"Charleston-North Charleston",394457,10,10,10,10,10,10,10,10,10,10,10,10,10,10,10,10,10,10,10,10,10,10,10,10,10,10,10,10,10,10,10,10,10,10,10,10,10,10,10,10,10,10,10,10,10,10,10,10,10,10,10,10,10,10,10,10,10,10,10,10,10,10,10,10,10,10,10,10,10,10,10,10,10,10,10,10,10,10,10,10,10,10,10,10,10,10,10,10,10,10,10,10,10,10,10,10,10,10,10,10,10,10,10,10,10,10
760925,"The Brooks","Neighborhood","FL",1426,"Cape Coral-Fort Myers",394440,2.22,2.22,2.22,2.22,2.22,1.11,1.11,1.11,1.11,1.11,1.11,1.11,1.11,1.11,1.11,1.11,1.11,2.22,3.33,3.33,3.33,3.33,1.11,1.11,1.11,1.11,1.11,1.11,1.11,1.11,1.11,1.11,1.11,1.11,1.11,1.11,1.11,1.11,1.11,1.11,1.11,1.11,1.11,1.11,1.11,1.11,1.11,1.11,1.11,2.22,2.22,2.22,1.11,1.11,2.22,2.22,2.22,3.33,2.22,2.22,4.44,1.11,2.22,2.22,3.33,4.44,5.56,3.33,3.33,3.33,3.33,3.33,4.44,4.44,4.44,4.44,4.44,1.11,1.11,1.11,1.11,2.22,2.22,2.22,1.11,1.11,1.11,2.22,2.22,2.22,4.44,6.67,7.78,8.89,6.67,5.56,1.11,1.11,1.11,2.22,2.22,2.22,1.11,1.11,1.11,1.11
270315,"Fourth Ward","Neighborhood","NC",1427,"Charlotte-Concord-Gastonia",394458,1.18,1.18,1.18,1.18,1.18,0.59,0.59,0.59,0.59,0.59,0.59,0.59,0.59,0.59,0.59,0.59,0.59,0.59,0.59,1.18,1.18,1.18,1.18,1.76,1.76,2.35,3.53,4.12,2.35,2.35,2.94,3.53,4.12,2.94,2.94,3.53,5.88,8.24,8.82,8.24,7.65,5.29,3.53,3.53,2.35,2.94,2.35,4.12,1.76,2.35,2.94,2.35,1.18,1.76,2.94,2.94,2.94,5.29,6.47,5.88,1.76,0.59,0.59,1.76,3.53,4.71,7.65,4.71,5.29,5.29,3.53,3.53,2.94,3.53,5.29,4.71,4.71,2.94,1.18,1.18,1.76,2.94,5.29,4.71,5.88,5.29,5.29,4.12,2.94,2.94,1.76,1.76,1.76,2.94,2.94,2.94,2.35,1.18,1.18,0.59,1.18,2.35,2.94,4.12,2.35,2.35
242806,"Cradock","Neighborhood","VA",1428,"Virginia Beach-Norfolk-Newport News",395194,9.35,9.13,9.13,9.35,9.57,8.7,6.74,4.35,1.74,1.09,0.87,0.87,0.87,0.87,0.87,0.87,1.09,1.09,1.3,1.52,2.39,2.61,4.13,4.57,5.43,5,5.22,5,5.87,5.43,4.35,3.26,1.74,0.65,0.43,0.43,0.22,0.87,2.17,3.91,3.91,5.65,6.74,4.78,3.7,1.3,0.87,1.52,1.3,2.83,5.22,7.39,9.13,3.7,1.09,0.22,1.52,4.35,9.13,6.09,6.09,3.91,3.91,1.52,0.87,0.22,0.43,0.43,0.22,0.22,0.22,1.96,2.83,3.48,3.26,2.17,1.96,0.87,2.17,2.17,1.96,1.3,1.3,1.09,0.87,0.65,1.3,2.17,2.17,3.26,3.7,4.35,2.83,2.61,3.91,3.26,1.3,0.43,0.22,0.43,1.3,4.13,4.78,3.91,1.74,0.65
275333,"Seven Oaks","Neighborhood","CA",1430,"Bakersfield",394357,10,10,10,10,10,10,10,10,10,10,10,10,5,5,5,10,10,10,10,10,5,5,5,10,10,10,10,10,10,10,10,10,10,10,5,10,10,10,10,10,5,5,5,5,5,5,5,10,10,10,5,5,5,5,10,10,10,5,10,10,10,5,5,10,10,5,5,5,10,10,10,10,10,10,10,10,10,10,10,5,5,5,5,5,5,10,10,10,10,10,10,10,5,5,5,5,5,5,5,5,10,10,10,10,5,5
763473,"Terravista","Neighborhood","TX",1431,"Austin-Round Rock",394355,3.33,3.33,3.33,3.33,6.67,6.67,3.33,3.33,3.33,3.33,3.33,6.67,6.67,6.67,3.33,3.33,3.33,6.67,6.67,6.67,6.67,6.67,6.67,3.33,3.33,3.33,3.33,3.33,3.33,3.33,3.33,3.33,3.33,3.33,3.33,3.33,3.33,3.33,3.33,3.33,3.33,3.33,3.33,3.33,3.33,3.33,3.33,6.67,3.33,6.67,6.67,6.67,6.67,6.67,6.67,6.67,6.67,6.67,6.67,3.33,3.33,3.33,3.33,3.33,3.33,6.67,6.67,3.33,3.33,6.67,3.33,3.33,3.33,3.33,3.33,3.33,3.33,3.33,3.33,3.33,3.33,3.33,3.33,3.33,3.33,10,10,10,6.67,6.67,6.67,6.67,3.33,3.33,3.33,3.33,3.33,6.67,6.67,6.67,6.67,3.33,3.33,6.67,6.67,6.67
151552,"Ellerbe Woods","Neighborhood","LA",1432,"Shreveport-Bossier City",395096,10,10,10,10,10,10,10,10,8.33,6.67,6.67,5,3.33,1.67,1.67,1.67,1.67,1.67,1.67,1.67,5,6.67,5,3.33,1.67,1.67,1.67,1.67,1.67,1.67,1.67,1.67,1.67,1.67,1.67,1.67,1.67,1.67,3.33,3.33,3.33,3.33,3.33,3.33,3.33,1.67,3.33,5,1.67,1.67,1.67,1.67,1.67,1.67,6.67,6.67,5,5,6.67,3.33,1.67,1.67,1.67,1.67,1.67,3.33,6.67,8.33,8.33,3.33,1.67,1.67,1.67,1.67,1.67,3.33,1.67,1.67,1.67,3.33,6.67,8.33,8.33,5,3.33,1.67,1.67,3.33,6.67,6.67,8.33,8.33,6.67,8.33,8.33,5,5,3.33,5,5,3.33,1.67,1.67,1.67,3.33,6.67
33271,"Osterville","Neighborhood","MA",1433,"Barnstable Town",394361,2.5,2.5,2.5,2.5,3.75,3.75,3.75,6.25,7.5,5,5,3.75,3.75,3.75,3.75,3.75,2.5,1.25,1.25,1.25,1.25,1.25,1.25,1.25,1.25,2.5,2.5,3.75,5,6.25,2.5,1.25,2.5,1.25,1.25,1.25,2.5,2.5,5,3.75,2.5,2.5,3.75,3.75,5,2.5,5,2.5,3.75,1.25,1.25,1.25,1.25,1.25,1.25,1.25,5,6.25,6.25,6.25,2.5,8.75,10,10,6.25,2.5,2.5,2.5,2.5,7.5,3.75,1.25,1.25,1.25,2.5,2.5,2.5,1.25,1.25,1.25,1.25,2.5,7.5,8.75,5,1.25,1.25,1.25,2.5,5,1.25,1.25,1.25,8.75,6.25,2.5,1.25,1.25,5,3.75,3.75,1.25,1.25,1.25,1.25,3.75
623389,"Summit West","Neighborhood","OR",1434,"Bend-Redmond",394380,3.33,3.33,4.44,4.44,4.44,4.44,5.56,4.44,5.56,4.44,3.33,3.33,3.33,3.33,2.22,3.33,3.33,3.33,3.33,3.33,2.22,2.22,2.22,2.22,3.33,5.56,7.78,10,10,10,6.67,5.56,3.33,3.33,2.22,3.33,4.44,4.44,5.56,3.33,2.22,2.22,2.22,2.22,2.22,4.44,5.56,6.67,5.56,3.33,1.11,1.11,3.33,3.33,4.44,5.56,3.33,2.22,2.22,2.22,2.22,4.44,3.33,3.33,2.22,1.11,1.11,2.22,1.11,2.22,2.22,2.22,3.33,4.44,4.44,6.67,10,10,10,7.78,6.67,4.44,3.33,3.33,4.44,5.56,8.89,8.89,10,10,10,7.78,7.78,6.67,7.78,6.67,8.89,7.78,7.78,6.67,4.44,4.44,4.44,4.44,4.44,4.44
420250,"Sendera Ranch","Neighborhood","TX",1436,"Dallas-Fort Worth-Arlington",394514,4.84,4.52,3.23,2.58,4.19,7.42,9.03,4.84,0.65,0.32,0.32,0.32,0.65,1.61,1.61,1.94,0.97,0.65,0.65,1.29,2.26,0.97,1.29,1.29,0.97,0.65,0.65,0.32,0.32,0.65,0.97,1.61,2.26,1.61,1.94,2.26,2.9,4.19,6.13,4.19,3.23,2.26,2.26,3.87,4.84,6.13,5.48,6.13,4.84,4.84,3.23,3.55,4.52,4.84,5.48,6.77,7.42,7.74,7.42,8.39,6.45,5.48,2.9,2.9,5.16,8.71,9.68,9.35,9.35,8.71,7.74,7.74,7.1,6.45,5.48,6.13,7.1,8.39,8.39,7.74,7.74,7.42,7.74,7.74,8.06,7.74,6.77,6.13,5.16,6.45,5.81,5.81,6.13,6.13,6.77,6.45,7.1,7.1,7.42,3.55,2.9,4.52,6.45,7.1,7.74,8.71
276507,"Park Shore","Neighborhood","FL",1437,"Naples-Immokalee-Marco Island",394901,2,2,2,2,2,2,6,6,6,8,8,6,6,8,10,8,8,10,8,8,4,2,2,2,4,6,6,4,4,2,2,4,4,6,10,8,8,6,6,4,2,2,2,2,2,2,2,2,2,8,10,10,10,10,10,10,10,6,4,4,4,4,4,4,2,4,8,8,6,8,4,4,4,2,4,6,10,10,10,10,8,6,4,2,2,4,4,4,4,4,4,2,2,8,10,8,8,8,4,6,6,6,6,6,4,6
269924,"Upper Fells Point","Neighborhood","MD",1439,"Baltimore-Columbia-Towson",394358,3.33,2.5,3.33,3.33,4.17,3.33,3.33,5,6.67,6.67,6.67,5.83,5,4.17,5,4.17,4.17,4.17,4.17,3.33,3.33,1.67,1.67,2.5,2.5,1.67,1.67,2.5,2.5,2.5,5,6.67,9.17,8.33,8.33,7.5,9.17,9.17,10,9.17,10,10,10,4.17,0.83,0.83,0.83,0.83,0.83,1.67,8.33,6.67,2.5,0.83,0.83,0.83,1.67,0.83,0.83,1.67,2.5,6.67,3.33,0.83,0.83,0.83,0.83,0.83,0.83,1.67,7.5,5,1.67,1.67,0.83,0.83,0.83,0.83,2.5,3.33,5,6.67,5,3.33,2.5,4.17,10,7.5,1.67,0.83,0.83,1.67,4.17,6.67,5,3.33,0.83,0.83,0.83,0.83,0.83,0.83,1.67,2.5,5,4.17
129069,"Grove Park","Neighborhood","GA",1442,"Atlanta-Sandy Springs-Roswell",394347,5.26,6.84,6.84,6.32,6.32,6.32,6.32,7.37,6.32,5.26,4.21,4.21,5.26,5.26,3.68,2.63,4.21,4.21,3.16,2.11,1.05,1.05,1.05,1.05,1.05,1.58,1.58,1.58,2.11,1.05,1.58,1.05,1.58,2.11,1.58,1.58,1.58,3.16,6.32,5.26,5.26,6.32,7.89,7.89,5.26,2.63,1.05,0.53,0.53,0.53,0.53,0.53,1.05,2.11,2.63,2.11,2.11,1.58,3.68,4.74,8.95,6.32,1.05,1.05,0.53,1.05,2.63,6.32,6.84,3.68,2.63,1.58,1.58,1.58,1.05,1.05,1.05,2.63,4.21,3.16,3.16,3.68,3.68,4.21,4.21,4.74,6.32,8.42,9.47,9.47,8.95,9.47,10,10,10,6.84,5.26,6.84,8.95,8.42,8.95,8.95,8.95,7.89,8.42,9.47
623390,"Century West","Neighborhood","OR",1443,"Bend-Redmond",394380,4.44,4.44,3.33,3.33,3.33,3.33,3.33,2.22,2.22,1.11,1.11,1.11,1.11,1.11,1.11,1.11,1.11,1.11,1.11,2.22,3.33,3.33,6.67,5.56,5.56,3.33,2.22,1.11,1.11,1.11,3.33,3.33,2.22,2.22,4.44,5.56,7.78,6.67,6.67,6.67,5.56,4.44,3.33,3.33,4.44,5.56,6.67,3.33,2.22,2.22,3.33,4.44,5.56,4.44,7.78,8.89,8.89,7.78,5.56,4.44,4.44,2.22,1.11,1.11,1.11,2.22,4.44,4.44,4.44,4.44,6.67,8.89,10,10,5.56,2.22,1.11,1.11,1.11,1.11,2.22,2.22,2.22,2.22,3.33,3.33,7.78,6.67,2.22,2.22,2.22,3.33,2.22,2.22,1.11,1.11,1.11,2.22,2.22,2.22,3.33,3.33,6.67,8.89,7.78,7.78
415565,"Lake Country","Neighborhood","TX",1444,"Dallas-Fort Worth-Arlington",394514,6.13,6.77,7.1,7.74,7.1,5.81,5.81,7.42,6.77,7.1,7.1,7.74,6.45,6.45,5.81,6.13,5.16,3.23,2.26,0.97,0.97,0.65,0.65,0.97,1.29,1.61,1.61,0.97,0.97,0.97,0.65,0.65,1.61,3.23,0.97,0.32,0.32,0.65,4.19,9.68,9.03,9.68,4.19,1.94,0.32,1.29,1.29,1.94,1.61,1.29,0.65,0.32,0.32,0.32,0.97,3.55,2.9,1.61,1.61,2.26,1.29,1.61,2.26,3.23,0.97,0.97,0.32,0.32,0.32,1.29,3.23,4.19,3.23,2.58,1.61,1.29,0.65,0.97,1.29,1.94,2.9,3.55,2.58,2.26,1.61,1.61,1.94,1.61,1.61,1.94,2.58,5.16,4.84,5.48,5.48,5.81,5.81,4.52,5.48,5.48,4.19,2.9,2.58,3.55,3.23,3.23
274586,"Moorings","Neighborhood","FL",1445,"Naples-Immokalee-Marco Island",394901,8,6,6,6,10,8,8,8,8,6,4,2,2,4,4,4,6,6,6,4,6,6,8,8,8,4,4,6,6,6,6,6,6,4,2,2,2,8,8,8,8,6,4,6,6,6,6,6,6,6,6,4,2,2,2,6,6,4,6,6,6,6,6,8,10,10,4,6,10,10,10,8,6,6,6,4,2,2,2,4,4,4,6,8,8,8,6,6,10,8,10,8,8,6,2,2,2,4,8,8,8,8,8,4,6,4
414277,"Maple Ridge","Neighborhood","OK",1446,"Tulsa",395169,10,10,10,10,10,10,10,10,6.67,6.67,6.67,6.67,6.67,10,6.67,6.67,10,10,10,10,10,6.67,6.67,3.33,3.33,6.67,10,10,6.67,3.33,3.33,3.33,6.67,10,6.67,3.33,3.33,6.67,10,10,10,10,10,10,10,10,10,10,3.33,3.33,3.33,3.33,3.33,3.33,6.67,10,6.67,10,10,10,6.67,6.67,6.67,6.67,6.67,6.67,6.67,6.67,3.33,3.33,3.33,3.33,3.33,6.67,6.67,6.67,6.67,6.67,6.67,3.33,6.67,6.67,10,10,6.67,3.33,3.33,3.33,3.33,3.33,3.33,6.67,3.33,6.67,6.67,6.67,6.67,6.67,6.67,3.33,3.33,3.33,3.33,6.67,10,6.67
123709,"Boca Pointe","Neighborhood","FL",1447,"Miami-Fort Lauderdale-West Palm Beach",394856,6.87,7.01,7.76,8.06,8.51,8.81,8.06,7.61,5.22,3.73,3.13,2.99,3.13,2.09,1.34,0.9,0.6,0.6,0.6,0.9,0.6,0.45,0.3,0.45,0.45,0.3,0.45,0.45,0.75,0.9,2.54,2.09,1.04,1.04,0.75,0.9,1.19,3.13,5.52,7.01,4.03,1.04,0.6,1.79,4.63,7.91,8.81,7.91,6.72,5.97,5.67,4.18,1.94,2.54,3.88,6.12,5.07,4.48,2.24,3.43,3.88,3.58,3.13,1.79,1.04,1.04,1.19,1.79,3.28,4.63,5.97,4.93,5.22,5.37,5.67,3.43,2.69,3.28,4.63,5.22,5.37,5.82,4.78,4.63,6.42,8.06,8.36,7.16,5.82,4.18,3.58,4.18,5.37,6.42,6.57,6.72,5.37,3.73,3.73,4.18,4.78,4.48,3.73,3.13,2.99,3.28
269208,"Tarpon River","Neighborhood","FL",1449,"Miami-Fort Lauderdale-West Palm Beach",394856,8.51,8.21,8.21,8.21,7.76,6.57,5.82,5.67,7.46,2.84,1.19,0.45,0.6,0.6,0.3,0.3,0.3,0.3,0.3,0.15,0.15,0.15,0.6,0.75,0.9,1.04,0.9,0.9,3.28,8.66,8.36,7.16,6.87,5.07,4.48,2.84,2.84,2.84,4.33,5.07,4.78,3.73,2.84,2.84,3.88,5.97,6.27,5.52,4.78,3.58,3.88,4.63,5.22,6.12,5.82,5.82,3.58,1.94,0.3,0.3,1.79,4.78,5.07,2.54,3.28,3.88,7.01,5.37,4.48,3.43,5.67,7.16,8.51,6.87,4.48,3.13,3.13,2.54,3.58,6.27,8.66,8.66,8.51,8.21,6.72,6.57,6.87,7.31,5.22,4.48,3.88,5.67,4.93,5.97,6.42,5.52,3.88,2.84,3.13,3.88,4.93,6.87,5.52,4.63,3.28,3.13
273498,"Downtown","Neighborhood","FL",1451,"Miami-Fort Lauderdale-West Palm Beach",394856,2.24,2.09,2.09,1.79,2.09,2.84,3.43,2.99,1.64,1.19,0.75,0.6,0.45,1.19,2.69,5.97,4.33,3.58,4.18,6.72,7.76,7.46,7.91,7.31,6.87,6.72,6.42,6.27,8.21,7.91,7.16,8.06,9.25,9.85,8.96,8.51,6.57,5.82,3.88,5.52,5.52,5.07,3.88,1.94,1.49,0.9,0.9,1.79,2.99,4.63,6.42,5.37,4.33,4.03,5.67,5.52,3.13,3.58,3.73,5.52,5.67,3.73,3.28,1.94,3.58,3.13,2.09,0.75,0.9,1.34,2.09,1.79,1.19,0.6,1.04,0.75,1.64,1.34,0.9,0.6,0.6,0.3,0.3,0.3,0.75,0.75,0.45,0.3,0.3,0.3,0.75,1.49,1.94,4.33,6.87,8.06,7.61,6.42,5.97,5.97,5.67,4.18,2.69,1.79,1.79,0.9
269929,"Washington Village","Neighborhood","MD",1452,"Baltimore-Columbia-Towson",394358,5.83,5,6.67,5.83,5.83,6.67,8.33,8.33,7.5,8.33,8.33,8.33,8.33,8.33,8.33,8.33,7.5,6.67,7.5,5,4.17,4.17,6.67,6.67,6.67,5.83,5.83,5,5,5,2.5,2.5,1.67,2.5,3.33,1.67,1.67,0.83,0.83,1.67,2.5,1.67,2.5,2.5,1.67,1.67,1.67,2.5,3.33,2.5,3.33,5,5.83,5,2.5,2.5,0.83,1.67,3.33,3.33,1.67,4.17,2.5,3.33,3.33,3.33,3.33,3.33,1.67,0.83,2.5,1.67,3.33,3.33,2.5,3.33,5,4.17,4.17,4.17,3.33,4.17,4.17,5,4.17,1.67,1.67,5,5,5.83,5.83,4.17,3.33,1.67,4.17,5,5,5,5,5,5,5.83,6.67,4.17,3.33,5.83
271899,"Latah Valley","Neighborhood","WA",1453,"Spokane-Spokane Valley",395113,1.25,1.25,1.25,1.25,1.25,1.25,1.25,1.25,1.25,1.25,1.25,1.25,1.25,1.25,1.25,1.25,1.25,2.5,3.75,3.75,2.5,2.5,2.5,2.5,2.5,2.5,2.5,2.5,2.5,1.25,1.25,1.25,1.25,1.25,1.25,1.25,1.25,1.25,1.25,1.25,1.25,1.25,1.25,2.5,2.5,1.25,1.25,1.25,1.25,1.25,1.25,1.25,1.25,1.25,1.25,1.25,1.25,1.25,1.25,1.25,1.25,1.25,1.25,1.25,1.25,2.5,1.25,1.25,1.25,1.25,1.25,1.25,1.25,1.25,1.25,1.25,1.25,1.25,1.25,1.25,1.25,1.25,1.25,1.25,1.25,1.25,1.25,1.25,1.25,1.25,1.25,1.25,1.25,1.25,1.25,1.25,2.5,2.5,2.5,2.5,1.25,1.25,1.25,1.25,1.25,1.25
180286,"Bayshore","Neighborhood","NC",1454,"Wilmington",395229,6,6,6,6,4,4,4,8,10,10,10,10,10,10,10,10,8,8,4,4,4,6,6,8,8,8,10,10,10,10,8,6,6,6,6,4,6,8,8,8,8,8,8,8,8,8,8,8,8,6,6,4,6,6,6,4,2,2,2,2,2,2,2,2,2,2,6,8,4,4,2,2,2,2,2,2,2,2,4,4,4,4,4,2,2,2,2,2,2,4,6,8,4,4,6,8,8,4,4,2,2,2,2,2,2,2
275031,"Pineapple Park - Ibis","Neighborhood","FL",1456,"Miami-Fort Lauderdale-West Palm Beach",394856,0.15,0.15,0.15,0.15,0.15,0.15,0.15,0.15,0.9,1.94,4.18,2.84,2.99,2.54,1.49,1.19,0.9,1.04,1.04,0.75,0.45,0.3,0.15,0.6,0.6,0.45,0.3,0.3,0.3,0.15,0.15,0.15,0.15,0.3,0.3,0.3,0.3,0.15,0.15,0.15,0.15,0.15,0.3,0.75,1.34,0.75,0.3,0.3,0.3,0.3,0.3,0.15,0.3,0.6,0.75,0.45,0.45,0.45,0.6,0.6,0.45,0.45,0.45,0.45,0.75,0.45,0.9,1.19,1.94,0.9,0.3,0.15,0.3,0.45,0.6,0.6,0.3,0.15,0.15,0.15,0.15,0.15,0.15,0.15,0.15,0.15,0.15,0.15,0.15,0.15,0.15,1.19,0.9,0.6,0.9,0.45,0.3,0.3,0.3,0.3,0.3,0.3,1.04,4.03,4.18,3.43
4347,"Dennis Port","Neighborhood","MA",1457,"Barnstable Town",394361,10,10,10,7.5,1.25,1.25,1.25,1.25,6.25,10,8.75,7.5,10,10,10,10,7.5,7.5,10,8.75,6.25,3.75,6.25,8.75,10,10,10,10,10,10,8.75,2.5,1.25,2.5,8.75,10,10,10,10,10,10,8.75,2.5,1.25,1.25,1.25,1.25,10,1.25,3.75,8.75,8.75,8.75,8.75,7.5,7.5,7.5,7.5,7.5,7.5,8.75,10,8.75,3.75,3.75,5,5,8.75,10,10,10,10,8.75,6.25,1.25,1.25,1.25,3.75,5,6.25,10,10,10,5,1.25,5,6.25,2.5,1.25,1.25,3.75,10,10,10,10,10,10,10,10,10,10,10,8.75,8.75,8.75,8.75
270767,"The Strip","Neighborhood","NV",1459,"Las Vegas-Henderson-Paradise",394775,10,9.59,8.98,8.98,8.78,8.16,1.22,0.2,0.2,0.41,0.61,5.71,9.18,9.39,9.18,4.9,0.61,0.2,0.61,0.82,1.22,1.02,2.24,2.45,2.24,4.29,6.12,5.51,3.27,1.84,2.04,4.29,7.14,5.1,1.84,0.2,0.2,0.2,0.2,0.2,0.2,0.41,0.41,0.82,1.22,2.04,2.65,2.04,1.63,0.61,0.2,0.2,0.82,1.02,1.22,1.02,0.61,0.41,0.41,0.82,1.43,1.43,1.02,1.02,0.82,0.82,0.61,0.41,0.41,0.41,0.61,0.82,0.61,0.82,0.41,1.22,0.82,0.61,0.61,0.82,0.61,0.2,0.2,0.2,0.61,0.82,0.41,0.41,0.2,0.2,0.61,0.61,0.41,0.41,0.2,0.41,0.61,0.82,0.82,1.22,1.22,1.84,2.04,2.65,1.02,0.41
196835,"Northwest Harbor","Neighborhood","NY",1460,"New York-Newark-Jersey City",394913,0.27,0.18,0.18,0.18,0.27,0.18,0.18,0.18,0.18,0.35,0.35,0.27,0.18,0.18,0.27,0.27,0.35,0.44,0.62,0.71,1.24,1.24,1.33,0.8,0.8,1.24,2.3,4.25,6.19,6.46,4.25,2.65,1.95,2.04,2.39,1.86,0.88,0.71,0.8,2.12,3.45,4.42,3.63,1.42,0.35,0.18,0.44,1.5,3.1,2.65,4.25,5.31,3.19,0.62,0.09,0.09,0.09,0.09,0.09,0.18,2.92,3.72,2.21,0.97,1.24,0.62,0.8,0.44,0.27,0.27,0.35,0.44,0.71,0.62,0.44,0.44,0.27,0.27,0.27,0.18,1.06,2.65,3.81,1.77,0.53,0.62,1.33,1.15,0.44,0.18,0.09,0.09,0.09,0.09,0.09,0.18,1.59,5.93,6.99,7.43,7.17,7.52,7.88,7.26,6.55,4.6
274885,"Old Naples","Neighborhood","FL",1462,"Naples-Immokalee-Marco Island",394901,4,4,4,4,4,4,4,4,4,4,2,4,4,2,2,2,2,2,4,6,8,8,6,6,6,8,10,10,10,8,8,10,10,10,6,6,6,4,4,6,6,10,10,10,10,10,8,8,8,4,2,2,4,6,4,2,2,2,2,2,2,2,2,2,8,8,10,10,8,4,2,2,2,4,2,2,4,6,6,2,2,2,2,4,4,2,2,2,2,2,2,4,6,2,4,6,4,2,2,2,2,2,4,10,10,10
25125,"Hillcrest","Neighborhood","FL",1463,"Miami-Fort Lauderdale-West Palm Beach",394856,7.46,5.67,4.48,3.13,4.03,5.07,5.67,6.72,6.57,7.01,6.12,6.57,6.42,7.46,8.81,9.4,9.4,8.51,7.91,7.31,7.46,6.87,7.31,7.01,6.42,7.01,7.31,7.16,7.46,5.22,4.93,6.12,6.57,4.78,2.99,2.69,2.24,2.54,2.09,1.94,3.43,3.88,3.58,2.54,2.69,3.58,4.93,4.78,3.58,3.13,2.69,4.03,5.07,7.01,6.87,4.63,2.84,2.99,3.43,3.28,2.99,1.49,0.9,0.9,1.64,2.39,3.43,3.58,3.73,5.07,5.82,6.12,6.12,6.27,6.72,5.97,3.73,3.88,4.03,5.67,6.12,6.27,6.57,5.37,5.97,4.78,5.37,5.97,7.01,7.76,8.21,7.16,5.97,4.93,3.73,4.48,5.22,7.31,7.76,8.21,8.06,7.46,7.01,5.82,6.27,6.87
273260,"City Center","Neighborhood","FL",1465,"Miami-Fort Lauderdale-West Palm Beach",394856,7.16,7.16,7.31,7.16,6.57,5.52,5.97,6.42,5.07,4.63,4.33,5.97,6.57,6.12,6.42,4.33,3.88,1.79,1.34,1.34,2.24,4.33,5.82,7.76,7.46,6.42,4.33,4.18,4.18,4.18,6.27,7.31,8.36,8.66,7.31,4.03,1.79,1.19,2.54,4.63,8.36,7.16,6.27,5.37,5.97,6.57,5.37,5.37,2.54,2.84,3.28,6.12,2.54,0.9,1.19,2.54,5.97,4.78,3.28,1.34,0.3,0.6,0.3,0.6,0.45,0.9,0.75,1.49,2.09,3.13,4.03,2.99,2.54,1.94,2.09,2.09,2.84,2.39,2.99,2.99,4.03,3.73,2.69,1.79,1.49,1.64,1.79,2.24,2.69,1.64,0.45,0.15,0.3,0.3,0.6,1.34,2.39,3.28,2.84,2.24,1.79,1.94,2.54,2.54,2.09,1.64
261257,"Bluffs","Neighborhood","FL",1469,"Miami-Fort Lauderdale-West Palm Beach",394856,1.79,1.79,1.64,1.94,1.79,0.9,1.34,2.69,6.12,6.12,5.07,3.58,3.28,2.84,2.09,1.64,2.54,4.78,7.01,5.37,3.13,2.09,2.24,3.13,2.84,3.88,3.43,4.33,3.58,6.12,5.82,6.42,4.48,2.24,1.34,1.34,2.69,3.88,2.99,2.09,2.99,4.48,5.82,7.16,8.06,8.21,6.42,5.07,5.22,6.27,7.91,7.76,9.85,9.85,10,9.7,8.06,6.42,7.16,9.25,9.7,9.4,8.36,7.61,8.36,8.96,9.4,8.96,9.25,8.51,8.96,7.46,7.46,6.72,9.1,9.25,9.25,9.25,8.51,8.66,7.46,7.46,7.76,8.81,8.96,9.25,9.25,8.51,7.16,6.27,6.57,6.57,6.27,5.37,5.37,5.37,7.01,7.61,8.51,7.76,7.31,8.81,9.55,10,10,9.4
417175,"Snell Isle","Neighborhood","FL",1470,"Tampa-St. Petersburg-Clearwater",395148,0.32,0.32,0.32,0.32,0.32,0.32,0.32,0.32,0.32,1.29,1.61,2.58,1.94,1.94,1.94,1.61,0.97,1.29,0.97,0.97,1.29,0.97,2.26,3.55,2.58,2.26,2.9,2.58,1.61,1.94,2.26,4.19,4.84,5.81,3.87,2.26,1.61,2.26,1.94,2.26,2.9,2.9,0.97,0.65,0.32,0.32,0.65,1.29,1.29,0.32,0.32,1.29,4.84,2.58,0.32,0.32,0.32,0.32,3.87,8.06,6.45,4.52,2.58,1.29,0.65,0.32,0.32,0.65,1.61,2.9,1.61,1.61,1.61,1.61,1.61,1.61,1.94,3.87,1.61,0.97,0.65,1.29,1.94,2.58,3.87,1.29,0.32,0.32,0.32,0.32,0.32,0.32,0.32,0.65,6.45,6.13,3.23,1.94,0.97,0.97,0.65,0.65,0.32,0.32,0.32,0.32
268915,"Central Beach Alliance","Neighborhood","FL",1472,"Miami-Fort Lauderdale-West Palm Beach",394856,2.54,2.84,5.52,4.33,3.58,2.09,1.49,0.9,1.49,2.39,4.03,4.18,5.82,6.57,8.51,7.46,6.27,5.52,5.52,3.58,1.34,0.75,0.9,1.34,3.13,2.54,2.99,1.79,1.19,1.34,4.48,6.72,5.07,4.48,2.84,2.09,1.49,0.75,0.6,1.04,2.24,5.97,6.42,6.42,6.57,5.82,3.28,0.9,0.6,0.6,1.34,3.28,3.13,2.09,1.64,2.99,3.28,4.03,2.69,2.84,2.24,0.75,0.75,1.19,2.69,5.37,6.57,7.61,6.72,6.42,4.63,4.33,4.03,4.48,4.33,4.78,3.88,3.43,1.79,1.34,1.64,1.49,2.24,2.99,3.28,2.84,2.24,2.54,3.58,5.52,5.07,3.58,4.18,3.43,4.78,3.43,3.13,4.33,5.82,6.27,5.52,6.12,6.57,6.87,5.07,3.88
222773,"Port Royal","Neighborhood","SC",1473,"Hilton Head Island-Bluffton-Beaufort",394681,8.33,6.67,8.33,8.33,8.33,6.67,6.67,6.67,5,3.33,1.67,1.67,1.67,1.67,1.67,1.67,1.67,1.67,5,6.67,8.33,6.67,6.67,6.67,8.33,8.33,6.67,6.67,6.67,6.67,6.67,3.33,3.33,6.67,5,5,5,6.67,8.33,8.33,10,8.33,6.67,3.33,3.33,6.67,6.67,8.33,8.33,6.67,6.67,3.33,3.33,3.33,1.67,5,6.67,8.33,6.67,1.67,1.67,3.33,3.33,3.33,3.33,1.67,3.33,5,6.67,5,5,1.67,1.67,1.67,1.67,8.33,8.33,5,6.67,1.67,3.33,3.33,3.33,6.67,6.67,6.67,5,5,6.67,8.33,8.33,8.33,6.67,6.67,6.67,8.33,10,6.67,8.33,10,8.33,6.67,6.67,6.67,8.33,10
343974,"Downtown","Neighborhood","FL",1475,"North Port-Sarasota-Bradenton",753906,0.71,0.71,0.71,0.71,0.71,0.71,0.71,0.71,0.71,0.71,4.29,0.71,0.71,0.71,0.71,0.71,0.71,2.14,7.14,6.43,4.29,2.14,1.43,0.71,0.71,0.71,0.71,3.57,6.43,3.57,4.29,2.86,3.57,0.71,1.43,1.43,9.29,10,10,8.57,4.29,2.14,4.29,0.71,0.71,1.43,2.14,1.43,1.43,2.86,5.71,8.57,10,10,10,7.86,5.71,3.57,4.29,3.57,3.57,1.43,1.43,1.43,5.71,0.71,1.43,0.71,1.43,0.71,1.43,1.43,5.71,5.71,5,0.71,0.71,0.71,0.71,0.71,0.71,0.71,1.43,1.43,0.71,0.71,0.71,2.86,7.14,9.29,7.14,5.71,3.57,1.43,0.71,1.43,1.43,1.43,1.43,1.43,2.14,2.14,1.43,1.43,0.71,0.71
188554,"Clearbrook Park","Neighborhood","NJ",1478,"New York-Newark-Jersey City",394913,7.52,7.88,8.67,8.76,8.94,6.64,6.11,6.11,8.32,9.47,9.56,9.03,8.41,7.96,7.61,6.73,5.75,7.61,8.76,9.91,9.73,9.82,9.73,9.91,9.91,9.82,9.73,9.2,8.67,9.12,9.12,9.12,9.38,9.91,9.91,10,10,10,10,10,9.91,9.91,10,10,10,10,10,10,10,10,10,9.91,10,10,9.91,10,10,9.82,9.56,9.56,9.38,9.47,8.85,5.84,6.99,9.73,10,10,10,10,10,10,10,10,10,10,9.91,9.91,9.91,9.91,10,10,10,10,10,10,10,10,10,10,10,9.91,9.91,9.91,9.91,9.91,9.91,10,10,10,10,9.91,9.91,9.73,9.03,8.94
763590,"Godley Station","Neighborhood","GA",1480,"Savannah",395070,10,10,10,10,10,10,10,10,10,10,10,10,10,10,10,10,10,10,10,10,10,10,10,10,10,10,3.33,3.33,3.33,3.33,3.33,6.67,10,10,6.67,10,10,10,3.33,3.33,3.33,3.33,3.33,3.33,3.33,3.33,6.67,6.67,6.67,3.33,3.33,3.33,3.33,6.67,6.67,6.67,6.67,10,10,10,6.67,3.33,3.33,3.33,3.33,10,10,10,6.67,3.33,6.67,6.67,6.67,6.67,6.67,3.33,3.33,3.33,3.33,3.33,3.33,3.33,3.33,3.33,3.33,3.33,3.33,3.33,3.33,3.33,6.67,10,6.67,3.33,3.33,3.33,3.33,3.33,3.33,3.33,3.33,6.67,6.67,6.67,6.67,6.67
6230,"North Ocean City","Neighborhood","MD",1481,"Salisbury",395051,6.67,6.67,6.67,6.67,6.67,6.67,3.33,3.33,6.67,6.67,6.67,6.67,6.67,3.33,3.33,3.33,3.33,3.33,3.33,3.33,3.33,3.33,3.33,3.33,6.67,10,10,10,10,10,10,10,10,10,6.67,10,10,6.67,6.67,6.67,6.67,6.67,6.67,3.33,3.33,3.33,3.33,3.33,3.33,3.33,6.67,6.67,6.67,6.67,6.67,6.67,10,6.67,6.67,6.67,6.67,6.67,3.33,3.33,3.33,3.33,6.67,6.67,10,10,10,6.67,6.67,6.67,6.67,10,10,10,6.67,3.33,3.33,3.33,6.67,10,10,6.67,10,10,10,10,10,6.67,10,10,10,10,10,10,6.67,3.33,3.33,3.33,6.67,6.67,10,10
273801,"Galt Mile","Neighborhood","FL",1482,"Miami-Fort Lauderdale-West Palm Beach",394856,2.69,6.87,7.61,6.57,5.07,3.13,1.19,0.6,0.6,1.04,1.79,1.34,1.79,1.64,4.03,3.28,3.28,2.69,2.09,1.64,1.19,1.94,1.94,2.39,1.64,1.49,1.04,1.49,2.99,4.93,4.63,2.84,1.49,0.75,0.6,0.6,0.9,0.9,0.9,1.34,1.19,1.49,1.64,1.49,1.79,1.19,0.75,0.45,1.34,4.78,7.01,8.81,7.61,4.78,2.54,1.64,0.75,1.04,0.75,0.9,0.6,1.34,2.39,4.18,6.27,6.57,6.27,3.88,3.13,2.69,2.69,2.09,1.34,1.79,1.49,1.34,0.75,0.75,2.09,3.88,3.88,3.28,1.94,1.34,2.09,2.69,3.73,5.37,5.37,5.07,4.48,4.33,5.07,5.07,4.18,2.99,2.54,2.54,2.54,2.99,3.43,3.88,3.43,3.28,2.54,2.24
274550,"Miramar","Neighborhood","FL",1484,"Jacksonville",394714,0.33,0.67,0.67,0.33,0.33,0.33,0.33,0.33,0.33,0.33,0.67,0.67,0.67,0.67,0.67,0.67,0.67,0.67,0.33,0.33,0.33,0.33,0.67,0.67,1,2,3,3,3.33,3.33,2.67,2.67,3,2.67,2,4,3.67,4.33,2.33,1.67,1.67,3,5,5.33,5,3.33,2.67,2.33,3,3,4.67,7.33,6.67,4.67,3.67,2.67,2.67,3,4,5,5.33,2.67,3,3.33,3.33,3.33,2.67,1,1,0.67,0.33,0.33,0.33,0.33,0.33,0.33,0.67,1,1.33,0.67,0.67,0.67,0.67,2,2.33,1.67,0.67,1.33,2,2.33,2.33,1.67,2,2,2.33,2.33,2.67,3,4.33,4,4.33,2.33,2.33,1.67,1.33,1
344036,"Five Mile-Prairie","Neighborhood","WA",1485,"Spokane-Spokane Valley",395113,8.75,8.75,10,10,10,10,10,10,10,7.5,6.25,5,6.25,6.25,7.5,7.5,7.5,5,2.5,1.25,1.25,1.25,1.25,1.25,1.25,1.25,1.25,1.25,1.25,3.75,2.5,2.5,3.75,5,10,8.75,6.25,3.75,3.75,3.75,3.75,5,2.5,1.25,1.25,2.5,2.5,2.5,2.5,2.5,2.5,2.5,2.5,5,6.25,7.5,2.5,2.5,2.5,2.5,6.25,8.75,8.75,6.25,6.25,3.75,3.75,3.75,2.5,2.5,2.5,2.5,2.5,3.75,3.75,2.5,2.5,3.75,5,2.5,2.5,2.5,2.5,2.5,2.5,2.5,2.5,5,2.5,2.5,2.5,3.75,3.75,2.5,2.5,2.5,1.25,1.25,1.25,1.25,3.75,5,3.75,3.75,2.5,3.75
399509,"Atlantic Station","Neighborhood","GA",1486,"Atlanta-Sandy Springs-Roswell",394347,3.16,3.16,3.16,2.11,3.16,3.68,3.16,3.16,3.68,3.16,3.16,3.16,3.68,6.84,8.42,9.47,10,9.47,8.95,10,10,10,10,10,10,8.95,7.89,9.47,9.47,10,10,10,9.47,6.84,6.32,5.79,7.37,6.84,3.16,3.16,3.68,5.26,4.21,2.63,2.63,3.68,3.68,2.11,2.11,1.05,1.05,1.05,0.53,0.53,0.53,0.53,1.58,4.21,4.21,4.21,4.21,5.79,5.79,5.26,3.16,2.63,4.21,5.26,5.26,5.26,6.32,5.79,4.21,4.21,1.58,1.58,1.58,2.11,2.63,5.26,5.79,4.74,4.21,3.16,3.68,3.68,4.21,6.32,7.37,6.84,5.26,4.21,3.68,5.26,7.89,10,8.42,2.63,2.11,1.05,1.58,1.58,1.05,1.05,2.63,5.79
763106,"Coronado Beach","Neighborhood","FL",1487,"Deltona-Daytona Beach-Ormond Beach",394528,3.33,3.33,3.33,3.33,3.33,3.33,3.33,3.33,3.33,3.33,3.33,3.33,3.33,3.33,3.33,3.33,3.33,3.33,3.33,3.33,3.33,3.33,3.33,3.33,6.67,6.67,6.67,6.67,6.67,6.67,6.67,6.67,3.33,3.33,3.33,3.33,3.33,6.67,6.67,6.67,6.67,6.67,6.67,6.67,6.67,3.33,6.67,6.67,6.67,6.67,10,10,10,10,6.67,6.67,6.67,10,10,10,3.33,3.33,3.33,3.33,6.67,6.67,6.67,6.67,6.67,3.33,3.33,3.33,3.33,3.33,3.33,3.33,3.33,3.33,3.33,3.33,3.33,3.33,6.67,6.67,6.67,6.67,6.67,3.33,3.33,3.33,3.33,3.33,3.33,3.33,3.33,3.33,3.33,3.33,3.33,3.33,6.67,3.33,3.33,3.33,3.33,3.33
222536,"Palmetto Dunes","Neighborhood","SC",1490,"Hilton Head Island-Bluffton-Beaufort",394681,5,5,6.67,6.67,6.67,8.33,8.33,8.33,6.67,6.67,5,5,5,5,6.67,8.33,8.33,8.33,8.33,8.33,5,5,3.33,1.67,1.67,1.67,1.67,1.67,5,5,1.67,1.67,1.67,1.67,6.67,6.67,8.33,8.33,6.67,6.67,6.67,6.67,5,1.67,1.67,1.67,3.33,3.33,1.67,1.67,3.33,6.67,6.67,1.67,3.33,3.33,3.33,5,1.67,3.33,3.33,1.67,1.67,1.67,1.67,3.33,1.67,1.67,3.33,6.67,8.33,6.67,5,8.33,8.33,5,1.67,1.67,1.67,3.33,10,6.67,5,3.33,1.67,1.67,1.67,1.67,1.67,3.33,3.33,5,10,8.33,5,3.33,1.67,1.67,1.67,1.67,1.67,1.67,5,5,6.67,6.67
274231,"Lake Las Vegas","Neighborhood","NV",1491,"Las Vegas-Henderson-Paradise",394775,3.06,4.69,3.88,2.24,0.61,0.61,2.45,2.65,5.51,5.51,2.24,0.41,0.2,0.2,0.2,0.2,0.2,1.22,2.04,3.47,3.47,2.24,1.84,4.08,8.98,9.18,2.45,0.2,0.2,0.41,1.22,5.51,0.82,0.41,0.2,1.22,1.43,1.02,0.61,0.82,0.61,1.02,1.63,2.45,2.65,1.02,0.61,1.63,2.24,4.9,1.22,0.41,0.2,0.2,0.2,0.2,0.2,0.2,0.2,0.41,0.61,0.41,0.2,0.41,0.61,0.61,0.2,0.2,0.2,0.2,0.41,0.41,0.82,0.61,1.02,0.2,0.2,0.2,0.2,0.2,0.2,0.41,0.41,0.41,0.41,0.41,0.61,0.82,0.82,0.61,0.41,0.41,0.82,0.61,0.41,0.2,0.2,0.2,0.2,0.2,0.2,0.2,0.2,0.2,0.61,0.61
56772,"Singer Island","Neighborhood","FL",1492,"Miami-Fort Lauderdale-West Palm Beach",394856,1.19,1.34,1.94,2.24,2.69,2.39,1.64,1.19,1.19,1.34,2.39,1.49,0.75,0.45,0.9,1.79,1.79,1.64,2.24,2.99,4.78,1.64,0.75,0.3,0.15,0.15,0.15,0.15,0.15,0.3,0.3,0.45,0.6,0.6,0.45,0.45,0.75,1.04,1.04,0.75,0.6,0.6,1.04,1.64,3.13,2.69,2.84,1.19,0.75,0.75,0.6,0.75,2.99,4.93,5.07,3.13,1.49,0.9,1.04,2.09,2.39,1.64,1.64,1.64,1.94,1.49,1.49,1.34,1.19,1.64,2.54,3.43,4.33,3.43,3.58,3.73,5.37,4.78,5.22,4.33,3.13,2.24,1.34,1.64,2.24,1.79,0.75,0.6,0.9,3.13,4.18,3.28,2.24,1.49,1.04,0.15,0.15,0.6,1.79,4.48,4.03,3.73,3.28,3.43,1.34,0.3
276231,"Calico Ridge","Neighborhood","NV",1493,"Las Vegas-Henderson-Paradise",394775,7.76,7.96,6.94,7.76,8.16,8.57,9.8,9.39,9.18,8.98,7.35,1.22,0.61,0.41,1.02,2.65,0.82,0.41,0.2,0.61,1.02,3.27,4.29,3.47,3.47,3.67,3.88,4.29,5.1,5.71,8.57,8.78,9.59,7.55,1.43,0.61,0.61,0.82,1.43,2.24,2.04,3.27,1.43,0.61,0.2,0.2,0.2,1.43,1.43,1.43,0.82,0.82,1.22,1.63,1.63,0.61,0.41,0.61,2.04,7.55,7.14,2.86,1.84,0.82,0.41,0.2,0.41,0.61,1.02,0.61,0.2,0.2,0.2,0.41,0.61,0.61,0.41,0.41,0.41,0.41,0.41,0.61,0.61,1.43,1.43,1.63,1.02,2.04,2.45,3.67,3.06,0.82,0.2,0.2,1.63,3.47,3.67,2.04,1.63,2.04,2.86,3.06,2.45,1.02,0.2,0.2
125152,"Lower Grand Lagoon","Neighborhood","FL",1494,"Panama City",394960,10,10,10,10,10,10,10,10,10,10,10,10,3.33,3.33,3.33,10,10,10,10,10,6.67,6.67,6.67,3.33,6.67,6.67,10,10,10,10,10,10,10,6.67,6.67,10,10,10,10,6.67,6.67,6.67,10,10,10,6.67,6.67,6.67,3.33,6.67,10,10,10,10,10,10,10,6.67,6.67,6.67,10,10,10,10,10,10,10,10,10,10,10,10,10,10,10,10,10,10,10,6.67,6.67,3.33,6.67,10,6.67,6.67,6.67,6.67,6.67,10,10,10,10,6.67,6.67,6.67,10,10,10,6.67,3.33,3.33,6.67,6.67,6.67,3.33
762267,"Channel Islands","Neighborhood","CA",1496,"Oxnard-Thousand Oaks-Ventura",394952,5,5,5,5,5,5,5,10,10,10,5,5,5,5,5,5,5,5,5,5,5,5,5,5,5,5,10,10,10,5,5,5,5,5,5,5,5,5,5,5,5,5,5,5,5,5,5,5,5,5,10,10,10,10,10,5,5,5,5,5,5,5,5,5,5,5,5,5,5,5,5,5,5,5,5,5,5,5,5,5,5,5,5,5,5,10,5,5,5,5,5,5,5,5,5,5,5,5,5,5,5,5,5,5,5,5
273481,"Downtown","Neighborhood","FL",1497,"Miami-Fort Lauderdale-West Palm Beach",394856,9.7,9.7,9.85,10,10,10,10,10,10,10,10,10,8.06,6.27,6.87,6.12,6.12,8.06,9.4,10,9.1,4.63,1.04,0.9,0.75,1.19,1.19,3.13,2.54,4.03,3.58,1.64,1.94,1.64,1.79,0.75,0.45,0.6,0.75,1.64,2.69,3.28,2.24,1.19,0.45,0.3,0.45,1.04,2.39,2.09,2.99,2.39,1.19,2.39,2.39,3.43,2.39,1.49,1.64,1.04,0.9,0.9,1.49,2.24,3.43,2.69,1.04,0.3,0.3,0.45,0.6,1.04,2.84,2.99,3.28,2.99,3.58,4.33,3.28,1.94,0.9,0.9,0.75,0.6,0.45,0.45,0.9,1.19,1.94,2.54,1.79,1.94,3.43,4.48,2.54,1.04,0.6,0.9,1.49,1.79,2.24,1.79,1.94,1.19,0.75,0.75
50415,"Cedar Glen","Neighborhood","CA",1499,"Riverside-San Bernardino-Ontario",395025,1.43,2.14,5.71,6.43,8.57,7.86,6.43,3.57,1.43,1.43,0.71,0.71,2.14,1.43,0.71,0.71,1.43,1.43,1.43,1.43,3.57,1.43,2.14,1.43,1.43,1.43,2.14,0.71,0.71,0.71,0.71,0.71,0.71,0.71,0.71,0.71,0.71,0.71,0.71,0.71,1.43,0.71,0.71,0.71,0.71,0.71,0.71,0.71,0.71,0.71,0.71,1.43,1.43,2.86,2.14,2.14,1.43,1.43,0.71,0.71,0.71,0.71,1.43,2.14,2.86,1.43,1.43,1.43,0.71,0.71,0.71,0.71,0.71,0.71,0.71,0.71,0.71,0.71,0.71,1.43,1.43,1.43,1.43,1.43,0.71,0.71,0.71,0.71,0.71,0.71,0.71,0.71,0.71,0.71,0.71,0.71,0.71,0.71,1.43,1.43,2.86,2.86,2.14,2.86,2.86,1.43
221143,"Forest Beach","Neighborhood","SC",1501,"Hilton Head Island-Bluffton-Beaufort",394681,10,10,10,10,10,10,10,10,10,10,10,10,8.33,10,10,10,10,10,10,10,10,10,10,10,10,10,10,10,10,10,10,10,10,10,10,10,10,10,10,10,8.33,10,10,10,8.33,5,5,5,5,5,1.67,1.67,1.67,6.67,10,10,10,10,10,10,6.67,8.33,8.33,10,10,6.67,5,3.33,1.67,1.67,1.67,3.33,3.33,3.33,3.33,3.33,10,10,10,6.67,5,8.33,10,10,10,10,10,10,10,10,10,10,8.33,10,8.33,6.67,6.67,10,10,8.33,10,10,8.33,8.33,5,5
274758,"North Valleys","Neighborhood","NV",1502,"Reno",395019,7.5,3.75,3.75,3.75,6.25,7.5,10,10,8.75,6.25,5,5,6.25,6.25,3.75,3.75,6.25,6.25,6.25,6.25,5,7.5,7.5,8.75,3.75,5,5,7.5,8.75,8.75,8.75,8.75,8.75,8.75,8.75,7.5,8.75,8.75,10,8.75,8.75,7.5,8.75,8.75,8.75,10,10,8.75,8.75,8.75,10,8.75,6.25,7.5,7.5,8.75,8.75,10,10,8.75,8.75,8.75,8.75,8.75,8.75,8.75,8.75,8.75,7.5,6.25,7.5,7.5,7.5,7.5,6.25,6.25,6.25,6.25,7.5,8.75,10,10,10,10,8.75,8.75,8.75,8.75,8.75,10,8.75,8.75,7.5,6.25,7.5,8.75,7.5,6.25,3.75,3.75,6.25,8.75,10,10,10,10
416182,"Isla Del Sol","Neighborhood","FL",1508,"Tampa-St. Petersburg-Clearwater",395148,0.97,1.29,2.26,2.58,2.26,2.26,1.94,2.58,2.58,3.23,2.58,0.65,0.32,0.32,1.61,3.23,4.84,3.23,2.26,1.61,1.61,2.58,6.13,6.45,5.16,1.61,1.61,1.61,2.9,2.26,1.61,0.32,0.32,0.32,0.65,0.32,0.32,1.29,2.26,2.58,3.23,4.52,5.48,5.48,6.45,6.13,7.74,8.39,7.74,6.77,4.84,3.87,3.23,3.23,2.9,3.55,3.87,5.16,5.48,3.87,2.58,0.97,1.29,1.94,4.19,4.52,4.52,1.94,1.94,0.97,0.97,0.97,0.97,0.97,0.97,3.23,4.19,7.42,7.74,8.71,8.39,9.03,8.39,4.84,2.58,3.23,6.77,8.06,5.81,5.48,5.81,7.74,9.35,9.35,8.71,5.48,6.45,8.39,10,10,10,8.71,6.13,6.77,7.42,6.13
343271,"Clearwater Beach Association","Neighborhood","FL",1509,"Tampa-St. Petersburg-Clearwater",395148,4.19,5.48,6.13,4.52,3.23,1.94,1.29,1.61,1.61,0.97,0.65,1.29,1.61,0.97,0.32,0.65,1.94,2.9,3.55,1.94,2.58,2.9,2.58,1.61,0.97,1.29,0.65,0.65,0.32,0.97,1.94,1.61,0.97,0.65,0.32,0.65,1.29,0.97,2.58,3.23,5.81,7.42,7.42,4.52,2.58,1.94,0.97,1.61,3.55,7.74,8.71,7.1,6.13,4.19,1.61,1.29,0.97,1.61,1.94,1.94,0.32,0.32,0.32,0.97,1.29,2.9,3.87,3.87,0.97,0.32,0.32,0.32,0.65,0.32,0.65,0.65,1.61,2.58,2.9,2.58,3.23,4.52,3.23,2.26,1.94,1.61,1.29,0.97,0.97,0.97,2.26,1.61,0.97,0.32,0.65,1.29,1.94,1.61,0.65,0.65,1.61,1.94,2.58,1.61,0.65,0.65
343306,"Island Estate Civic Association","Neighborhood","FL",1512,"Tampa-St. Petersburg-Clearwater",395148,4.52,4.52,4.19,5.16,4.84,5.81,5.81,6.45,4.84,2.58,2.26,2.9,2.58,2.26,2.58,2.58,2.26,1.61,0.65,0.65,0.32,0.32,0.32,0.32,0.65,0.65,1.29,1.94,2.58,1.29,0.32,0.65,1.29,2.26,3.23,4.19,4.52,2.58,3.23,2.9,4.52,3.23,2.58,1.29,1.61,2.58,1.94,0.65,0.32,0.65,1.61,3.55,7.42,6.45,5.16,1.94,1.94,2.58,2.58,2.58,1.29,2.58,3.23,5.48,2.9,3.23,3.55,5.81,3.23,1.61,0.65,0.65,0.32,0.65,0.32,1.29,2.26,4.84,1.94,0.65,0.32,0.32,0.65,0.32,0.32,0.32,0.65,1.61,2.9,1.61,0.97,1.94,1.61,1.29,1.94,2.58,1.29,2.26,1.94,3.23,5.48,6.13,3.55,1.94,1.29,0.97
343331,"Sand Key Civic Association","Neighborhood","FL",1513,"Tampa-St. Petersburg-Clearwater",395148,3.87,6.13,8.39,7.74,6.13,3.55,2.58,2.26,3.55,5.16,3.23,1.94,0.65,0.65,1.29,1.29,0.65,0.65,1.29,3.87,4.19,3.23,3.55,4.84,5.48,2.9,1.94,1.29,0.65,0.32,0.65,2.26,2.26,1.29,0.97,1.94,2.58,2.9,1.61,1.29,0.97,1.61,3.55,2.58,1.29,0.65,0.32,0.32,0.65,1.29,0.65,0.32,0.65,1.61,3.23,3.23,2.58,1.29,1.29,1.61,3.87,5.48,6.77,3.23,2.58,1.29,0.97,0.97,0.65,1.29,2.26,2.58,3.55,3.23,2.26,1.94,1.29,1.29,0.65,0.32,0.97,0.97,0.97,0.97,0.65,0.65,1.61,4.19,4.84,4.52,4.19,3.55,4.84,5.48,3.23,0.97,0.65,0.65,1.29,1.94,1.94,1.61,1.29,2.9,3.23,1.94
762209,"Midtown","Neighborhood","MD",1515,"Salisbury",395051,3.33,3.33,3.33,3.33,3.33,3.33,6.67,6.67,3.33,3.33,3.33,3.33,3.33,6.67,6.67,6.67,6.67,6.67,6.67,10,10,6.67,6.67,6.67,3.33,6.67,6.67,6.67,6.67,6.67,6.67,6.67,6.67,6.67,10,6.67,3.33,3.33,3.33,3.33,3.33,3.33,3.33,6.67,6.67,6.67,6.67,6.67,6.67,10,10,10,10,10,10,10,3.33,3.33,3.33,3.33,3.33,3.33,6.67,6.67,6.67,6.67,3.33,3.33,6.67,6.67,6.67,3.33,3.33,3.33,3.33,3.33,3.33,6.67,10,10,10,10,10,6.67,6.67,10,6.67,6.67,6.67,6.67,3.33,3.33,3.33,6.67,6.67,6.67,6.67,6.67,10,10,6.67,10,10,10,6.67,6.67
416183,"Bayway Isles","Neighborhood","FL",1516,"Tampa-St. Petersburg-Clearwater",395148,0.65,0.65,0.65,0.65,0.65,0.65,0.97,0.97,0.65,0.32,0.32,0.32,0.97,1.61,2.9,3.87,4.19,1.94,0.32,0.32,0.65,0.65,0.65,0.65,0.32,0.32,0.32,0.32,0.97,1.61,2.58,1.94,1.94,1.94,1.94,1.29,0.97,0.32,0.32,0.65,0.65,0.97,1.94,2.9,2.26,1.61,2.26,0.97,0.97,0.97,0.97,0.97,0.97,1.29,4.19,3.87,2.9,1.94,1.61,0.97,0.97,1.61,1.94,1.61,1.94,2.26,1.94,1.29,1.29,0.65,1.29,1.29,1.29,1.94,2.9,4.52,2.9,1.94,2.58,6.13,7.42,6.13,1.61,1.29,1.29,2.58,4.84,5.16,5.16,6.13,7.1,7.1,3.55,1.94,0.32,0.65,0.97,1.29,2.26,4.19,7.74,8.06,5.81,5.81,5.81,5.16
762210,"Boardwalk-Inlet","Neighborhood","MD",1519,"Salisbury",395051,10,10,10,10,10,10,10,10,10,10,10,10,10,10,10,10,10,10,10,6.67,6.67,10,10,10,10,3.33,3.33,3.33,3.33,3.33,3.33,3.33,3.33,3.33,3.33,3.33,6.67,10,10,10,10,10,10,10,10,10,10,10,10,6.67,3.33,3.33,3.33,3.33,3.33,3.33,6.67,10,10,10,10,10,10,10,10,10,10,10,3.33,3.33,3.33,10,10,10,10,6.67,6.67,3.33,3.33,6.67,6.67,6.67,3.33,3.33,3.33,3.33,3.33,3.33,3.33,3.33,6.67,10,6.67,3.33,3.33,3.33,3.33,3.33,3.33,6.67,10,6.67,3.33,3.33,3.33,3.33
125928,"River Park","Neighborhood","FL",1524,"Port St. Lucie",394995,6.67,10,6.67,6.67,6.67,6.67,10,10,10,10,10,10,10,10,10,10,10,10,10,10,3.33,6.67,10,10,10,10,10,10,6.67,3.33,3.33,6.67,6.67,6.67,6.67,10,10,10,10,10,10,10,10,10,10,10,10,6.67,6.67,6.67,6.67,3.33,3.33,3.33,6.67,6.67,6.67,6.67,10,10,10,10,10,10,10,10,10,6.67,10,10,10,10,10,6.67,3.33,3.33,6.67,6.67,6.67,6.67,6.67,6.67,10,10,10,3.33,3.33,3.33,6.67,10,10,10,10,10,10,10,10,10,10,10,10,10,10,10,10,10
763095,"North Village","Neighborhood","FL",1525,"Deltona-Daytona Beach-Ormond Beach",394528,10,10,10,10,6.67,6.67,6.67,10,6.67,6.67,6.67,6.67,6.67,10,10,10,10,10,10,10,10,10,10,10,10,10,10,10,10,10,10,10,10,10,10,6.67,6.67,3.33,3.33,3.33,3.33,3.33,3.33,3.33,3.33,6.67,3.33,3.33,3.33,3.33,3.33,3.33,3.33,3.33,3.33,3.33,3.33,3.33,3.33,3.33,6.67,6.67,6.67,6.67,3.33,3.33,3.33,3.33,3.33,6.67,6.67,10,10,6.67,6.67,6.67,6.67,6.67,6.67,10,6.67,6.67,3.33,3.33,3.33,3.33,3.33,6.67,6.67,6.67,6.67,6.67,10,10,10,10,10,10,6.67,6.67,3.33,6.67,10,10,10,10
123711,"Boca West","Neighborhood","FL",NA,"Miami-Fort Lauderdale-West Palm Beach",394856,0.3,0.3,0.3,0.3,0.3,0.3,0.3,0.3,0.3,0.3,0.3,0.3,0.15,0.15,0.15,0.15,0.15,0.15,0.15,0.3,0.75,1.04,1.19,1.19,1.04,0.75,0.75,0.75,0.45,0.6,0.6,0.3,0.3,0.15,0.15,0.15,0.15,0.3,0.3,0.3,0.3,0.3,0.15,0.3,0.15,0.15,0.15,0.15,0.15,0.15,0.15,0.3,0.15,0.15,0.3,0.15,0.15,0.15,0.15,0.15,0.15,0.15,0.15,0.15,0.15,0.75,0.15,0.15,0.15,0.3,0.15,0.3,0.15,0.15,0.15,0.15,0.15,0.3,0.3,0.3,0.75,0.75,0.45,0.45,0.3,0.6,0.6,0.75,1.79,3.58,6.27,4.78,2.84,0.9,0.45,0.3,0.45,0.15,0.15,0.15,0.15,0.15,0.15,0.3,0.6,1.49
